100 4950
1 2 131
1 3 32
1 4 95
1 5 213
1 6 163
1 7 68
1 8 120
1 9 15
1 10 65
1 11 57
1 12 215
1 13 264
1 14 181
1 15 24
1 16 268
1 17 17
1 18 196
1 19 110
1 20 126
1 21 158
1 22 270
1 23 36
1 24 287
1 25 86
1 26 185
1 27 189
1 28 207
1 29 6
1 30 42
1 31 11
1 32 232
1 33 136
1 34 49
1 35 77
1 36 203
1 37 253
1 38 42
1 39 54
1 40 244
1 41 152
1 42 233
1 43 95
1 44 98
1 45 278
1 46 103
1 47 27
1 48 288
1 49 203
1 50 186
1 51 242
1 52 105
1 53 198
1 54 160
1 55 248
1 56 144
1 57 92
1 58 88
1 59 5
1 60 251
1 61 81
1 62 55
1 63 60
1 64 185
1 65 211
1 66 27
1 67 274
1 68 87
1 69 276
1 70 265
1 71 9
1 72 201
1 73 155
1 74 185
1 75 247
1 76 106
1 77 7
1 78 57
1 79 254
1 80 78
1 81 229
1 82 23
1 83 75
1 84 127
1 85 167
1 86 70
1 87 2
1 88 71
1 89 283
1 90 175
1 91 93
1 92 60
1 93 55
1 94 165
1 95 42
1 96 135
1 97 147
1 98 85
1 99 183
1 100 270
2 3 114
2 4 107
2 5 43
2 6 9
2 7 124
2 8 242
2 9 205
2 10 19
2 11 86
2 12 51
2 13 123
2 14 110
2 15 241
2 16 209
2 17 103
2 18 272
2 19 49
2 20 218
2 21 81
2 22 68
2 23 90
2 24 34
2 25 267
2 26 82
2 27 98
2 28 37
2 29 235
2 30 147
2 31 182
2 32 119
2 33 287
2 34 245
2 35 94
2 36 230
2 37 213
2 38 140
2 39 242
2 40 238
2 41 78
2 42 29
2 43 199
2 44 31
2 45 162
2 46 268
2 47 295
2 48 41
2 49 92
2 50 196
2 51 109
2 52 117
2 53 251
2 54 36
2 55 199
2 56 43
2 57 143
2 58 284
2 59 54
2 60 277
2 61 255
2 62 248
2 63 43
2 64 252
2 65 270
2 66 65
2 67 98
2 68 196
2 69 68
2 70 130
2 71 56
2 72 201
2 73 245
2 74 236
2 75 164
2 76 291
2 77 26
2 78 242
2 79 187
2 80 29
2 81 53
2 82 232
2 83 192
2 84 296
2 85 89
2 86 236
2 87 205
2 88 255
2 89 31
2 90 186
2 91 113
2 92 154
2 93 62
2 94 59
2 95 97
2 96 178
2 97 231
2 98 192
2 99 16
2 100 296
3 4 280
3 5 283
3 6 152
3 7 215
3 8 277
3 9 66
3 10 251
3 11 114
3 12 115
3 13 274
3 14 261
3 15 174
3 16 232
3 17 264
3 18 153
3 19 273
3 20 292
3 21 41
3 22 177
3 23 140
3 24 249
3 25 213
3 26 244
3 27 74
3 28 56
3 29 252
3 30 193
3 31 244
3 32 170
3 33 105
3 34 83
3 35 12
3 36 95
3 37 272
3 38 140
3 39 207
3 40 275
3 41 263
3 42 117
3 43 1
3 44 58
3 45 115
3 46 157
3 47 60
3 48 236
3 49 80
3 50 177
3 51 288
3 52 220
3 53 215
3 54 218
3 55 279
3 56 85
3 57 75
3 58 286
3 59 68
3 60 87
3 61 109
3 62 0
3 63 219
3 64 55
3 65 264
3 66 114
3 67 245
3 68 88
3 69 296
3 70 141
3 71 21
3 72 151
3 73 117
3 74 164
3 75 32
3 76 121
3 77 271
3 78 95
3 79 167
3 80 112
3 81 118
3 82 90
3 83 271
3 84 104
3 85 81
3 86 72
3 87 194
3 88 187
3 89 273
3 90 70
3 91 175
3 92 191
3 93 3
3 94 130
3 95 72
3 96 200
3 97 45
3 98 129
3 99 224
3 100 94
4 5 289
4 6 163
4 7 28
4 8 157
4 9 177
4 10 222
4 11 120
4 12 222
4 13 28
4 14 199
4 15 10
4 16 148
4 17 53
4 18 53
4 19 269
4 20 174
4 21 40
4 22 119
4 23 46
4 24 62
4 25 114
4 26 83
4 27 24
4 28 1
4 29 205
4 30 45
4 31 160
4 32 47
4 33 29
4 34 20
4 35 278
4 36 94
4 37 184
4 38 196
4 39 73
4 40 150
4 41 97
4 42 207
4 43 279
4 44 158
4 45 94
4 46 293
4 47 25
4 48 291
4 49 148
4 50 23
4 51 136
4 52 28
4 53 259
4 54 156
4 55 93
4 56 52
4 57 292
4 58 20
4 59 181
4 60 239
4 61 110
4 62 142
4 63 159
4 64 20
4 65 251
4 66 77
4 67 123
4 68 53
4 69 41
4 70 93
4 71 201
4 72 56
4 73 119
4 74 40
4 75 104
4 76 46
4 77 150
4 78 221
4 79 72
4 80 167
4 81 190
4 82 52
4 83 122
4 84 263
4 85 201
4 86 275
4 87 282
4 88 155
4 89 8
4 90 202
4 91 50
4 92 132
4 93 94
4 94 113
4 95 215
4 96 186
4 97 177
4 98 108
4 99 267
4 100 242
5 6 183
5 7 8
5 8 163
5 9 168
5 10 244
5 11 299
5 12 35
5 13 135
5 14 58
5 15 251
5 16 74
5 17 134
5 18 232
5 19 259
5 20 139
5 21 284
5 22 50
5 23 233
5 24 135
5 25 73
5 26 295
5 27 149
5 28 186
5 29 82
5 30 202
5 31 188
5 32 71
5 33 57
5 34 217
5 35 181
5 36 91
5 37 34
5 38 283
5 39 273
5 40 130
5 41 22
5 42 138
5 43 144
5 44 153
5 45 14
5 46 158
5 47 13
5 48 161
5 49 190
5 50 283
5 51 259
5 52 175
5 53 43
5 54 185
5 55 203
5 56 131
5 57 103
5 58 98
5 59 57
5 60 270
5 61 230
5 62 278
5 63 179
5 64 213
5 65 263
5 66 32
5 67 78
5 68 123
5 69 36
5 70 179
5 71 247
5 72 172
5 73 229
5 74 18
5 75 251
5 76 294
5 77 209
5 78 277
5 79 283
5 80 18
5 81 118
5 82 25
5 83 91
5 84 239
5 85 91
5 86 94
5 87 161
5 88 251
5 89 28
5 90 59
5 91 205
5 92 79
5 93 285
5 94 158
5 95 182
5 96 239
5 97 61
5 98 14
5 99 126
5 100 55
6 7 274
6 8 86
6 9 181
6 10 186
6 11 53
6 12 261
6 13 142
6 14 192
6 15 17
6 16 278
6 17 242
6 18 32
6 19 80
6 20 190
6 21 152
6 22 216
6 23 258
6 24 280
6 25 176
6 26 239
6 27 39
6 28 298
6 29 226
6 30 46
6 31 54
6 32 125
6 33 293
6 34 254
6 35 178
6 36 6
6 37 90
6 38 77
6 39 18
6 40 215
6 41 102
6 42 249
6 43 107
6 44 146
6 45 272
6 46 36
6 47 73
6 48 12
6 49 135
6 50 28
6 51 156
6 52 240
6 53 121
6 54 226
6 55 139
6 56 228
6 57 213
6 58 206
6 59 201
6 60 241
6 61 181
6 62 261
6 63 59
6 64 82
6 65 88
6 66 48
6 67 118
6 68 252
6 69 31
6 70 20
6 71 216
6 72 258
6 73 119
6 74 255
6 75 37
6 76 130
6 77 250
6 78 85
6 79 26
6 80 293
6 81 24
6 82 155
6 83 44
6 84 209
6 85 216
6 86 79
6 87 161
6 88 105
6 89 28
6 90 105
6 91 202
6 92 222
6 93 209
6 94 53
6 95 227
6 96 71
6 97 267
6 98 147
6 99 81
6 100 206
7 8 31
7 9 54
7 10 284
7 11 188
7 12 45
7 13 219
7 14 117
7 15 222
7 16 23
7 17 2
7 18 164
7 19 215
7 20 153
7 21 116
7 22 34
7 23 100
7 24 8
7 25 166
7 26 287
7 27 91
7 28 199
7 29 227
7 30 121
7 31 204
7 32 54
7 33 89
7 34 186
7 35 235
7 36 32
7 37 146
7 38 9
7 39 103
7 40 209
7 41 60
7 42 165
7 43 267
7 44 138
7 45 110
7 46 128
7 47 51
7 48 217
7 49 189
7 50 290
7 51 121
7 52 84
7 53 49
7 54 217
7 55 104
7 56 212
7 57 272
7 58 229
7 59 139
7 60 266
7 61 232
7 62 169
7 63 148
7 64 140
7 65 12
7 66 203
7 67 204
7 68 150
7 69 208
7 70 23
7 71 26
7 72 275
7 73 137
7 74 85
7 75 21
7 76 269
7 77 66
7 78 237
7 79 38
7 80 265
7 81 240
7 82 205
7 83 28
7 84 196
7 85 137
7 86 29
7 87 27
7 88 162
7 89 281
7 90 106
7 91 4
7 92 30
7 93 114
7 94 223
7 95 25
7 96 19
7 97 139
7 98 226
7 99 248
7 100 233
8 9 41
8 10 246
8 11 217
8 12 297
8 13 236
8 14 71
8 15 282
8 16 171
8 17 223
8 18 113
8 19 230
8 20 210
8 21 68
8 22 100
8 23 225
8 24 67
8 25 62
8 26 156
8 27 153
8 28 12
8 29 282
8 30 25
8 31 213
8 32 146
8 33 168
8 34 76
8 35 26
8 36 3
8 37 64
8 38 298
8 39 30
8 40 101
8 41 86
8 42 237
8 43 81
8 44 51
8 45 123
8 46 299
8 47 12
8 48 89
8 49 96
8 50 65
8 51 100
8 52 257
8 53 191
8 54 263
8 55 132
8 56 175
8 57 179
8 58 183
8 59 177
8 60 140
8 61 176
8 62 190
8 63 48
8 64 109
8 65 199
8 66 270
8 67 248
8 68 136
8 69 293
8 70 204
8 71 7
8 72 1
8 73 27
8 74 135
8 75 102
8 76 203
8 77 284
8 78 143
8 79 102
8 80 254
8 81 7
8 82 123
8 83 76
8 84 166
8 85 58
8 86 240
8 87 136
8 88 128
8 89 213
8 90 152
8 91 17
8 92 143
8 93 91
8 94 101
8 95 174
8 96 287
8 97 283
8 98 283
8 99 98
8 100 149
9 10 11
9 11 151
9 12 199
9 13 252
9 14 222
9 15 259
9 16 44
9 17 233
9 18 55
9 19 118
9 20 51
9 21 17
9 22 83
9 23 161
9 24 148
9 25 75
9 26 162
9 27 97
9 28 215
9 29 134
9 30 248
9 31 256
9 32 281
9 33 198
9 34 211
9 35 21
9 36 109
9 37 53
9 38 269
9 39 122
9 40 247
9 41 195
9 42 173
9 43 231
9 44 237
9 45 100
9 46 71
9 47 206
9 48 137
9 49 201
9 50 200
9 51 130
9 52 95
9 53 169
9 54 295
9 55 163
9 56 162
9 57 4
9 58 250
9 59 259
9 60 141
9 61 177
9 62 78
9 63 197
9 64 65
9 65 166
9 66 22
9 67 49
9 68 233
9 69 299
9 70 210
9 71 270
9 72 153
9 73 68
9 74 48
9 75 160
9 76 91
9 77 192
9 78 8
9 79 73
9 80 132
9 81 216
9 82 86
9 83 27
9 84 202
9 85 172
9 86 119
9 87 169
9 88 120
9 89 252
9 90 70
9 91 64
9 92 274
9 93 216
9 94 200
9 95 172
9 96 262
9 97 12
9 98 126
9 99 63
9 100 175
10 11 180
10 12 71
10 13 272
10 14 91
10 15 51
10 16 251
10 17 180
10 18 152
10 19 288
10 20 271
10 21 71
10 22 283
10 23 205
10 24 287
10 25 24
10 26 95
10 27 96
10 28 17
10 29 82
10 30 176
10 31 74
10 32 264
10 33 25
10 34 127
10 35 237
10 36 6
10 37 114
10 38 121
10 39 164
10 40 294
10 41 159
10 42 113
10 43 77
10 44 283
10 45 220
10 46 9
10 47 116
10 48 87
10 49 283
10 50 291
10 51 64
10 52 269
10 53 224
10 54 221
10 55 64
10 56 28
10 57 137
10 58 40
10 59 138
10 60 299
10 61 138
10 62 11
10 63 187
10 64 279
10 65 173
10 66 64
10 67 126
10 68 180
10 69 222
10 70 131
10 71 255
10 72 289
10 73 201
10 74 42
10 75 21
10 76 266
10 77 144
10 78 177
10 79 105
10 80 93
10 81 137
10 82 131
10 83 55
10 84 67
10 85 243
10 86 156
10 87 87
10 88 227
10 89 19
10 90 276
10 91 245
10 92 190
10 93 263
10 94 73
10 95 53
10 96 180
10 97 258
10 98 184
10 99 189
10 100 128
11 12 230
11 13 269
11 14 114
11 15 93
11 16 113
11 17 47
11 18 158
11 19 76
11 20 183
11 21 219
11 22 106
11 23 217
11 24 163
11 25 239
11 26 298
11 27 247
11 28 164
11 29 239
11 30 170
11 31 204
11 32 290
11 33 101
11 34 150
11 35 168
11 36 244
11 37 33
11 38 207
11 39 113
11 40 44
11 41 98
11 42 21
11 43 193
11 44 136
11 45 177
11 46 111
11 47 139
11 48 137
11 49 21
11 50 156
11 51 241
11 52 158
11 53 255
11 54 123
11 55 177
11 56 234
11 57 229
11 58 134
11 59 296
11 60 55
11 61 139
11 62 88
11 63 82
11 64 287
11 65 278
11 66 68
11 67 274
11 68 83
11 69 182
11 70 299
11 71 81
11 72 270
11 73 276
11 74 131
11 75 140
11 76 6
11 77 282
11 78 152
11 79 243
11 80 105
11 81 227
11 82 188
11 83 237
11 84 77
11 85 161
11 86 173
11 87 75
11 88 274
11 89 203
11 90 2
11 91 205
11 92 227
11 93 247
11 94 209
11 95 193
11 96 111
11 97 298
11 98 176
11 99 56
11 100 51
12 13 130
12 14 275
12 15 65
12 16 3
12 17 95
12 18 232
12 19 204
12 20 256
12 21 133
12 22 295
12 23 235
12 24 38
12 25 29
12 26 218
12 27 240
12 28 157
12 29 276
12 30 175
12 31 28
12 32 147
12 33 36
12 34 240
12 35 12
12 36 145
12 37 274
12 38 32
12 39 170
12 40 188
12 41 205
12 42 70
12 43 156
12 44 179
12 45 79
12 46 131
12 47 132
12 48 70
12 49 197
12 50 257
12 51 50
12 52 263
12 53 46
12 54 196
12 55 239
12 56 129
12 57 97
12 58 199
12 59 35
12 60 99
12 61 159
12 62 9
12 63 68
12 64 95
12 65 45
12 66 206
12 67 24
12 68 161
12 69 165
12 70 18
12 71 273
12 72 87
12 73 291
12 74 75
12 75 2
12 76 87
12 77 85
12 78 107
12 79 270
12 80 253
12 81 187
12 82 39
12 83 61
12 84 91
12 85 188
12 86 149
12 87 127
12 88 57
12 89 238
12 90 149
12 91 83
12 92 174
12 93 158
12 94 206
12 95 201
12 96 146
12 97 8
12 98 146
12 99 79
12 100 223
13 14 157
13 15 65
13 16 92
13 17 163
13 18 217
13 19 112
13 20 135
13 21 198
13 22 195
13 23 196
13 24 266
13 25 173
13 26 150
13 27 32
13 28 228
13 29 123
13 30 41
13 31 45
13 32 37
13 33 4
13 34 240
13 35 280
13 36 216
13 37 242
13 38 252
13 39 189
13 40 48
13 41 184
13 42 223
13 43 103
13 44 248
13 45 117
13 46 191
13 47 149
13 48 201
13 49 142
13 50 240
13 51 247
13 52 223
13 53 8
13 54 186
13 55 248
13 56 36
13 57 252
13 58 163
13 59 240
13 60 3
13 61 81
13 62 135
13 63 205
13 64 282
13 65 220
13 66 120
13 67 86
13 68 159
13 69 280
13 70 265
13 71 160
13 72 65
13 73 191
13 74 39
13 75 262
13 76 80
13 77 281
13 78 59
13 79 24
13 80 167
13 81 293
13 82 165
13 83 99
13 84 278
13 85 139
13 86 297
13 87 191
13 88 83
13 89 231
13 90 105
13 91 235
13 92 92
13 93 101
13 94 116
13 95 192
13 96 286
13 97 182
13 98 72
13 99 32
13 100 57
14 15 188
14 16 76
14 17 193
14 18 237
14 19 87
14 20 182
14 21 137
14 22 188
14 23 296
14 24 49
14 25 166
14 26 55
14 27 76
14 28 221
14 29 235
14 30 120
14 31 136
14 32 73
14 33 103
14 34 176
14 35 242
14 36 45
14 37 128
14 38 38
14 39 110
14 40 233
14 41 73
14 42 99
14 43 66
14 44 20
14 45 86
14 46 149
14 47 191
14 48 32
14 49 252
14 50 236
14 51 270
14 52 92
14 53 280
14 54 57
14 55 118
14 56 283
14 57 273
14 58 248
14 59 129
14 60 230
14 61 229
14 62 178
14 63 155
14 64 136
14 65 211
14 66 252
14 67 1
14 68 235
14 69 129
14 70 297
14 71 79
14 72 283
14 73 252
14 74 99
14 75 232
14 76 240
14 77 135
14 78 42
14 79 291
14 80 206
14 81 208
14 82 139
14 83 191
14 84 190
14 85 23
14 86 206
14 87 179
14 88 66
14 89 110
14 90 141
14 91 277
14 92 215
14 93 237
14 94 279
14 95 280
14 96 8
14 97 101
14 98 236
14 99 1
14 100 172
15 16 275
15 17 290
15 18 146
15 19 97
15 20 281
15 21 107
15 22 200
15 23 48
15 24 110
15 25 115
15 26 223
15 27 94
15 28 13
15 29 52
15 30 22
15 31 292
15 32 195
15 33 24
15 34 270
15 35 218
15 36 111
15 37 286
15 38 98
15 39 110
15 40 77
15 41 234
15 42 268
15 43 98
15 44 152
15 45 53
15 46 239
15 47 152
15 48 19
15 49 132
15 50 229
15 51 250
15 52 101
15 53 1
15 54 154
15 55 224
15 56 179
15 57 138
15 58 90
15 59 5
15 60 193
15 61 219
15 62 274
15 63 16
15 64 50
15 65 240
15 66 208
15 67 154
15 68 159
15 69 2
15 70 8
15 71 276
15 72 227
15 73 231
15 74 247
15 75 147
15 76 78
15 77 72
15 78 151
15 79 202
15 80 42
15 81 67
15 82 257
15 83 163
15 84 121
15 85 99
15 86 140
15 87 43
15 88 137
15 89 198
15 90 88
15 91 270
15 92 252
15 93 61
15 94 33
15 95 13
15 96 253
15 97 133
15 98 298
15 99 133
15 100 57
16 17 41
16 18 144
16 19 116
16 20 253
16 21 261
16 22 217
16 23 148
16 24 136
16 25 86
16 26 189
16 27 69
16 28 2
16 29 99
16 30 236
16 31 174
16 32 246
16 33 116
16 34 44
16 35 19
16 36 223
16 37 254
16 38 239
16 39 53
16 40 195
16 41 57
16 42 100
16 43 279
16 44 78
16 45 159
16 46 253
16 47 136
16 48 120
16 49 202
16 50 285
16 51 237
16 52 53
16 53 245
16 54 15
16 55 269
16 56 51
16 57 179
16 58 58
16 59 163
16 60 46
16 61 257
16 62 169
16 63 208
16 64 92
16 65 1
16 66 231
16 67 190
16 68 36
16 69 247
16 70 15
16 71 127
16 72 109
16 73 279
16 74 79
16 75 227
16 76 290
16 77 124
16 78 146
16 79 89
16 80 6
16 81 258
16 82 240
16 83 259
16 84 269
16 85 119
16 86 211
16 87 70
16 88 54
16 89 227
16 90 150
16 91 143
16 92 154
16 93 122
16 94 35
16 95 41
16 96 26
16 97 90
16 98 97
16 99 8
16 100 271
17 18 206
17 19 215
17 20 121
17 21 297
17 22 25
17 23 81
17 24 75
17 25 11
17 26 219
17 27 99
17 28 64
17 29 218
17 30 87
17 31 273
17 32 20
17 33 112
17 34 152
17 35 114
17 36 93
17 37 196
17 38 2
17 39 52
17 40 71
17 41 227
17 42 231
17 43 223
17 44 104
17 45 99
17 46 73
17 47 246
17 48 228
17 49 72
17 50 207
17 51 260
17 52 152
17 53 30
17 54 226
17 55 61
17 56 105
17 57 279
17 58 293
17 59 262
17 60 242
17 61 215
17 62 0
17 63 111
17 64 266
17 65 269
17 66 154
17 67 187
17 68 266
17 69 252
17 70 229
17 71 289
17 72 285
17 73 249
17 74 216
17 75 187
17 76 116
17 77 184
17 78 255
17 79 189
17 80 214
17 81 251
17 82 20
17 83 202
17 84 149
17 85 156
17 86 250
17 87 92
17 88 45
17 89 49
17 90 194
17 91 148
17 92 50
17 93 32
17 94 76
17 95 170
17 96 100
17 97 261
17 98 111
17 99 187
17 100 194
18 19 217
18 20 246
18 21 158
18 22 238
18 23 29
18 24 47
18 25 58
18 26 154
18 27 33
18 28 19
18 29 227
18 30 153
18 31 89
18 32 244
18 33 80
18 34 49
18 35 180
18 36 105
18 37 111
18 38 102
18 39 107
18 40 24
18 41 129
18 42 22
18 43 181
18 44 165
18 45 60
18 46 149
18 47 136
18 48 82
18 49 119
18 50 186
18 51 234
18 52 299
18 53 285
18 54 70
18 55 123
18 56 147
18 57 83
18 58 114
18 59 167
18 60 95
18 61 185
18 62 289
18 63 77
18 64 217
18 65 278
18 66 231
18 67 1
18 68 226
18 69 184
18 70 158
18 71 236
18 72 166
18 73 91
18 74 39
18 75 72
18 76 260
18 77 64
18 78 90
18 79 212
18 80 20
18 81 144
18 82 271
18 83 102
18 84 201
18 85 123
18 86 109
18 87 108
18 88 280
18 89 296
18 90 125
18 91 20
18 92 40
18 93 155
18 94 202
18 95 251
18 96 64
18 97 182
18 98 111
18 99 167
18 100 275
19 20 59
19 21 4
19 22 288
19 23 284
19 24 142
19 25 56
19 26 206
19 27 211
19 28 167
19 29 0
19 30 293
19 31 58
19 32 105
19 33 232
19 34 11
19 35 273
19 36 276
19 37 129
19 38 161
19 39 16
19 40 275
19 41 213
19 42 255
19 43 59
19 44 239
19 45 54
19 46 184
19 47 21
19 48 116
19 49 195
19 50 244
19 51 139
19 52 69
19 53 265
19 54 267
19 55 283
19 56 168
19 57 248
19 58 247
19 59 292
19 60 26
19 61 107
19 62 26
19 63 289
19 64 7
19 65 115
19 66 169
19 67 33
19 68 111
19 69 83
19 70 48
19 71 243
19 72 27
19 73 244
19 74 114
19 75 125
19 76 170
19 77 174
19 78 280
19 79 282
19 80 88
19 81 37
19 82 113
19 83 39
19 84 178
19 85 130
19 86 111
19 87 138
19 88 297
19 89 266
19 90 178
19 91 124
19 92 48
19 93 292
19 94 187
19 95 292
19 96 198
19 97 156
19 98 188
19 99 260
19 100 168
20 21 11
20 22 288
20 23 131
20 24 3
20 25 236
20 26 147
20 27 54
20 28 75
20 29 6
20 30 52
20 31 183
20 32 284
20 33 120
20 34 183
20 35 179
20 36 95
20 37 287
20 38 71
20 39 31
20 40 95
20 41 244
20 42 255
20 43 60
20 44 266
20 45 158
20 46 19
20 47 296
20 48 209
20 49 194
20 50 259
20 51 154
20 52 250
20 53 117
20 54 212
20 55 231
20 56 166
20 57 18
20 58 224
20 59 220
20 60 231
20 61 65
20 62 127
20 63 225
20 64 169
20 65 29
20 66 84
20 67 252
20 68 74
20 69 162
20 70 81
20 71 112
20 72 79
20 73 151
20 74 246
20 75 95
20 76 253
20 77 144
20 78 15
20 79 240
20 80 250
20 81 275
20 82 211
20 83 26
20 84 274
20 85 96
20 86 68
20 87 48
20 88 234
20 89 185
20 90 88
20 91 184
20 92 229
20 93 126
20 94 4
20 95 184
20 96 48
20 97 110
20 98 134
20 99 47
20 100 245
21 22 216
21 23 89
21 24 197
21 25 89
21 26 146
21 27 236
21 28 83
21 29 223
21 30 204
21 31 74
21 32 61
21 33 33
21 34 222
21 35 14
21 36 56
21 37 210
21 38 117
21 39 95
21 40 44
21 41 67
21 42 130
21 43 85
21 44 66
21 45 80
21 46 162
21 47 8
21 48 211
21 49 66
21 50 152
21 51 41
21 52 123
21 53 183
21 54 209
21 55 187
21 56 177
21 57 240
21 58 0
21 59 237
21 60 14
21 61 38
21 62 178
21 63 251
21 64 19
21 65 288
21 66 25
21 67 263
21 68 75
21 69 19
21 70 21
21 71 255
21 72 115
21 73 34
21 74 149
21 75 83
21 76 178
21 77 285
21 78 22
21 79 228
21 80 242
21 81 279
21 82 61
21 83 125
21 84 206
21 85 4
21 86 230
21 87 226
21 88 0
21 89 62
21 90 6
21 91 134
21 92 162
21 93 107
21 94 61
21 95 57
21 96 181
21 97 206
21 98 168
21 99 46
21 100 161
22 23 204
22 24 253
22 25 3
22 26 183
22 27 71
22 28 72
22 29 158
22 30 60
22 31 69
22 32 96
22 33 299
22 34 4
22 35 277
22 36 15
22 37 194
22 38 153
22 39 296
22 40 145
22 41 85
22 42 150
22 43 68
22 44 119
22 45 107
22 46 233
22 47 190
22 48 18
22 49 214
22 50 295
22 51 87
22 52 155
22 53 192
22 54 131
22 55 262
22 56 289
22 57 263
22 58 65
22 59 250
22 60 153
22 61 71
22 62 191
22 63 217
22 64 192
22 65 132
22 66 87
22 67 140
22 68 151
22 69 28
22 70 262
22 71 89
22 72 206
22 73 293
22 74 40
22 75 32
22 76 75
22 77 162
22 78 105
22 79 261
22 80 107
22 81 28
22 82 216
22 83 194
22 84 247
22 85 60
22 86 41
22 87 36
22 88 267
22 89 270
22 90 155
22 91 195
22 92 3
22 93 190
22 94 130
22 95 31
22 96 163
22 97 86
22 98 148
22 99 95
22 100 119
23 24 289
23 25 177
23 26 217
23 27 27
23 28 186
23 29 101
23 30 82
23 31 265
23 32 106
23 33 131
23 34 6
23 35 105
23 36 160
23 37 48
23 38 230
23 39 32
23 40 296
23 41 183
23 42 168
23 43 231
23 44 99
23 45 161
23 46 228
23 47 99
23 48 207
23 49 277
23 50 15
23 51 157
23 52 275
23 53 115
23 54 193
23 55 232
23 56 148
23 57 137
23 58 54
23 59 66
23 60 111
23 61 161
23 62 263
23 63 289
23 64 15
23 65 237
23 66 189
23 67 125
23 68 176
23 69 150
23 70 226
23 71 107
23 72 187
23 73 59
23 74 186
23 75 53
23 76 66
23 77 67
23 78 196
23 79 183
23 80 162
23 81 16
23 82 102
23 83 222
23 84 292
23 85 16
23 86 59
23 87 193
23 88 140
23 89 254
23 90 174
23 91 121
23 92 87
23 93 221
23 94 89
23 95 52
23 96 138
23 97 211
23 98 22
23 99 22
23 100 201
24 25 183
24 26 280
24 27 30
24 28 80
24 29 295
24 30 109
24 31 224
24 32 118
24 33 204
24 34 72
24 35 9
24 36 21
24 37 162
24 38 9
24 39 255
24 40 172
24 41 275
24 42 286
24 43 154
24 44 112
24 45 65
24 46 208
24 47 37
24 48 192
24 49 53
24 50 139
24 51 253
24 52 298
24 53 186
24 54 23
24 55 214
24 56 105
24 57 47
24 58 113
24 59 74
24 60 161
24 61 128
24 62 13
24 63 118
24 64 96
24 65 117
24 66 192
24 67 65
24 68 228
24 69 8
24 70 93
24 71 249
24 72 101
24 73 34
24 74 23
24 75 244
24 76 280
24 77 67
24 78 59
24 79 77
24 80 20
24 81 105
24 82 56
24 83 295
24 84 25
24 85 222
24 86 174
24 87 138
24 88 265
24 89 183
24 90 266
24 91 284
24 92 173
24 93 75
24 94 58
24 95 276
24 96 243
24 97 201
24 98 284
24 99 287
24 100 139
25 26 254
25 27 218
25 28 290
25 29 62
25 30 152
25 31 64
25 32 145
25 33 217
25 34 256
25 35 84
25 36 71
25 37 99
25 38 275
25 39 288
25 40 265
25 41 109
25 42 10
25 43 278
25 44 22
25 45 272
25 46 268
25 47 32
25 48 64
25 49 274
25 50 112
25 51 165
25 52 51
25 53 37
25 54 64
25 55 25
25 56 77
25 57 188
25 58 55
25 59 78
25 60 265
25 61 85
25 62 60
25 63 32
25 64 225
25 65 180
25 66 283
25 67 50
25 68 289
25 69 148
25 70 226
25 71 213
25 72 23
25 73 86
25 74 21
25 75 152
25 76 147
25 77 255
25 78 290
25 79 103
25 80 117
25 81 9
25 82 70
25 83 138
25 84 298
25 85 161
25 86 240
25 87 37
25 88 210
25 89 50
25 90 142
25 91 205
25 92 51
25 93 266
25 94 25
25 95 100
25 96 88
25 97 83
25 98 254
25 99 159
25 100 185
26 27 222
26 28 204
26 29 293
26 30 100
26 31 64
26 32 164
26 33 45
26 34 245
26 35 240
26 36 105
26 37 215
26 38 6
26 39 281
26 40 214
26 41 14
26 42 113
26 43 243
26 44 238
26 45 14
26 46 210
26 47 119
26 48 10
26 49 31
26 50 131
26 51 105
26 52 221
26 53 243
26 54 25
26 55 104
26 56 209
26 57 129
26 58 211
26 59 79
26 60 181
26 61 6
26 62 149
26 63 195
26 64 217
26 65 75
26 66 91
26 67 260
26 68 163
26 69 154
26 70 88
26 71 152
26 72 170
26 73 113
26 74 52
26 75 198
26 76 138
26 77 201
26 78 270
26 79 14
26 80 170
26 81 238
26 82 147
26 83 5
26 84 164
26 85 223
26 86 242
26 87 127
26 88 31
26 89 220
26 90 129
26 91 143
26 92 84
26 93 80
26 94 18
26 95 86
26 96 290
26 97 169
26 98 119
26 99 242
26 100 279
27 28 45
27 29 33
27 30 15
27 31 199
27 32 292
27 33 10
27 34 271
27 35 173
27 36 14
27 37 199
27 38 206
27 39 28
27 40 37
27 41 233
27 42 216
27 43 128
27 44 80
27 45 97
27 46 34
27 47 8
27 48 60
27 49 137
27 50 264
27 51 243
27 52 2
27 53 298
27 54 160
27 55 161
27 56 124
27 57 68
27 58 51
27 59 82
27 60 290
27 61 97
27 62 237
27 63 75
27 64 51
27 65 180
27 66 91
27 67 97
27 68 58
27 69 54
27 70 211
27 71 290
27 72 233
27 73 39
27 74 13
27 75 51
27 76 54
27 77 12
27 78 21
27 79 66
27 80 164
27 81 43
27 82 244
27 83 250
27 84 196
27 85 146
27 86 90
27 87 126
27 88 24
27 89 180
27 90 61
27 91 119
27 92 246
27 93 185
27 94 76
27 95 287
27 96 90
27 97 289
27 98 42
27 99 201
27 100 214
28 29 87
28 30 132
28 31 61
28 32 217
28 33 98
28 34 235
28 35 277
28 36 216
28 37 197
28 38 282
28 39 41
28 40 173
28 41 88
28 42 283
28 43 35
28 44 81
28 45 265
28 46 26
28 47 78
28 48 31
28 49 187
28 50 95
28 51 105
28 52 216
28 53 269
28 54 10
28 55 145
28 56 18
28 57 255
28 58 179
28 59 157
28 60 133
28 61 244
28 62 121
28 63 21
28 64 213
28 65 200
28 66 162
28 67 41
28 68 274
28 69 286
28 70 40
28 71 265
28 72 46
28 73 205
28 74 260
28 75 119
28 76 151
28 77 233
28 78 247
28 79 274
28 80 241
28 81 206
28 82 49
28 83 114
28 84 236
28 85 246
28 86 280
28 87 178
28 88 51
28 89 67
28 90 169
28 91 44
28 92 264
28 93 237
28 94 85
28 95 194
28 96 169
28 97 101
28 98 182
28 99 6
28 100 86
29 30 76
29 31 81
29 32 292
29 33 158
29 34 191
29 35 296
29 36 135
29 37 262
29 38 161
29 39 16
29 40 289
29 41 80
29 42 103
29 43 127
29 44 276
29 45 80
29 46 205
29 47 207
29 48 298
29 49 153
29 50 83
29 51 152
29 52 79
29 53 196
29 54 111
29 55 257
29 56 195
29 57 103
29 58 239
29 59 85
29 60 117
29 61 195
29 62 61
29 63 86
29 64 254
29 65 103
29 66 131
29 67 49
29 68 299
29 69 172
29 70 110
29 71 42
29 72 95
29 73 76
29 74 193
29 75 158
29 76 66
29 77 239
29 78 250
29 79 249
29 80 275
29 81 20
29 82 105
29 83 264
29 84 286
29 85 144
29 86 294
29 87 237
29 88 8
29 89 4
29 90 233
29 91 255
29 92 173
29 93 271
29 94 259
29 95 152
29 96 212
29 97 275
29 98 171
29 99 93
29 100 207
30 31 259
30 32 95
30 33 235
30 34 61
30 35 39
30 36 140
30 37 129
30 38 163
30 39 221
30 40 182
30 41 190
30 42 1
30 43 210
30 44 228
30 45 184
30 46 41
30 47 163
30 48 22
30 49 231
30 50 245
30 51 124
30 52 182
30 53 111
30 54 244
30 55 129
30 56 181
30 57 25
30 58 87
30 59 254
30 60 105
30 61 104
30 62 168
30 63 178
30 64 55
30 65 111
30 66 121
30 67 152
30 68 8
30 69 220
30 70 128
30 71 10
30 72 17
30 73 103
30 74 101
30 75 202
30 76 216
30 77 95
30 78 214
30 79 46
30 80 117
30 81 109
30 82 252
30 83 166
30 84 226
30 85 181
30 86 238
30 87 296
30 88 104
30 89 184
30 90 94
30 91 47
30 92 256
30 93 207
30 94 204
30 95 21
30 96 229
30 97 46
30 98 257
30 99 57
30 100 105
31 32 288
31 33 54
31 34 160
31 35 31
31 36 169
31 37 116
31 38 147
31 39 192
31 40 62
31 41 228
31 42 211
31 43 58
31 44 148
31 45 119
31 46 21
31 47 185
31 48 23
31 49 247
31 50 99
31 51 4
31 52 261
31 53 204
31 54 165
31 55 24
31 56 120
31 57 17
31 58 42
31 59 5
31 60 228
31 61 46
31 62 54
31 63 222
31 64 197
31 65 279
31 66 186
31 67 278
31 68 144
31 69 118
31 70 65
31 71 225
31 72 93
31 73 277
31 74 111
31 75 33
31 76 232
31 77 296
31 78 59
31 79 11
31 80 256
31 81 73
31 82 100
31 83 235
31 84 60
31 85 299
31 86 114
31 87 260
31 88 9
31 89 43
31 90 211
31 91 179
31 92 24
31 93 104
31 94 70
31 95 168
31 96 54
31 97 230
31 98 18
31 99 70
31 100 194
32 33 189
32 34 166
32 35 58
32 36 181
32 37 34
32 38 147
32 39 79
32 40 204
32 41 20
32 42 227
32 43 250
32 44 263
32 45 5
32 46 43
32 47 191
32 48 122
32 49 281
32 50 233
32 51 282
32 52 54
32 53 153
32 54 195
32 55 168
32 56 98
32 57 134
32 58 164
32 59 129
32 60 24
32 61 246
32 62 90
32 63 106
32 64 269
32 65 95
32 66 60
32 67 44
32 68 213
32 69 159
32 70 246
32 71 97
32 72 209
32 73 154
32 74 38
32 75 282
32 76 281
32 77 235
32 78 270
32 79 159
32 80 42
32 81 221
32 82 201
32 83 156
32 84 188
32 85 134
32 86 19
32 87 181
32 88 189
32 89 261
32 90 297
32 91 134
32 92 53
32 93 243
32 94 153
32 95 25
32 96 24
32 97 85
32 98 56
32 99 62
32 100 60
33 34 182
33 35 193
33 36 29
33 37 118
33 38 69
33 39 212
33 40 98
33 41 46
33 42 105
33 43 213
33 44 61
33 45 89
33 46 171
33 47 194
33 48 91
33 49 15
33 50 276
33 51 35
33 52 26
33 53 61
33 54 9
33 55 67
33 56 151
33 57 208
33 58 156
33 59 286
33 60 194
33 61 229
33 62 43
33 63 290
33 64 215
33 65 71
33 66 57
33 67 214
33 68 277
33 69 195
33 70 184
33 71 180
33 72 214
33 73 231
33 74 250
33 75 246
33 76 101
33 77 232
33 78 190
33 79 213
33 80 119
33 81 111
33 82 234
33 83 286
33 84 130
33 85 201
33 86 9
33 87 291
33 88 262
33 89 235
33 90 87
33 91 297
33 92 63
33 93 259
33 94 235
33 95 215
33 96 181
33 97 249
33 98 188
33 99 294
33 100 193
34 35 218
34 36 228
34 37 157
34 38 125
34 39 223
34 40 98
34 41 170
34 42 50
34 43 291
34 44 37
34 45 216
34 46 156
34 47 123
34 48 255
34 49 270
34 50 291
34 51 234
34 52 208
34 53 277
34 54 6
34 55 71
34 56 81
34 57 215
34 58 20
34 59 238
34 60 288
34 61 203
34 62 34
34 63 119
34 64 299
34 65 83
34 66 74
34 67 38
34 68 192
34 69 66
34 70 256
34 71 64
34 72 92
34 73 180
34 74 149
34 75 230
34 76 169
34 77 247
34 78 156
34 79 171
34 80 11
34 81 244
34 82 3
34 83 19
34 84 228
34 85 19
34 86 197
34 87 196
34 88 30
34 89 131
34 90 208
34 91 157
34 92 137
34 93 53
34 94 56
34 95 7
34 96 287
34 97 82
34 98 67
34 99 128
34 100 295
35 36 22
35 37 64
35 38 229
35 39 205
35 40 163
35 41 126
35 42 70
35 43 9
35 44 290
35 45 261
35 46 212
35 47 126
35 48 106
35 49 111
35 50 51
35 51 6
35 52 237
35 53 296
35 54 136
35 55 180
35 56 299
35 57 208
35 58 11
35 59 106
35 60 145
35 61 31
35 62 188
35 63 252
35 64 133
35 65 117
35 66 293
35 67 106
35 68 127
35 69 199
35 70 114
35 71 126
35 72 276
35 73 279
35 74 24
35 75 9
35 76 159
35 77 243
35 78 149
35 79 226
35 80 33
35 81 105
35 82 166
35 83 32
35 84 249
35 85 288
35 86 194
35 87 14
35 88 80
35 89 176
35 90 28
35 91 263
35 92 0
35 93 170
35 94 127
35 95 182
35 96 6
35 97 63
35 98 1
35 99 172
35 100 78
36 37 141
36 38 124
36 39 270
36 40 78
36 41 0
36 42 7
36 43 84
36 44 104
36 45 100
36 46 270
36 47 125
36 48 184
36 49 109
36 50 134
36 51 153
36 52 256
36 53 146
36 54 83
36 55 278
36 56 51
36 57 81
36 58 93
36 59 166
36 60 264
36 61 196
36 62 291
36 63 258
36 64 206
36 65 229
36 66 241
36 67 60
36 68 256
36 69 171
36 70 40
36 71 199
36 72 19
36 73 124
36 74 162
36 75 270
36 76 294
36 77 37
36 78 149
36 79 218
36 80 42
36 81 21
36 82 55
36 83 44
36 84 154
36 85 107
36 86 91
36 87 204
36 88 276
36 89 102
36 90 265
36 91 130
36 92 53
36 93 0
36 94 218
36 95 239
36 96 180
36 97 95
36 98 41
36 99 61
36 100 37
37 38 262
37 39 11
37 40 176
37 41 268
37 42 167
37 43 12
37 44 151
37 45 103
37 46 194
37 47 230
37 48 19
37 49 239
37 50 142
37 51 179
37 52 114
37 53 146
37 54 208
37 55 233
37 56 277
37 57 36
37 58 111
37 59 182
37 60 191
37 61 225
37 62 177
37 63 292
37 64 268
37 65 124
37 66 78
37 67 71
37 68 35
37 69 278
37 70 231
37 71 90
37 72 123
37 73 32
37 74 10
37 75 271
37 76 61
37 77 228
37 78 257
37 79 248
37 80 66
37 81 215
37 82 207
37 83 60
37 84 1
37 85 284
37 86 73
37 87 127
37 88 80
37 89 220
37 90 118
37 91 171
37 92 66
37 93 100
37 94 252
37 95 184
37 96 1
37 97 143
37 98 287
37 99 81
37 100 274
38 39 124
38 40 67
38 41 235
38 42 205
38 43 46
38 44 4
38 45 122
38 46 110
38 47 118
38 48 154
38 49 72
38 50 208
38 51 182
38 52 82
38 53 170
38 54 128
38 55 65
38 56 251
38 57 110
38 58 236
38 59 156
38 60 232
38 61 240
38 62 276
38 63 145
38 64 88
38 65 56
38 66 170
38 67 89
38 68 17
38 69 187
38 70 71
38 71 165
38 72 270
38 73 58
38 74 187
38 75 126
38 76 284
38 77 200
38 78 56
38 79 213
38 80 64
38 81 174
38 82 261
38 83 283
38 84 12
38 85 245
38 86 294
38 87 259
38 88 262
38 89 244
38 90 242
38 91 213
38 92 269
38 93 185
38 94 112
38 95 273
38 96 250
38 97 140
38 98 141
38 99 211
38 100 172
39 40 164
39 41 239
39 42 28
39 43 25
39 44 75
39 45 224
39 46 62
39 47 33
39 48 68
39 49 274
39 50 99
39 51 127
39 52 162
39 53 259
39 54 107
39 55 90
39 56 278
39 57 291
39 58 152
39 59 217
39 60 196
39 61 194
39 62 213
39 63 230
39 64 13
39 65 279
39 66 282
39 67 177
39 68 262
39 69 34
39 70 114
39 71 198
39 72 101
39 73 68
39 74 70
39 75 172
39 76 246
39 77 33
39 78 210
39 79 23
39 80 291
39 81 139
39 82 29
39 83 191
39 84 244
39 85 71
39 86 141
39 87 132
39 88 148
39 89 299
39 90 83
39 91 35
39 92 299
39 93 123
39 94 63
39 95 92
39 96 127
39 97 1
39 98 93
39 99 235
39 100 269
40 41 282
40 42 90
40 43 231
40 44 28
40 45 86
40 46 49
40 47 82
40 48 41
40 49 186
40 50 48
40 51 161
40 52 81
40 53 49
40 54 39
40 55 215
40 56 49
40 57 20
40 58 169
40 59 26
40 60 45
40 61 14
40 62 79
40 63 28
40 64 173
40 65 130
40 66 155
40 67 86
40 68 169
40 69 128
40 70 95
40 71 48
40 72 145
40 73 19
40 74 131
40 75 194
40 76 147
40 77 216
40 78 76
40 79 198
40 80 290
40 81 85
40 82 220
40 83 115
40 84 223
40 85 109
40 86 208
40 87 105
40 88 200
40 89 50
40 90 56
40 91 200
40 92 40
40 93 53
40 94 52
40 95 124
40 96 53
40 97 7
40 98 288
40 99 242
40 100 126
41 42 96
41 43 159
41 44 295
41 45 156
41 46 265
41 47 145
41 48 87
41 49 277
41 50 111
41 51 282
41 52 52
41 53 164
41 54 157
41 55 93
41 56 137
41 57 289
41 58 298
41 59 236
41 60 79
41 61 77
41 62 140
41 63 63
41 64 141
41 65 279
41 66 212
41 67 159
41 68 263
41 69 254
41 70 110
41 71 168
41 72 88
41 73 126
41 74 50
41 75 249
41 76 164
41 77 61
41 78 176
41 79 245
41 80 43
41 81 192
41 82 153
41 83 121
41 84 112
41 85 175
41 86 297
41 87 260
41 88 20
41 89 52
41 90 188
41 91 63
41 92 17
41 93 126
41 94 79
41 95 170
41 96 133
41 97 246
41 98 145
41 99 237
41 100 118
42 43 83
42 44 42
42 45 223
42 46 10
42 47 259
42 48 296
42 49 154
42 50 181
42 51 159
42 52 144
42 53 279
42 54 147
42 55 49
42 56 124
42 57 23
42 58 226
42 59 172
42 60 219
42 61 43
42 62 84
42 63 110
42 64 94
42 65 117
42 66 180
42 67 52
42 68 67
42 69 97
42 70 116
42 71 91
42 72 242
42 73 202
42 74 116
42 75 284
42 76 15
42 77 216
42 78 155
42 79 124
42 80 145
42 81 175
42 82 56
42 83 118
42 84 73
42 85 255
42 86 30
42 87 178
42 88 87
42 89 45
42 90 283
42 91 217
42 92 216
42 93 8
42 94 242
42 95 288
42 96 163
42 97 155
42 98 138
42 99 10
42 100 86
43 44 287
43 45 143
43 46 23
43 47 34
43 48 259
43 49 92
43 50 132
43 51 144
43 52 296
43 53 68
43 54 4
43 55 109
43 56 262
43 57 13
43 58 250
43 59 296
43 60 84
43 61 30
43 62 178
43 63 262
43 64 8
43 65 134
43 66 175
43 67 225
43 68 253
43 69 241
43 70 283
43 71 64
43 72 108
43 73 177
43 74 64
43 75 35
43 76 162
43 77 81
43 78 213
43 79 234
43 80 110
43 81 125
43 82 16
43 83 19
43 84 141
43 85 176
43 86 264
43 87 69
43 88 94
43 89 221
43 90 297
43 91 111
43 92 149
43 93 110
43 94 94
43 95 8
43 96 152
43 97 244
43 98 197
43 99 264
43 100 257
44 45 14
44 46 249
44 47 223
44 48 262
44 49 157
44 50 194
44 51 260
44 52 99
44 53 293
44 54 224
44 55 296
44 56 121
44 57 30
44 58 32
44 59 177
44 60 211
44 61 37
44 62 196
44 63 93
44 64 225
44 65 176
44 66 39
44 67 137
44 68 31
44 69 184
44 70 116
44 71 44
44 72 102
44 73 243
44 74 152
44 75 77
44 76 177
44 77 280
44 78 11
44 79 95
44 80 258
44 81 179
44 82 31
44 83 295
44 84 164
44 85 119
44 86 93
44 87 241
44 88 74
44 89 171
44 90 290
44 91 50
44 92 73
44 93 160
44 94 11
44 95 13
44 96 142
44 97 295
44 98 215
44 99 280
44 100 248
45 46 143
45 47 116
45 48 123
45 49 29
45 50 48
45 51 138
45 52 5
45 53 48
45 54 23
45 55 179
45 56 293
45 57 142
45 58 202
45 59 107
45 60 78
45 61 124
45 62 247
45 63 29
45 64 194
45 65 228
45 66 245
45 67 93
45 68 127
45 69 157
45 70 177
45 71 6
45 72 296
45 73 88
45 74 278
45 75 89
45 76 18
45 77 249
45 78 66
45 79 138
45 80 85
45 81 266
45 82 232
45 83 32
45 84 297
45 85 291
45 86 262
45 87 177
45 88 60
45 89 85
45 90 33
45 91 226
45 92 293
45 93 80
45 94 69
45 95 44
45 96 34
45 97 13
45 98 218
45 99 162
45 100 32
46 47 3
46 48 74
46 49 223
46 50 60
46 51 63
46 52 192
46 53 173
46 54 249
46 55 263
46 56 220
46 57 227
46 58 274
46 59 295
46 60 0
46 61 198
46 62 129
46 63 152
46 64 150
46 65 262
46 66 148
46 67 155
46 68 153
46 69 225
46 70 163
46 71 186
46 72 227
46 73 30
46 74 93
46 75 19
46 76 177
46 77 70
46 78 134
46 79 26
46 80 290
46 81 159
46 82 140
46 83 156
46 84 139
46 85 296
46 86 1
46 87 138
46 88 110
46 89 10
46 90 145
46 91 93
46 92 21
46 93 202
46 94 155
46 95 26
46 96 285
46 97 36
46 98 13
46 99 126
46 100 48
47 48 3
47 49 250
47 50 248
47 51 14
47 52 280
47 53 278
47 54 9
47 55 116
47 56 126
47 57 177
47 58 38
47 59 90
47 60 40
47 61 44
47 62 168
47 63 163
47 64 60
47 65 80
47 66 68
47 67 18
47 68 251
47 69 212
47 70 75
47 71 172
47 72 25
47 73 126
47 74 212
47 75 59
47 76 248
47 77 108
47 78 261
47 79 87
47 80 232
47 81 238
47 82 174
47 83 195
47 84 19
47 85 130
47 86 150
47 87 110
47 88 69
47 89 276
47 90 136
47 91 183
47 92 92
47 93 51
47 94 110
47 95 133
47 96 290
47 97 226
47 98 194
47 99 173
47 100 128
48 49 154
48 50 147
48 51 276
48 52 3
48 53 81
48 54 11
48 55 101
48 56 269
48 57 3
48 58 16
48 59 187
48 60 23
48 61 53
48 62 181
48 63 294
48 64 192
48 65 228
48 66 12
48 67 290
48 68 129
48 69 98
48 70 165
48 71 59
48 72 250
48 73 97
48 74 252
48 75 153
48 76 146
48 77 0
48 78 284
48 79 241
48 80 244
48 81 83
48 82 51
48 83 118
48 84 179
48 85 163
48 86 62
48 87 5
48 88 228
48 89 224
48 90 280
48 91 76
48 92 206
48 93 228
48 94 30
48 95 197
48 96 199
48 97 101
48 98 278
48 99 263
48 100 236
49 50 49
49 51 159
49 52 119
49 53 182
49 54 197
49 55 37
49 56 254
49 57 79
49 58 128
49 59 48
49 60 85
49 61 109
49 62 58
49 63 162
49 64 211
49 65 120
49 66 122
49 67 205
49 68 131
49 69 184
49 70 39
49 71 107
49 72 149
49 73 150
49 74 238
49 75 61
49 76 221
49 77 30
49 78 244
49 79 161
49 80 17
49 81 55
49 82 241
49 83 69
49 84 37
49 85 204
49 86 149
49 87 187
49 88 55
49 89 128
49 90 134
49 91 144
49 92 228
49 93 268
49 94 87
49 95 65
49 96 282
49 97 101
49 98 64
49 99 25
49 100 3
50 51 176
50 52 297
50 53 72
50 54 32
50 55 275
50 56 274
50 57 216
50 58 109
50 59 263
50 60 235
50 61 167
50 62 244
50 63 95
50 64 81
50 65 262
50 66 179
50 67 0
50 68 75
50 69 270
50 70 226
50 71 106
50 72 169
50 73 234
50 74 232
50 75 45
50 76 47
50 77 236
50 78 134
50 79 54
50 80 67
50 81 76
50 82 36
50 83 201
50 84 131
50 85 148
50 86 35
50 87 49
50 88 159
50 89 12
50 90 146
50 91 295
50 92 158
50 93 282
50 94 207
50 95 164
50 96 238
50 97 178
50 98 41
50 99 167
50 100 121
51 52 33
51 53 279
51 54 153
51 55 127
51 56 87
51 57 276
51 58 236
51 59 93
51 60 129
51 61 207
51 62 197
51 63 194
51 64 159
51 65 21
51 66 176
51 67 191
51 68 146
51 69 192
51 70 258
51 71 205
51 72 177
51 73 136
51 74 135
51 75 107
51 76 127
51 77 269
51 78 103
51 79 189
51 80 209
51 81 236
51 82 153
51 83 55
51 84 14
51 85 223
51 86 60
51 87 18
51 88 91
51 89 207
51 90 49
51 91 31
51 92 186
51 93 91
51 94 213
51 95 156
51 96 23
51 97 62
51 98 139
51 99 196
51 100 221
52 53 224
52 54 180
52 55 124
52 56 207
52 57 24
52 58 283
52 59 191
52 60 147
52 61 288
52 62 280
52 63 176
52 64 287
52 65 267
52 66 12
52 67 221
52 68 256
52 69 143
52 70 140
52 71 41
52 72 241
52 73 85
52 74 294
52 75 246
52 76 289
52 77 92
52 78 123
52 79 97
52 80 297
52 81 66
52 82 136
52 83 130
52 84 195
52 85 19
52 86 212
52 87 203
52 88 148
52 89 287
52 90 189
52 91 83
52 92 44
52 93 224
52 94 139
52 95 280
52 96 268
52 97 143
52 98 42
52 99 175
52 100 186
53 54 184
53 55 285
53 56 49
53 57 141
53 58 18
53 59 51
53 60 5
53 61 206
53 62 233
53 63 28
53 64 1
53 65 152
53 66 27
53 67 22
53 68 262
53 69 23
53 70 148
53 71 14
53 72 167
53 73 51
53 74 173
53 75 21
53 76 288
53 77 13
53 78 196
53 79 117
53 80 269
53 81 223
53 82 247
53 83 156
53 84 170
53 85 283
53 86 95
53 87 101
53 88 65
53 89 176
53 90 230
53 91 297
53 92 11
53 93 97
53 94 202
53 95 113
53 96 218
53 97 131
53 98 203
53 99 214
53 100 29
54 55 115
54 56 294
54 57 271
54 58 83
54 59 88
54 60 199
54 61 118
54 62 137
54 63 239
54 64 123
54 65 16
54 66 73
54 67 279
54 68 6
54 69 219
54 70 118
54 71 125
54 72 229
54 73 117
54 74 293
54 75 274
54 76 261
54 77 81
54 78 24
54 79 282
54 80 85
54 81 23
54 82 99
54 83 159
54 84 25
54 85 154
54 86 246
54 87 230
54 88 36
54 89 254
54 90 222
54 91 13
54 92 256
54 93 58
54 94 81
54 95 126
54 96 164
54 97 242
54 98 58
54 99 126
54 100 78
55 56 54
55 57 62
55 58 273
55 59 42
55 60 199
55 61 66
55 62 243
55 63 225
55 64 156
55 65 232
55 66 258
55 67 284
55 68 167
55 69 98
55 70 45
55 71 103
55 72 83
55 73 127
55 74 84
55 75 205
55 76 86
55 77 11
55 78 155
55 79 80
55 80 163
55 81 205
55 82 258
55 83 153
55 84 34
55 85 223
55 86 263
55 87 264
55 88 57
55 89 104
55 90 6
55 91 100
55 92 149
55 93 44
55 94 101
55 95 101
55 96 232
55 97 148
55 98 213
55 99 191
55 100 210
56 57 137
56 58 282
56 59 161
56 60 279
56 61 44
56 62 153
56 63 295
56 64 25
56 65 141
56 66 276
56 67 205
56 68 62
56 69 42
56 70 254
56 71 221
56 72 260
56 73 132
56 74 83
56 75 200
56 76 35
56 77 61
56 78 193
56 79 143
56 80 176
56 81 230
56 82 173
56 83 75
56 84 155
56 85 132
56 86 14
56 87 71
56 88 32
56 89 224
56 90 245
56 91 127
56 92 163
56 93 270
56 94 184
56 95 7
56 96 162
56 97 131
56 98 271
56 99 244
56 100 283
57 58 41
57 59 125
57 60 58
57 61 242
57 62 206
57 63 107
57 64 253
57 65 83
57 66 217
57 67 162
57 68 36
57 69 92
57 70 151
57 71 72
57 72 137
57 73 137
57 74 66
57 75 294
57 76 123
57 77 160
57 78 217
57 79 66
57 80 14
57 81 243
57 82 151
57 83 196
57 84 59
57 85 157
57 86 58
57 87 131
57 88 263
57 89 285
57 90 143
57 91 245
57 92 30
57 93 223
57 94 11
57 95 50
57 96 10
57 97 184
57 98 53
57 99 285
57 100 146
58 59 17
58 60 137
58 61 252
58 62 94
58 63 278
58 64 215
58 65 175
58 66 294
58 67 269
58 68 42
58 69 206
58 70 149
58 71 126
58 72 286
58 73 19
58 74 118
58 75 72
58 76 105
58 77 26
58 78 174
58 79 194
58 80 21
58 81 3
58 82 148
58 83 126
58 84 40
58 85 210
58 86 195
58 87 164
58 88 59
58 89 222
58 90 68
58 91 70
58 92 182
58 93 53
58 94 175
58 95 38
58 96 255
58 97 232
58 98 12
58 99 287
58 100 38
59 60 154
59 61 261
59 62 290
59 63 176
59 64 159
59 65 224
59 66 214
59 67 62
59 68 155
59 69 59
59 70 107
59 71 10
59 72 285
59 73 159
59 74 276
59 75 48
59 76 145
59 77 74
59 78 111
59 79 179
59 80 286
59 81 47
59 82 179
59 83 104
59 84 150
59 85 152
59 86 238
59 87 246
59 88 293
59 89 101
59 90 205
59 91 174
59 92 90
59 93 262
59 94 96
59 95 23
59 96 246
59 97 86
59 98 149
59 99 226
59 100 204
60 61 91
60 62 54
60 63 97
60 64 28
60 65 151
60 66 201
60 67 40
60 68 29
60 69 0
60 70 24
60 71 247
60 72 77
60 73 178
60 74 166
60 75 256
60 76 64
60 77 145
60 78 96
60 79 72
60 80 71
60 81 265
60 82 157
60 83 214
60 84 28
60 85 280
60 86 157
60 87 27
60 88 157
60 89 49
60 90 235
60 91 168
60 92 170
60 93 100
60 94 82
60 95 235
60 96 21
60 97 204
60 98 181
60 99 227
60 100 261
61 62 296
61 63 88
61 64 239
61 65 65
61 66 225
61 67 245
61 68 200
61 69 161
61 70 56
61 71 7
61 72 2
61 73 26
61 74 206
61 75 188
61 76 199
61 77 68
61 78 83
61 79 109
61 80 221
61 81 101
61 82 48
61 83 197
61 84 117
61 85 136
61 86 299
61 87 161
61 88 86
61 89 193
61 90 282
61 91 261
61 92 174
61 93 171
61 94 263
61 95 160
61 96 131
61 97 21
61 98 115
61 99 126
61 100 278
62 63 64
62 64 67
62 65 227
62 66 10
62 67 257
62 68 31
62 69 254
62 70 275
62 71 99
62 72 262
62 73 129
62 74 293
62 75 228
62 76 289
62 77 142
62 78 215
62 79 122
62 80 22
62 81 94
62 82 64
62 83 106
62 84 214
62 85 211
62 86 14
62 87 224
62 88 234
62 89 246
62 90 286
62 91 137
62 92 260
62 93 106
62 94 256
62 95 225
62 96 201
62 97 294
62 98 55
62 99 164
62 100 109
63 64 248
63 65 55
63 66 10
63 67 160
63 68 47
63 69 19
63 70 56
63 71 117
63 72 8
63 73 201
63 74 108
63 75 132
63 76 143
63 77 155
63 78 269
63 79 252
63 80 258
63 81 54
63 82 255
63 83 3
63 84 67
63 85 291
63 86 17
63 87 56
63 88 234
63 89 248
63 90 228
63 91 45
63 92 173
63 93 237
63 94 16
63 95 59
63 96 216
63 97 252
63 98 288
63 99 156
63 100 228
64 65 167
64 66 52
64 67 199
64 68 17
64 69 249
64 70 68
64 71 193
64 72 108
64 73 35
64 74 276
64 75 25
64 76 223
64 77 211
64 78 277
64 79 179
64 80 132
64 81 27
64 82 219
64 83 77
64 84 187
64 85 129
64 86 111
64 87 296
64 88 146
64 89 231
64 90 111
64 91 54
64 92 220
64 93 130
64 94 242
64 95 55
64 96 27
64 97 35
64 98 175
64 99 179
64 100 27
65 66 136
65 67 220
65 68 136
65 69 13
65 70 185
65 71 148
65 72 294
65 73 228
65 74 99
65 75 241
65 76 202
65 77 281
65 78 201
65 79 205
65 80 220
65 81 197
65 82 269
65 83 140
65 84 42
65 85 126
65 86 151
65 87 51
65 88 164
65 89 267
65 90 167
65 91 264
65 92 299
65 93 263
65 94 137
65 95 251
65 96 51
65 97 271
65 98 233
65 99 88
65 100 284
66 67 256
66 68 65
66 69 10
66 70 262
66 71 221
66 72 82
66 73 245
66 74 55
66 75 60
66 76 135
66 77 216
66 78 108
66 79 172
66 80 196
66 81 107
66 82 157
66 83 144
66 84 33
66 85 205
66 86 240
66 87 20
66 88 180
66 89 151
66 90 9
66 91 191
66 92 292
66 93 282
66 94 179
66 95 268
66 96 30
66 97 122
66 98 224
66 99 72
66 100 199
67 68 195
67 69 171
67 70 109
67 71 57
67 72 21
67 73 8
67 74 124
67 75 171
67 76 269
67 77 158
67 78 216
67 79 1
67 80 259
67 81 55
67 82 263
67 83 84
67 84 60
67 85 171
67 86 272
67 87 49
67 88 203
67 89 59
67 90 8
67 91 114
67 92 141
67 93 239
67 94 101
67 95 237
67 96 270
67 97 177
67 98 252
67 99 27
67 100 36
68 69 259
68 70 103
68 71 280
68 72 242
68 73 92
68 74 99
68 75 23
68 76 88
68 77 107
68 78 26
68 79 146
68 80 35
68 81 1
68 82 285
68 83 44
68 84 290
68 85 25
68 86 117
68 87 280
68 88 249
68 89 43
68 90 187
68 91 39
68 92 103
68 93 1
68 94 91
68 95 74
68 96 198
68 97 14
68 98 157
68 99 49
68 100 46
69 70 231
69 71 50
69 72 191
69 73 74
69 74 11
69 75 32
69 76 248
69 77 245
69 78 7
69 79 4
69 80 81
69 81 12
69 82 238
69 83 98
69 84 170
69 85 214
69 86 291
69 87 46
69 88 214
69 89 261
69 90 128
69 91 209
69 92 123
69 93 182
69 94 181
69 95 110
69 96 195
69 97 20
69 98 130
69 99 179
69 100 95
70 71 232
70 72 208
70 73 32
70 74 42
70 75 256
70 76 102
70 77 88
70 78 133
70 79 71
70 80 137
70 81 113
70 82 43
70 83 158
70 84 249
70 85 234
70 86 112
70 87 226
70 88 246
70 89 245
70 90 76
70 91 120
70 92 27
70 93 298
70 94 234
70 95 284
70 96 9
70 97 283
70 98 206
70 99 223
70 100 38
71 72 8
71 73 25
71 74 51
71 75 102
71 76 30
71 77 27
71 78 153
71 79 55
71 80 27
71 81 206
71 82 132
71 83 57
71 84 4
71 85 241
71 86 39
71 87 295
71 88 221
71 89 218
71 90 73
71 91 112
71 92 66
71 93 246
71 94 37
71 95 32
71 96 29
71 97 290
71 98 170
71 99 127
71 100 152
72 73 253
72 74 76
72 75 156
72 76 233
72 77 220
72 78 141
72 79 277
72 80 206
72 81 50
72 82 58
72 83 41
72 84 63
72 85 171
72 86 27
72 87 135
72 88 81
72 89 232
72 90 271
72 91 212
72 92 115
72 93 22
72 94 19
72 95 114
72 96 172
72 97 154
72 98 13
72 99 135
72 100 24
73 74 264
73 75 275
73 76 92
73 77 106
73 78 19
73 79 291
73 80 184
73 81 235
73 82 78
73 83 257
73 84 31
73 85 235
73 86 16
73 87 169
73 88 141
73 89 224
73 90 34
73 91 199
73 92 57
73 93 208
73 94 158
73 95 222
73 96 258
73 97 152
73 98 9
73 99 230
73 100 194
74 75 108
74 76 164
74 77 295
74 78 143
74 79 135
74 80 162
74 81 75
74 82 243
74 83 152
74 84 179
74 85 113
74 86 278
74 87 173
74 88 21
74 89 252
74 90 256
74 91 133
74 92 127
74 93 282
74 94 185
74 95 27
74 96 295
74 97 292
74 98 113
74 99 100
74 100 5
75 76 288
75 77 84
75 78 18
75 79 0
75 80 91
75 81 268
75 82 150
75 83 238
75 84 154
75 85 55
75 86 94
75 87 83
75 88 177
75 89 38
75 90 95
75 91 236
75 92 223
75 93 156
75 94 29
75 95 9
75 96 63
75 97 201
75 98 161
75 99 59
75 100 58
76 77 127
76 78 230
76 79 143
76 80 146
76 81 234
76 82 215
76 83 48
76 84 45
76 85 59
76 86 219
76 87 149
76 88 124
76 89 181
76 90 40
76 91 40
76 92 27
76 93 226
76 94 261
76 95 199
76 96 241
76 97 25
76 98 82
76 99 91
76 100 214
77 78 129
77 79 45
77 80 80
77 81 160
77 82 165
77 83 52
77 84 211
77 85 26
77 86 225
77 87 249
77 88 239
77 89 78
77 90 93
77 91 241
77 92 180
77 93 100
77 94 254
77 95 134
77 96 105
77 97 273
77 98 82
77 99 89
77 100 37
78 79 285
78 80 52
78 81 206
78 82 85
78 83 131
78 84 162
78 85 44
78 86 150
78 87 250
78 88 130
78 89 198
78 90 162
78 91 209
78 92 189
78 93 35
78 94 295
78 95 206
78 96 246
78 97 61
78 98 264
78 99 203
78 100 164
79 80 54
79 81 194
79 82 70
79 83 95
79 84 67
79 85 37
79 86 77
79 87 145
79 88 166
79 89 198
79 90 51
79 91 167
79 92 4
79 93 54
79 94 257
79 95 75
79 96 275
79 97 281
79 98 275
79 99 8
79 100 235
80 81 21
80 82 172
80 83 120
80 84 166
80 85 78
80 86 123
80 87 46
80 88 78
80 89 167
80 90 269
80 91 53
80 92 172
80 93 185
80 94 93
80 95 129
80 96 22
80 97 46
80 98 106
80 99 115
80 100 92
81 82 270
81 83 235
81 84 261
81 85 1
81 86 247
81 87 135
81 88 132
81 89 103
81 90 275
81 91 73
81 92 221
81 93 139
81 94 264
81 95 32
81 96 199
81 97 254
81 98 271
81 99 236
81 100 6
82 83 247
82 84 256
82 85 77
82 86 33
82 87 65
82 88 225
82 89 217
82 90 29
82 91 189
82 92 206
82 93 283
82 94 179
82 95 137
82 96 103
82 97 208
82 98 270
82 99 68
82 100 37
83 84 234
83 85 251
83 86 3
83 87 14
83 88 3
83 89 176
83 90 215
83 91 108
83 92 127
83 93 5
83 94 179
83 95 49
83 96 80
83 97 57
83 98 45
83 99 133
83 100 8
84 85 82
84 86 62
84 87 139
84 88 271
84 89 120
84 90 85
84 91 36
84 92 115
84 93 82
84 94 229
84 95 268
84 96 129
84 97 94
84 98 75
84 99 197
84 100 107
85 86 191
85 87 143
85 88 40
85 89 217
85 90 208
85 91 163
85 92 26
85 93 157
85 94 130
85 95 294
85 96 65
85 97 197
85 98 231
85 99 110
85 100 261
86 87 257
86 88 122
86 89 8
86 90 160
86 91 22
86 92 120
86 93 203
86 94 77
86 95 49
86 96 127
86 97 260
86 98 207
86 99 111
86 100 92
87 88 39
87 89 163
87 90 235
87 91 142
87 92 63
87 93 204
87 94 48
87 95 180
87 96 184
87 97 118
87 98 56
87 99 258
87 100 127
88 89 188
88 90 139
88 91 63
88 92 95
88 93 287
88 94 24
88 95 149
88 96 223
88 97 41
88 98 215
88 99 106
88 100 183
89 90 114
89 91 93
89 92 3
89 93 233
89 94 247
89 95 267
89 96 201
89 97 139
89 98 136
89 99 108
89 100 275
90 91 264
90 92 62
90 93 83
90 94 46
90 95 181
90 96 27
90 97 139
90 98 25
90 99 169
90 100 110
91 92 183
91 93 61
91 94 169
91 95 133
91 96 297
91 97 158
91 98 139
91 99 262
91 100 143
92 93 95
92 94 69
92 95 109
92 96 61
92 97 114
92 98 97
92 99 31
92 100 84
93 94 242
93 95 22
93 96 62
93 97 192
93 98 106
93 99 15
93 100 251
94 95 144
94 96 263
94 97 245
94 98 65
94 99 238
94 100 79
95 96 1
95 97 45
95 98 177
95 99 8
95 100 85
96 97 148
96 98 288
96 99 89
96 100 169
97 98 52
97 99 234
97 100 26
98 99 260
98 100 197
99 100 95
