100 4950
1 2 293
1 3 140
1 4 251
1 5 145
1 6 131
1 7 263
1 8 177
1 9 163
1 10 18
1 11 18
1 12 116
1 13 62
1 14 283
1 15 46
1 16 173
1 17 62
1 18 267
1 19 15
1 20 269
1 21 161
1 22 55
1 23 156
1 24 113
1 25 186
1 26 104
1 27 95
1 28 172
1 29 203
1 30 185
1 31 295
1 32 137
1 33 161
1 34 278
1 35 168
1 36 153
1 37 240
1 38 119
1 39 105
1 40 218
1 41 206
1 42 19
1 43 49
1 44 52
1 45 44
1 46 189
1 47 34
1 48 299
1 49 284
1 50 204
1 51 169
1 52 184
1 53 16
1 54 39
1 55 289
1 56 265
1 57 11
1 58 260
1 59 266
1 60 127
1 61 79
1 62 107
1 63 145
1 64 58
1 65 9
1 66 45
1 67 108
1 68 246
1 69 108
1 70 11
1 71 29
1 72 275
1 73 204
1 74 179
1 75 52
1 76 134
1 77 39
1 78 30
1 79 172
1 80 83
1 81 226
1 82 250
1 83 135
1 84 143
1 85 163
1 86 252
1 87 278
1 88 194
1 89 14
1 90 82
1 91 73
1 92 94
1 93 86
1 94 91
1 95 294
1 96 247
1 97 125
1 98 144
1 99 288
1 100 287
2 3 66
2 4 121
2 5 113
2 6 298
2 7 243
2 8 210
2 9 69
2 10 102
2 11 137
2 12 258
2 13 263
2 14 91
2 15 49
2 16 227
2 17 115
2 18 234
2 19 256
2 20 209
2 21 145
2 22 19
2 23 189
2 24 261
2 25 261
2 26 4
2 27 207
2 28 65
2 29 68
2 30 75
2 31 99
2 32 43
2 33 232
2 34 165
2 35 270
2 36 271
2 37 89
2 38 19
2 39 91
2 40 25
2 41 131
2 42 292
2 43 49
2 44 160
2 45 143
2 46 5
2 47 33
2 48 175
2 49 62
2 50 182
2 51 52
2 52 149
2 53 292
2 54 88
2 55 139
2 56 187
2 57 45
2 58 29
2 59 37
2 60 233
2 61 262
2 62 123
2 63 151
2 64 280
2 65 232
2 66 48
2 67 9
2 68 23
2 69 109
2 70 286
2 71 37
2 72 172
2 73 263
2 74 223
2 75 216
2 76 30
2 77 176
2 78 115
2 79 225
2 80 54
2 81 143
2 82 72
2 83 233
2 84 54
2 85 19
2 86 280
2 87 282
2 88 102
2 89 85
2 90 51
2 91 262
2 92 288
2 93 262
2 94 94
2 95 7
2 96 223
2 97 297
2 98 172
2 99 39
2 100 119
3 4 18
3 5 36
3 6 28
3 7 52
3 8 55
3 9 173
3 10 84
3 11 296
3 12 58
3 13 57
3 14 191
3 15 285
3 16 286
3 17 95
3 18 144
3 19 71
3 20 214
3 21 206
3 22 83
3 23 1
3 24 175
3 25 64
3 26 296
3 27 184
3 28 276
3 29 168
3 30 258
3 31 199
3 32 77
3 33 11
3 34 66
3 35 9
3 36 113
3 37 242
3 38 20
3 39 284
3 40 241
3 41 196
3 42 189
3 43 81
3 44 19
3 45 254
3 46 272
3 47 264
3 48 15
3 49 120
3 50 148
3 51 219
3 52 96
3 53 151
3 54 25
3 55 111
3 56 229
3 57 134
3 58 97
3 59 211
3 60 146
3 61 93
3 62 17
3 63 160
3 64 262
3 65 270
3 66 51
3 67 2
3 68 255
3 69 149
3 70 1
3 71 175
3 72 18
3 73 113
3 74 68
3 75 252
3 76 63
3 77 136
3 78 268
3 79 210
3 80 143
3 81 209
3 82 148
3 83 64
3 84 185
3 85 186
3 86 30
3 87 170
3 88 32
3 89 205
3 90 16
3 91 78
3 92 223
3 93 177
3 94 243
3 95 34
3 96 46
3 97 82
3 98 138
3 99 270
3 100 56
4 5 268
4 6 51
4 7 115
4 8 10
4 9 237
4 10 14
4 11 111
4 12 70
4 13 104
4 14 175
4 15 72
4 16 112
4 17 35
4 18 11
4 19 27
4 20 146
4 21 44
4 22 123
4 23 41
4 24 299
4 25 3
4 26 206
4 27 185
4 28 64
4 29 295
4 30 68
4 31 50
4 32 168
4 33 123
4 34 70
4 35 51
4 36 228
4 37 25
4 38 170
4 39 286
4 40 10
4 41 162
4 42 15
4 43 70
4 44 262
4 45 20
4 46 94
4 47 204
4 48 65
4 49 118
4 50 197
4 51 171
4 52 225
4 53 223
4 54 6
4 55 130
4 56 202
4 57 145
4 58 270
4 59 161
4 60 103
4 61 289
4 62 208
4 63 255
4 64 43
4 65 62
4 66 1
4 67 298
4 68 297
4 69 63
4 70 156
4 71 204
4 72 255
4 73 201
4 74 121
4 75 264
4 76 99
4 77 166
4 78 294
4 79 270
4 80 16
4 81 289
4 82 231
4 83 16
4 84 4
4 85 210
4 86 92
4 87 254
4 88 11
4 89 221
4 90 36
4 91 213
4 92 13
4 93 68
4 94 19
4 95 26
4 96 64
4 97 211
4 98 117
4 99 126
4 100 34
5 6 160
5 7 50
5 8 153
5 9 260
5 10 207
5 11 225
5 12 42
5 13 121
5 14 272
5 15 186
5 16 64
5 17 282
5 18 28
5 19 183
5 20 114
5 21 122
5 22 60
5 23 271
5 24 142
5 25 279
5 26 254
5 27 141
5 28 289
5 29 116
5 30 187
5 31 120
5 32 58
5 33 161
5 34 117
5 35 54
5 36 198
5 37 162
5 38 33
5 39 144
5 40 295
5 41 168
5 42 119
5 43 296
5 44 164
5 45 64
5 46 279
5 47 99
5 48 296
5 49 251
5 50 169
5 51 193
5 52 210
5 53 90
5 54 155
5 55 211
5 56 287
5 57 43
5 58 287
5 59 54
5 60 111
5 61 225
5 62 291
5 63 271
5 64 83
5 65 269
5 66 187
5 67 147
5 68 254
5 69 161
5 70 293
5 71 46
5 72 64
5 73 235
5 74 185
5 75 181
5 76 43
5 77 159
5 78 271
5 79 29
5 80 183
5 81 252
5 82 28
5 83 108
5 84 95
5 85 172
5 86 64
5 87 282
5 88 83
5 89 22
5 90 172
5 91 142
5 92 176
5 93 270
5 94 256
5 95 135
5 96 177
5 97 182
5 98 156
5 99 228
5 100 77
6 7 44
6 8 216
6 9 34
6 10 225
6 11 24
6 12 259
6 13 188
6 14 239
6 15 205
6 16 210
6 17 213
6 18 16
6 19 29
6 20 195
6 21 269
6 22 66
6 23 126
6 24 193
6 25 45
6 26 246
6 27 166
6 28 18
6 29 154
6 30 176
6 31 109
6 32 249
6 33 292
6 34 119
6 35 240
6 36 203
6 37 111
6 38 129
6 39 262
6 40 106
6 41 164
6 42 195
6 43 44
6 44 54
6 45 234
6 46 60
6 47 259
6 48 267
6 49 17
6 50 130
6 51 169
6 52 17
6 53 150
6 54 27
6 55 19
6 56 118
6 57 295
6 58 138
6 59 98
6 60 227
6 61 178
6 62 283
6 63 121
6 64 285
6 65 67
6 66 98
6 67 215
6 68 214
6 69 85
6 70 102
6 71 278
6 72 234
6 73 96
6 74 83
6 75 166
6 76 29
6 77 154
6 78 137
6 79 255
6 80 54
6 81 84
6 82 114
6 83 93
6 84 208
6 85 51
6 86 19
6 87 59
6 88 285
6 89 138
6 90 124
6 91 297
6 92 241
6 93 277
6 94 106
6 95 247
6 96 233
6 97 219
6 98 200
6 99 57
6 100 184
7 8 197
7 9 111
7 10 236
7 11 247
7 12 118
7 13 136
7 14 168
7 15 8
7 16 31
7 17 187
7 18 274
7 19 230
7 20 37
7 21 96
7 22 228
7 23 181
7 24 221
7 25 296
7 26 59
7 27 65
7 28 244
7 29 280
7 30 90
7 31 123
7 32 48
7 33 53
7 34 229
7 35 40
7 36 60
7 37 145
7 38 62
7 39 104
7 40 286
7 41 60
7 42 224
7 43 151
7 44 47
7 45 108
7 46 267
7 47 7
7 48 174
7 49 248
7 50 293
7 51 25
7 52 30
7 53 24
7 54 32
7 55 254
7 56 120
7 57 79
7 58 261
7 59 219
7 60 222
7 61 157
7 62 151
7 63 144
7 64 23
7 65 121
7 66 124
7 67 76
7 68 96
7 69 261
7 70 17
7 71 15
7 72 206
7 73 195
7 74 75
7 75 62
7 76 104
7 77 48
7 78 284
7 79 40
7 80 174
7 81 192
7 82 173
7 83 164
7 84 106
7 85 200
7 86 270
7 87 140
7 88 1
7 89 110
7 90 75
7 91 165
7 92 270
7 93 144
7 94 163
7 95 117
7 96 235
7 97 276
7 98 145
7 99 102
7 100 37
8 9 216
8 10 77
8 11 212
8 12 146
8 13 41
8 14 262
8 15 190
8 16 153
8 17 115
8 18 286
8 19 286
8 20 22
8 21 114
8 22 265
8 23 140
8 24 297
8 25 152
8 26 287
8 27 263
8 28 250
8 29 42
8 30 171
8 31 66
8 32 243
8 33 245
8 34 13
8 35 50
8 36 24
8 37 17
8 38 267
8 39 13
8 40 284
8 41 273
8 42 115
8 43 167
8 44 247
8 45 289
8 46 55
8 47 202
8 48 163
8 49 166
8 50 76
8 51 39
8 52 253
8 53 268
8 54 177
8 55 19
8 56 38
8 57 237
8 58 99
8 59 207
8 60 122
8 61 126
8 62 204
8 63 283
8 64 154
8 65 8
8 66 100
8 67 34
8 68 103
8 69 45
8 70 105
8 71 261
8 72 239
8 73 220
8 74 229
8 75 281
8 76 139
8 77 121
8 78 174
8 79 218
8 80 166
8 81 142
8 82 257
8 83 253
8 84 129
8 85 116
8 86 130
8 87 103
8 88 227
8 89 86
8 90 252
8 91 104
8 92 39
8 93 63
8 94 221
8 95 195
8 96 197
8 97 202
8 98 281
8 99 231
8 100 193
9 10 283
9 11 210
9 12 100
9 13 21
9 14 246
9 15 146
9 16 152
9 17 170
9 18 174
9 19 4
9 20 192
9 21 69
9 22 86
9 23 254
9 24 61
9 25 291
9 26 73
9 27 120
9 28 68
9 29 124
9 30 274
9 31 151
9 32 195
9 33 186
9 34 250
9 35 33
9 36 160
9 37 264
9 38 2
9 39 294
9 40 41
9 41 190
9 42 296
9 43 274
9 44 23
9 45 125
9 46 101
9 47 176
9 48 76
9 49 246
9 50 186
9 51 260
9 52 42
9 53 42
9 54 132
9 55 287
9 56 38
9 57 180
9 58 20
9 59 262
9 60 118
9 61 80
9 62 76
9 63 205
9 64 278
9 65 297
9 66 127
9 67 47
9 68 120
9 69 152
9 70 145
9 71 206
9 72 143
9 73 95
9 74 209
9 75 105
9 76 42
9 77 254
9 78 36
9 79 104
9 80 50
9 81 204
9 82 288
9 83 162
9 84 24
9 85 107
9 86 227
9 87 288
9 88 17
9 89 293
9 90 88
9 91 141
9 92 157
9 93 191
9 94 97
9 95 42
9 96 181
9 97 7
9 98 198
9 99 66
9 100 9
10 11 281
10 12 148
10 13 243
10 14 201
10 15 37
10 16 240
10 17 113
10 18 36
10 19 263
10 20 113
10 21 228
10 22 96
10 23 228
10 24 258
10 25 105
10 26 234
10 27 1
10 28 187
10 29 63
10 30 250
10 31 175
10 32 203
10 33 229
10 34 242
10 35 126
10 36 283
10 37 226
10 38 270
10 39 163
10 40 72
10 41 8
10 42 251
10 43 186
10 44 229
10 45 286
10 46 138
10 47 144
10 48 15
10 49 203
10 50 19
10 51 252
10 52 245
10 53 37
10 54 92
10 55 88
10 56 27
10 57 222
10 58 265
10 59 142
10 60 39
10 61 76
10 62 105
10 63 207
10 64 54
10 65 114
10 66 253
10 67 238
10 68 136
10 69 231
10 70 273
10 71 83
10 72 12
10 73 131
10 74 44
10 75 38
10 76 77
10 77 286
10 78 241
10 79 13
10 80 296
10 81 80
10 82 80
10 83 75
10 84 275
10 85 28
10 86 230
10 87 80
10 88 296
10 89 286
10 90 219
10 91 233
10 92 221
10 93 189
10 94 230
10 95 239
10 96 107
10 97 253
10 98 169
10 99 284
10 100 76
11 12 5
11 13 72
11 14 41
11 15 25
11 16 213
11 17 234
11 18 102
11 19 50
11 20 156
11 21 209
11 22 155
11 23 200
11 24 135
11 25 227
11 26 189
11 27 89
11 28 101
11 29 165
11 30 75
11 31 143
11 32 107
11 33 23
11 34 195
11 35 90
11 36 249
11 37 163
11 38 40
11 39 253
11 40 217
11 41 147
11 42 201
11 43 51
11 44 248
11 45 87
11 46 290
11 47 53
11 48 231
11 49 172
11 50 238
11 51 226
11 52 225
11 53 281
11 54 26
11 55 282
11 56 193
11 57 16
11 58 241
11 59 165
11 60 98
11 61 109
11 62 161
11 63 195
11 64 143
11 65 7
11 66 156
11 67 154
11 68 44
11 69 150
11 70 0
11 71 102
11 72 284
11 73 132
11 74 275
11 75 154
11 76 126
11 77 95
11 78 211
11 79 284
11 80 181
11 81 151
11 82 210
11 83 56
11 84 139
11 85 177
11 86 163
11 87 80
11 88 50
11 89 81
11 90 44
11 91 191
11 92 148
11 93 288
11 94 165
11 95 20
11 96 215
11 97 254
11 98 288
11 99 171
11 100 212
12 13 246
12 14 241
12 15 224
12 16 79
12 17 285
12 18 45
12 19 130
12 20 115
12 21 135
12 22 191
12 23 81
12 24 185
12 25 160
12 26 240
12 27 154
12 28 267
12 29 140
12 30 40
12 31 134
12 32 159
12 33 92
12 34 129
12 35 144
12 36 92
12 37 99
12 38 1
12 39 286
12 40 282
12 41 232
12 42 208
12 43 231
12 44 154
12 45 19
12 46 178
12 47 157
12 48 227
12 49 157
12 50 167
12 51 273
12 52 178
12 53 84
12 54 233
12 55 171
12 56 26
12 57 113
12 58 9
12 59 210
12 60 106
12 61 92
12 62 5
12 63 296
12 64 261
12 65 236
12 66 22
12 67 278
12 68 142
12 69 52
12 70 145
12 71 148
12 72 74
12 73 228
12 74 228
12 75 84
12 76 36
12 77 51
12 78 192
12 79 10
12 80 48
12 81 273
12 82 294
12 83 93
12 84 273
12 85 228
12 86 2
12 87 90
12 88 60
12 89 253
12 90 132
12 91 264
12 92 268
12 93 47
12 94 90
12 95 289
12 96 60
12 97 50
12 98 46
12 99 116
12 100 191
13 14 179
13 15 137
13 16 106
13 17 131
13 18 200
13 19 281
13 20 253
13 21 2
13 22 63
13 23 217
13 24 175
13 25 43
13 26 23
13 27 104
13 28 45
13 29 258
13 30 20
13 31 127
13 32 242
13 33 57
13 34 201
13 35 44
13 36 56
13 37 177
13 38 113
13 39 108
13 40 6
13 41 275
13 42 154
13 43 245
13 44 243
13 45 9
13 46 225
13 47 20
13 48 187
13 49 107
13 50 43
13 51 205
13 52 256
13 53 86
13 54 132
13 55 115
13 56 40
13 57 236
13 58 178
13 59 158
13 60 260
13 61 240
13 62 255
13 63 271
13 64 13
13 65 234
13 66 131
13 67 50
13 68 278
13 69 75
13 70 70
13 71 240
13 72 154
13 73 90
13 74 135
13 75 233
13 76 1
13 77 251
13 78 268
13 79 248
13 80 42
13 81 71
13 82 142
13 83 297
13 84 134
13 85 231
13 86 242
13 87 46
13 88 98
13 89 95
13 90 284
13 91 16
13 92 192
13 93 180
13 94 290
13 95 45
13 96 128
13 97 69
13 98 274
13 99 11
13 100 180
14 15 34
14 16 239
14 17 50
14 18 109
14 19 74
14 20 206
14 21 27
14 22 72
14 23 168
14 24 246
14 25 132
14 26 149
14 27 38
14 28 158
14 29 48
14 30 295
14 31 81
14 32 120
14 33 183
14 34 38
14 35 69
14 36 218
14 37 84
14 38 111
14 39 146
14 40 241
14 41 59
14 42 10
14 43 36
14 44 5
14 45 13
14 46 25
14 47 182
14 48 234
14 49 7
14 50 123
14 51 193
14 52 293
14 53 190
14 54 175
14 55 57
14 56 132
14 57 293
14 58 178
14 59 115
14 60 247
14 61 100
14 62 274
14 63 182
14 64 90
14 65 238
14 66 27
14 67 204
14 68 18
14 69 255
14 70 250
14 71 154
14 72 17
14 73 28
14 74 233
14 75 267
14 76 279
14 77 109
14 78 206
14 79 41
14 80 270
14 81 231
14 82 83
14 83 170
14 84 45
14 85 111
14 86 104
14 87 46
14 88 199
14 89 53
14 90 128
14 91 221
14 92 145
14 93 247
14 94 137
14 95 13
14 96 184
14 97 290
14 98 266
14 99 275
14 100 188
15 16 111
15 17 252
15 18 131
15 19 7
15 20 218
15 21 74
15 22 109
15 23 40
15 24 110
15 25 299
15 26 105
15 27 137
15 28 220
15 29 212
15 30 113
15 31 259
15 32 11
15 33 248
15 34 90
15 35 166
15 36 13
15 37 79
15 38 278
15 39 61
15 40 52
15 41 291
15 42 195
15 43 3
15 44 124
15 45 119
15 46 177
15 47 101
15 48 221
15 49 95
15 50 201
15 51 245
15 52 15
15 53 202
15 54 218
15 55 94
15 56 282
15 57 104
15 58 75
15 59 78
15 60 145
15 61 106
15 62 83
15 63 35
15 64 156
15 65 160
15 66 87
15 67 155
15 68 266
15 69 150
15 70 232
15 71 88
15 72 59
15 73 207
15 74 100
15 75 243
15 76 264
15 77 69
15 78 85
15 79 277
15 80 157
15 81 282
15 82 294
15 83 204
15 84 138
15 85 22
15 86 120
15 87 207
15 88 63
15 89 52
15 90 116
15 91 290
15 92 122
15 93 196
15 94 147
15 95 114
15 96 160
15 97 242
15 98 240
15 99 66
15 100 128
16 17 147
16 18 210
16 19 93
16 20 158
16 21 262
16 22 87
16 23 242
16 24 281
16 25 90
16 26 142
16 27 283
16 28 51
16 29 211
16 30 187
16 31 269
16 32 276
16 33 105
16 34 223
16 35 170
16 36 70
16 37 164
16 38 237
16 39 81
16 40 160
16 41 190
16 42 230
16 43 9
16 44 285
16 45 285
16 46 272
16 47 54
16 48 103
16 49 140
16 50 5
16 51 30
16 52 177
16 53 23
16 54 116
16 55 217
16 56 105
16 57 292
16 58 57
16 59 236
16 60 212
16 61 73
16 62 128
16 63 291
16 64 217
16 65 108
16 66 101
16 67 225
16 68 109
16 69 256
16 70 51
16 71 161
16 72 233
16 73 159
16 74 189
16 75 119
16 76 28
16 77 37
16 78 235
16 79 34
16 80 169
16 81 230
16 82 153
16 83 34
16 84 151
16 85 25
16 86 33
16 87 182
16 88 254
16 89 172
16 90 276
16 91 118
16 92 205
16 93 59
16 94 115
16 95 157
16 96 98
16 97 137
16 98 155
16 99 15
16 100 50
17 18 209
17 19 151
17 20 84
17 21 295
17 22 50
17 23 113
17 24 103
17 25 29
17 26 30
17 27 89
17 28 141
17 29 65
17 30 283
17 31 253
17 32 56
17 33 195
17 34 189
17 35 49
17 36 106
17 37 16
17 38 236
17 39 28
17 40 165
17 41 73
17 42 228
17 43 195
17 44 288
17 45 208
17 46 148
17 47 265
17 48 194
17 49 3
17 50 63
17 51 153
17 52 19
17 53 191
17 54 205
17 55 273
17 56 127
17 57 115
17 58 268
17 59 231
17 60 5
17 61 191
17 62 231
17 63 90
17 64 298
17 65 132
17 66 268
17 67 113
17 68 138
17 69 209
17 70 180
17 71 291
17 72 11
17 73 250
17 74 110
17 75 155
17 76 17
17 77 91
17 78 87
17 79 32
17 80 154
17 81 116
17 82 85
17 83 172
17 84 244
17 85 268
17 86 21
17 87 7
17 88 19
17 89 160
17 90 51
17 91 234
17 92 155
17 93 72
17 94 55
17 95 292
17 96 67
17 97 18
17 98 2
17 99 166
17 100 19
18 19 180
18 20 151
18 21 142
18 22 97
18 23 252
18 24 149
18 25 212
18 26 17
18 27 248
18 28 3
18 29 18
18 30 49
18 31 78
18 32 22
18 33 50
18 34 17
18 35 115
18 36 84
18 37 170
18 38 261
18 39 116
18 40 282
18 41 163
18 42 223
18 43 170
18 44 233
18 45 228
18 46 192
18 47 127
18 48 147
18 49 164
18 50 264
18 51 219
18 52 205
18 53 123
18 54 243
18 55 286
18 56 29
18 57 5
18 58 106
18 59 25
18 60 93
18 61 28
18 62 214
18 63 124
18 64 3
18 65 232
18 66 39
18 67 26
18 68 238
18 69 49
18 70 182
18 71 73
18 72 53
18 73 16
18 74 233
18 75 155
18 76 38
18 77 185
18 78 284
18 79 231
18 80 126
18 81 183
18 82 175
18 83 44
18 84 0
18 85 214
18 86 8
18 87 119
18 88 142
18 89 116
18 90 67
18 91 193
18 92 43
18 93 169
18 94 289
18 95 103
18 96 11
18 97 146
18 98 214
18 99 286
18 100 64
19 20 248
19 21 116
19 22 127
19 23 231
19 24 31
19 25 292
19 26 296
19 27 110
19 28 285
19 29 268
19 30 12
19 31 178
19 32 94
19 33 118
19 34 168
19 35 213
19 36 287
19 37 105
19 38 221
19 39 271
19 40 139
19 41 89
19 42 111
19 43 216
19 44 39
19 45 102
19 46 156
19 47 60
19 48 104
19 49 179
19 50 33
19 51 99
19 52 25
19 53 231
19 54 126
19 55 204
19 56 89
19 57 168
19 58 195
19 59 73
19 60 132
19 61 167
19 62 138
19 63 246
19 64 138
19 65 118
19 66 90
19 67 26
19 68 289
19 69 153
19 70 281
19 71 116
19 72 133
19 73 54
19 74 8
19 75 13
19 76 22
19 77 50
19 78 158
19 79 22
19 80 43
19 81 164
19 82 55
19 83 69
19 84 207
19 85 240
19 86 162
19 87 142
19 88 285
19 89 147
19 90 256
19 91 9
19 92 96
19 93 19
19 94 159
19 95 196
19 96 200
19 97 84
19 98 51
19 99 107
19 100 36
20 21 194
20 22 267
20 23 289
20 24 187
20 25 203
20 26 130
20 27 172
20 28 291
20 29 201
20 30 231
20 31 296
20 32 23
20 33 38
20 34 255
20 35 206
20 36 116
20 37 104
20 38 72
20 39 120
20 40 218
20 41 220
20 42 54
20 43 22
20 44 2
20 45 234
20 46 199
20 47 20
20 48 153
20 49 63
20 50 7
20 51 256
20 52 37
20 53 152
20 54 67
20 55 191
20 56 275
20 57 226
20 58 124
20 59 290
20 60 119
20 61 94
20 62 103
20 63 94
20 64 126
20 65 283
20 66 197
20 67 143
20 68 110
20 69 247
20 70 180
20 71 133
20 72 107
20 73 279
20 74 231
20 75 45
20 76 273
20 77 148
20 78 99
20 79 277
20 80 129
20 81 168
20 82 113
20 83 153
20 84 271
20 85 4
20 86 296
20 87 189
20 88 144
20 89 83
20 90 124
20 91 30
20 92 98
20 93 112
20 94 280
20 95 114
20 96 258
20 97 14
20 98 234
20 99 216
20 100 255
21 22 41
21 23 179
21 24 175
21 25 79
21 26 128
21 27 97
21 28 188
21 29 173
21 30 103
21 31 65
21 32 119
21 33 82
21 34 193
21 35 258
21 36 285
21 37 61
21 38 220
21 39 198
21 40 161
21 41 231
21 42 129
21 43 98
21 44 59
21 45 84
21 46 77
21 47 229
21 48 150
21 49 234
21 50 74
21 51 98
21 52 104
21 53 70
21 54 34
21 55 179
21 56 145
21 57 260
21 58 155
21 59 58
21 60 206
21 61 47
21 62 65
21 63 210
21 64 0
21 65 278
21 66 182
21 67 183
21 68 141
21 69 208
21 70 4
21 71 5
21 72 285
21 73 100
21 74 83
21 75 125
21 76 195
21 77 208
21 78 81
21 79 32
21 80 117
21 81 260
21 82 241
21 83 217
21 84 49
21 85 140
21 86 9
21 87 230
21 88 60
21 89 294
21 90 264
21 91 211
21 92 249
21 93 168
21 94 28
21 95 71
21 96 206
21 97 163
21 98 227
21 99 212
21 100 259
22 23 296
22 24 188
22 25 190
22 26 242
22 27 294
22 28 69
22 29 104
22 30 163
22 31 294
22 32 121
22 33 144
22 34 242
22 35 22
22 36 80
22 37 75
22 38 216
22 39 41
22 40 87
22 41 49
22 42 7
22 43 222
22 44 14
22 45 82
22 46 128
22 47 146
22 48 264
22 49 155
22 50 145
22 51 76
22 52 43
22 53 43
22 54 135
22 55 259
22 56 200
22 57 135
22 58 158
22 59 35
22 60 152
22 61 201
22 62 219
22 63 150
22 64 170
22 65 26
22 66 42
22 67 42
22 68 197
22 69 177
22 70 290
22 71 279
22 72 274
22 73 21
22 74 109
22 75 255
22 76 52
22 77 124
22 78 147
22 79 230
22 80 213
22 81 210
22 82 207
22 83 238
22 84 103
22 85 214
22 86 38
22 87 257
22 88 262
22 89 18
22 90 238
22 91 218
22 92 121
22 93 21
22 94 71
22 95 270
22 96 118
22 97 172
22 98 299
22 99 115
22 100 26
23 24 265
23 25 297
23 26 257
23 27 171
23 28 6
23 29 139
23 30 80
23 31 140
23 32 259
23 33 12
23 34 26
23 35 190
23 36 212
23 37 286
23 38 54
23 39 277
23 40 139
23 41 167
23 42 104
23 43 269
23 44 243
23 45 122
23 46 68
23 47 246
23 48 23
23 49 197
23 50 101
23 51 10
23 52 184
23 53 66
23 54 129
23 55 130
23 56 169
23 57 92
23 58 43
23 59 84
23 60 127
23 61 83
23 62 138
23 63 263
23 64 193
23 65 108
23 66 136
23 67 185
23 68 145
23 69 68
23 70 175
23 71 77
23 72 263
23 73 229
23 74 93
23 75 183
23 76 169
23 77 155
23 78 231
23 79 51
23 80 160
23 81 151
23 82 43
23 83 214
23 84 63
23 85 234
23 86 268
23 87 53
23 88 115
23 89 241
23 90 137
23 91 18
23 92 150
23 93 118
23 94 271
23 95 110
23 96 252
23 97 72
23 98 77
23 99 275
23 100 91
24 25 56
24 26 201
24 27 185
24 28 229
24 29 234
24 30 51
24 31 173
24 32 165
24 33 245
24 34 49
24 35 4
24 36 198
24 37 250
24 38 36
24 39 279
24 40 123
24 41 174
24 42 133
24 43 124
24 44 198
24 45 228
24 46 254
24 47 246
24 48 194
24 49 137
24 50 295
24 51 108
24 52 82
24 53 197
24 54 93
24 55 79
24 56 185
24 57 38
24 58 257
24 59 295
24 60 10
24 61 264
24 62 18
24 63 96
24 64 118
24 65 30
24 66 157
24 67 275
24 68 142
24 69 47
24 70 252
24 71 13
24 72 146
24 73 35
24 74 271
24 75 28
24 76 220
24 77 21
24 78 186
24 79 267
24 80 153
24 81 205
24 82 137
24 83 283
24 84 192
24 85 5
24 86 296
24 87 134
24 88 289
24 89 104
24 90 218
24 91 66
24 92 131
24 93 89
24 94 173
24 95 59
24 96 165
24 97 225
24 98 3
24 99 174
24 100 296
25 26 45
25 27 79
25 28 198
25 29 241
25 30 172
25 31 135
25 32 277
25 33 173
25 34 238
25 35 185
25 36 164
25 37 33
25 38 11
25 39 45
25 40 134
25 41 173
25 42 169
25 43 78
25 44 1
25 45 108
25 46 44
25 47 206
25 48 292
25 49 265
25 50 226
25 51 86
25 52 272
25 53 276
25 54 251
25 55 158
25 56 228
25 57 0
25 58 62
25 59 234
25 60 27
25 61 75
25 62 211
25 63 278
25 64 204
25 65 78
25 66 239
25 67 296
25 68 147
25 69 229
25 70 285
25 71 215
25 72 65
25 73 166
25 74 283
25 75 65
25 76 246
25 77 110
25 78 144
25 79 285
25 80 249
25 81 73
25 82 42
25 83 29
25 84 221
25 85 61
25 86 154
25 87 210
25 88 226
25 89 151
25 90 52
25 91 126
25 92 160
25 93 216
25 94 218
25 95 45
25 96 51
25 97 0
25 98 129
25 99 31
25 100 24
26 27 75
26 28 35
26 29 59
26 30 257
26 31 171
26 32 253
26 33 122
26 34 210
26 35 281
26 36 233
26 37 102
26 38 11
26 39 62
26 40 45
26 41 278
26 42 119
26 43 112
26 44 129
26 45 288
26 46 290
26 47 169
26 48 212
26 49 201
26 50 80
26 51 258
26 52 41
26 53 8
26 54 175
26 55 34
26 56 178
26 57 45
26 58 203
26 59 248
26 60 39
26 61 16
26 62 68
26 63 209
26 64 100
26 65 247
26 66 236
26 67 281
26 68 164
26 69 63
26 70 249
26 71 103
26 72 145
26 73 73
26 74 210
26 75 57
26 76 47
26 77 197
26 78 110
26 79 85
26 80 24
26 81 296
26 82 116
26 83 116
26 84 72
26 85 276
26 86 120
26 87 123
26 88 219
26 89 122
26 90 148
26 91 88
26 92 16
26 93 152
26 94 78
26 95 92
26 96 106
26 97 35
26 98 216
26 99 163
26 100 205
27 28 203
27 29 167
27 30 31
27 31 162
27 32 100
27 33 15
27 34 112
27 35 160
27 36 2
27 37 143
27 38 274
27 39 87
27 40 56
27 41 234
27 42 132
27 43 21
27 44 52
27 45 109
27 46 123
27 47 52
27 48 131
27 49 81
27 50 31
27 51 97
27 52 50
27 53 123
27 54 170
27 55 287
27 56 204
27 57 293
27 58 241
27 59 6
27 60 200
27 61 289
27 62 237
27 63 84
27 64 203
27 65 242
27 66 182
27 67 223
27 68 219
27 69 105
27 70 90
27 71 218
27 72 3
27 73 172
27 74 72
27 75 32
27 76 65
27 77 108
27 78 291
27 79 201
27 80 159
27 81 43
27 82 68
27 83 204
27 84 219
27 85 211
27 86 191
27 87 160
27 88 248
27 89 142
27 90 203
27 91 166
27 92 177
27 93 157
27 94 176
27 95 274
27 96 85
27 97 20
27 98 1
27 99 82
27 100 274
28 29 104
28 30 296
28 31 103
28 32 75
28 33 127
28 34 63
28 35 36
28 36 68
28 37 39
28 38 18
28 39 9
28 40 135
28 41 118
28 42 211
28 43 99
28 44 235
28 45 126
28 46 172
28 47 230
28 48 197
28 49 138
28 50 8
28 51 136
28 52 203
28 53 143
28 54 213
28 55 113
28 56 206
28 57 177
28 58 147
28 59 27
28 60 65
28 61 144
28 62 91
28 63 73
28 64 101
28 65 91
28 66 203
28 67 290
28 68 66
28 69 120
28 70 201
28 71 11
28 72 141
28 73 0
28 74 199
28 75 99
28 76 94
28 77 201
28 78 295
28 79 15
28 80 141
28 81 129
28 82 20
28 83 284
28 84 286
28 85 104
28 86 152
28 87 148
28 88 19
28 89 118
28 90 172
28 91 246
28 92 288
28 93 140
28 94 46
28 95 149
28 96 73
28 97 24
28 98 180
28 99 239
28 100 97
29 30 289
29 31 120
29 32 141
29 33 190
29 34 208
29 35 288
29 36 264
29 37 71
29 38 145
29 39 100
29 40 4
29 41 90
29 42 222
29 43 248
29 44 191
29 45 151
29 46 181
29 47 76
29 48 275
29 49 72
29 50 200
29 51 119
29 52 198
29 53 126
29 54 218
29 55 38
29 56 90
29 57 103
29 58 256
29 59 239
29 60 48
29 61 258
29 62 214
29 63 231
29 64 15
29 65 281
29 66 144
29 67 236
29 68 162
29 69 298
29 70 2
29 71 264
29 72 187
29 73 183
29 74 55
29 75 271
29 76 285
29 77 33
29 78 3
29 79 107
29 80 114
29 81 165
29 82 27
29 83 179
29 84 292
29 85 70
29 86 79
29 87 150
29 88 100
29 89 226
29 90 299
29 91 36
29 92 170
29 93 207
29 94 151
29 95 72
29 96 43
29 97 109
29 98 192
29 99 109
29 100 236
30 31 91
30 32 297
30 33 294
30 34 11
30 35 113
30 36 269
30 37 51
30 38 63
30 39 275
30 40 56
30 41 206
30 42 187
30 43 227
30 44 234
30 45 6
30 46 234
30 47 203
30 48 85
30 49 291
30 50 32
30 51 286
30 52 142
30 53 193
30 54 55
30 55 247
30 56 286
30 57 93
30 58 245
30 59 242
30 60 85
30 61 42
30 62 49
30 63 246
30 64 136
30 65 219
30 66 139
30 67 9
30 68 136
30 69 252
30 70 118
30 71 166
30 72 203
30 73 158
30 74 25
30 75 210
30 76 280
30 77 25
30 78 230
30 79 121
30 80 128
30 81 197
30 82 131
30 83 276
30 84 90
30 85 52
30 86 254
30 87 282
30 88 178
30 89 11
30 90 289
30 91 69
30 92 238
30 93 20
30 94 277
30 95 46
30 96 151
30 97 49
30 98 297
30 99 94
30 100 12
31 32 187
31 33 148
31 34 17
31 35 42
31 36 92
31 37 284
31 38 37
31 39 209
31 40 51
31 41 201
31 42 169
31 43 174
31 44 21
31 45 75
31 46 197
31 47 94
31 48 44
31 49 266
31 50 250
31 51 58
31 52 248
31 53 51
31 54 14
31 55 158
31 56 88
31 57 139
31 58 207
31 59 140
31 60 39
31 61 126
31 62 86
31 63 155
31 64 22
31 65 33
31 66 99
31 67 36
31 68 61
31 69 97
31 70 57
31 71 171
31 72 172
31 73 244
31 74 69
31 75 162
31 76 68
31 77 271
31 78 192
31 79 100
31 80 273
31 81 117
31 82 126
31 83 213
31 84 247
31 85 169
31 86 123
31 87 268
31 88 5
31 89 165
31 90 172
31 91 44
31 92 149
31 93 81
31 94 231
31 95 187
31 96 93
31 97 119
31 98 20
31 99 140
31 100 24
32 33 293
32 34 196
32 35 229
32 36 256
32 37 104
32 38 16
32 39 277
32 40 146
32 41 52
32 42 287
32 43 177
32 44 223
32 45 179
32 46 160
32 47 133
32 48 156
32 49 293
32 50 244
32 51 132
32 52 99
32 53 0
32 54 180
32 55 141
32 56 215
32 57 180
32 58 242
32 59 299
32 60 294
32 61 63
32 62 251
32 63 202
32 64 0
32 65 47
32 66 108
32 67 202
32 68 53
32 69 235
32 70 269
32 71 53
32 72 146
32 73 78
32 74 46
32 75 235
32 76 249
32 77 114
32 78 176
32 79 222
32 80 100
32 81 152
32 82 179
32 83 261
32 84 298
32 85 156
32 86 110
32 87 79
32 88 103
32 89 33
32 90 229
32 91 101
32 92 19
32 93 32
32 94 293
32 95 201
32 96 190
32 97 192
32 98 153
32 99 130
32 100 246
33 34 245
33 35 74
33 36 240
33 37 192
33 38 201
33 39 261
33 40 116
33 41 71
33 42 22
33 43 24
33 44 48
33 45 138
33 46 119
33 47 153
33 48 87
33 49 112
33 50 263
33 51 52
33 52 253
33 53 244
33 54 216
33 55 144
33 56 102
33 57 47
33 58 218
33 59 67
33 60 7
33 61 259
33 62 49
33 63 165
33 64 124
33 65 173
33 66 229
33 67 24
33 68 144
33 69 239
33 70 208
33 71 191
33 72 204
33 73 240
33 74 11
33 75 60
33 76 92
33 77 215
33 78 43
33 79 253
33 80 8
33 81 243
33 82 143
33 83 95
33 84 290
33 85 181
33 86 195
33 87 269
33 88 110
33 89 9
33 90 81
33 91 90
33 92 268
33 93 108
33 94 169
33 95 77
33 96 43
33 97 166
33 98 42
33 99 5
33 100 29
34 35 143
34 36 0
34 37 159
34 38 150
34 39 81
34 40 131
34 41 134
34 42 23
34 43 218
34 44 108
34 45 246
34 46 234
34 47 81
34 48 29
34 49 83
34 50 258
34 51 68
34 52 283
34 53 166
34 54 223
34 55 292
34 56 30
34 57 117
34 58 28
34 59 54
34 60 108
34 61 179
34 62 216
34 63 265
34 64 201
34 65 60
34 66 263
34 67 176
34 68 182
34 69 93
34 70 106
34 71 285
34 72 1
34 73 23
34 74 244
34 75 181
34 76 229
34 77 60
34 78 202
34 79 288
34 80 249
34 81 131
34 82 104
34 83 237
34 84 298
34 85 92
34 86 134
34 87 277
34 88 97
34 89 179
34 90 51
34 91 292
34 92 52
34 93 174
34 94 93
34 95 196
34 96 290
34 97 55
34 98 296
34 99 269
34 100 4
35 36 175
35 37 123
35 38 233
35 39 117
35 40 159
35 41 207
35 42 114
35 43 230
35 44 161
35 45 215
35 46 118
35 47 200
35 48 262
35 49 86
35 50 5
35 51 77
35 52 92
35 53 198
35 54 230
35 55 111
35 56 215
35 57 64
35 58 24
35 59 204
35 60 154
35 61 0
35 62 34
35 63 113
35 64 280
35 65 232
35 66 99
35 67 289
35 68 295
35 69 76
35 70 294
35 71 233
35 72 37
35 73 81
35 74 277
35 75 68
35 76 272
35 77 252
35 78 83
35 79 250
35 80 188
35 81 119
35 82 18
35 83 111
35 84 284
35 85 10
35 86 149
35 87 158
35 88 81
35 89 121
35 90 57
35 91 116
35 92 292
35 93 233
35 94 284
35 95 112
35 96 239
35 97 155
35 98 263
35 99 138
35 100 2
36 37 138
36 38 186
36 39 140
36 40 226
36 41 167
36 42 218
36 43 196
36 44 109
36 45 4
36 46 291
36 47 208
36 48 29
36 49 277
36 50 249
36 51 39
36 52 250
36 53 146
36 54 81
36 55 161
36 56 169
36 57 195
36 58 152
36 59 113
36 60 85
36 61 135
36 62 232
36 63 249
36 64 264
36 65 29
36 66 152
36 67 199
36 68 241
36 69 71
36 70 274
36 71 251
36 72 205
36 73 171
36 74 275
36 75 9
36 76 291
36 77 281
36 78 175
36 79 289
36 80 216
36 81 125
36 82 227
36 83 294
36 84 151
36 85 12
36 86 217
36 87 66
36 88 84
36 89 93
36 90 61
36 91 206
36 92 99
36 93 173
36 94 48
36 95 69
36 96 51
36 97 270
36 98 269
36 99 200
36 100 225
37 38 279
37 39 281
37 40 264
37 41 73
37 42 269
37 43 245
37 44 15
37 45 90
37 46 245
37 47 247
37 48 233
37 49 164
37 50 159
37 51 296
37 52 159
37 53 243
37 54 163
37 55 211
37 56 134
37 57 289
37 58 147
37 59 20
37 60 44
37 61 174
37 62 199
37 63 131
37 64 293
37 65 240
37 66 22
37 67 49
37 68 244
37 69 57
37 70 38
37 71 215
37 72 20
37 73 150
37 74 83
37 75 102
37 76 9
37 77 97
37 78 236
37 79 223
37 80 196
37 81 88
37 82 113
37 83 183
37 84 226
37 85 138
37 86 105
37 87 132
37 88 163
37 89 241
37 90 225
37 91 19
37 92 123
37 93 29
37 94 113
37 95 191
37 96 86
37 97 145
37 98 71
37 99 235
37 100 100
38 39 20
38 40 151
38 41 249
38 42 59
38 43 288
38 44 32
38 45 130
38 46 168
38 47 253
38 48 289
38 49 101
38 50 234
38 51 113
38 52 14
38 53 58
38 54 192
38 55 160
38 56 172
38 57 278
38 58 99
38 59 81
38 60 266
38 61 80
38 62 111
38 63 88
38 64 144
38 65 247
38 66 256
38 67 152
38 68 92
38 69 132
38 70 45
38 71 105
38 72 190
38 73 134
38 74 107
38 75 122
38 76 187
38 77 222
38 78 109
38 79 207
38 80 145
38 81 194
38 82 109
38 83 185
38 84 231
38 85 0
38 86 58
38 87 48
38 88 119
38 89 262
38 90 185
38 91 277
38 92 299
38 93 233
38 94 139
38 95 48
38 96 83
38 97 74
38 98 59
38 99 32
38 100 154
39 40 244
39 41 72
39 42 204
39 43 232
39 44 107
39 45 130
39 46 261
39 47 65
39 48 295
39 49 24
39 50 121
39 51 64
39 52 103
39 53 267
39 54 252
39 55 112
39 56 144
39 57 268
39 58 198
39 59 133
39 60 107
39 61 14
39 62 48
39 63 104
39 64 42
39 65 77
39 66 120
39 67 2
39 68 276
39 69 148
39 70 214
39 71 64
39 72 134
39 73 68
39 74 218
39 75 73
39 76 224
39 77 133
39 78 70
39 79 66
39 80 232
39 81 76
39 82 94
39 83 35
39 84 189
39 85 12
39 86 153
39 87 35
39 88 80
39 89 244
39 90 83
39 91 299
39 92 113
39 93 120
39 94 182
39 95 221
39 96 251
39 97 252
39 98 182
39 99 260
39 100 62
40 41 115
40 42 91
40 43 234
40 44 197
40 45 247
40 46 120
40 47 175
40 48 171
40 49 243
40 50 8
40 51 29
40 52 247
40 53 131
40 54 89
40 55 157
40 56 148
40 57 63
40 58 130
40 59 146
40 60 181
40 61 82
40 62 198
40 63 144
40 64 258
40 65 299
40 66 202
40 67 265
40 68 175
40 69 49
40 70 83
40 71 81
40 72 0
40 73 138
40 74 56
40 75 264
40 76 90
40 77 278
40 78 64
40 79 267
40 80 118
40 81 10
40 82 164
40 83 35
40 84 182
40 85 299
40 86 122
40 87 99
40 88 75
40 89 244
40 90 147
40 91 65
40 92 118
40 93 63
40 94 177
40 95 111
40 96 39
40 97 198
40 98 209
40 99 201
40 100 105
41 42 136
41 43 278
41 44 36
41 45 46
41 46 91
41 47 151
41 48 106
41 49 48
41 50 207
41 51 122
41 52 176
41 53 77
41 54 151
41 55 78
41 56 108
41 57 42
41 58 294
41 59 141
41 60 226
41 61 105
41 62 31
41 63 57
41 64 205
41 65 162
41 66 129
41 67 223
41 68 237
41 69 38
41 70 271
41 71 202
41 72 26
41 73 41
41 74 230
41 75 7
41 76 19
41 77 23
41 78 236
41 79 54
41 80 40
41 81 116
41 82 128
41 83 223
41 84 121
41 85 278
41 86 291
41 87 197
41 88 21
41 89 290
41 90 124
41 91 206
41 92 96
41 93 104
41 94 223
41 95 133
41 96 2
41 97 204
41 98 218
41 99 161
41 100 162
42 43 192
42 44 45
42 45 207
42 46 95
42 47 156
42 48 290
42 49 74
42 50 238
42 51 235
42 52 85
42 53 252
42 54 103
42 55 235
42 56 104
42 57 266
42 58 58
42 59 172
42 60 204
42 61 226
42 62 205
42 63 80
42 64 261
42 65 136
42 66 182
42 67 140
42 68 149
42 69 265
42 70 233
42 71 44
42 72 177
42 73 210
42 74 131
42 75 266
42 76 88
42 77 79
42 78 29
42 79 176
42 80 215
42 81 69
42 82 207
42 83 160
42 84 154
42 85 274
42 86 142
42 87 239
42 88 245
42 89 276
42 90 45
42 91 270
42 92 291
42 93 177
42 94 211
42 95 183
42 96 54
42 97 164
42 98 17
42 99 3
42 100 69
43 44 207
43 45 139
43 46 261
43 47 39
43 48 78
43 49 141
43 50 166
43 51 154
43 52 106
43 53 66
43 54 75
43 55 143
43 56 202
43 57 223
43 58 51
43 59 65
43 60 159
43 61 247
43 62 138
43 63 226
43 64 16
43 65 174
43 66 46
43 67 112
43 68 243
43 69 128
43 70 161
43 71 239
43 72 163
43 73 97
43 74 170
43 75 18
43 76 169
43 77 55
43 78 238
43 79 118
43 80 280
43 81 294
43 82 238
43 83 0
43 84 26
43 85 180
43 86 165
43 87 268
43 88 73
43 89 159
43 90 284
43 91 98
43 92 142
43 93 192
43 94 250
43 95 169
43 96 7
43 97 178
43 98 201
43 99 212
43 100 162
44 45 75
44 46 197
44 47 110
44 48 252
44 49 102
44 50 186
44 51 110
44 52 158
44 53 291
44 54 139
44 55 232
44 56 296
44 57 237
44 58 118
44 59 17
44 60 192
44 61 93
44 62 118
44 63 146
44 64 277
44 65 240
44 66 7
44 67 112
44 68 121
44 69 246
44 70 289
44 71 176
44 72 219
44 73 148
44 74 35
44 75 20
44 76 281
44 77 179
44 78 47
44 79 269
44 80 150
44 81 185
44 82 210
44 83 240
44 84 177
44 85 290
44 86 251
44 87 53
44 88 196
44 89 191
44 90 198
44 91 168
44 92 17
44 93 141
44 94 28
44 95 224
44 96 281
44 97 277
44 98 21
44 99 160
44 100 89
45 46 271
45 47 233
45 48 294
45 49 109
45 50 129
45 51 20
45 52 39
45 53 54
45 54 95
45 55 211
45 56 67
45 57 224
45 58 229
45 59 291
45 60 140
45 61 279
45 62 109
45 63 153
45 64 175
45 65 176
45 66 296
45 67 58
45 68 170
45 69 91
45 70 140
45 71 35
45 72 164
45 73 221
45 74 195
45 75 271
45 76 227
45 77 268
45 78 283
45 79 73
45 80 162
45 81 6
45 82 28
45 83 40
45 84 89
45 85 30
45 86 221
45 87 94
45 88 257
45 89 239
45 90 270
45 91 154
45 92 77
45 93 272
45 94 230
45 95 51
45 96 138
45 97 143
45 98 285
45 99 224
45 100 294
46 47 77
46 48 18
46 49 34
46 50 186
46 51 289
46 52 74
46 53 13
46 54 51
46 55 43
46 56 216
46 57 170
46 58 201
46 59 71
46 60 98
46 61 39
46 62 269
46 63 200
46 64 247
46 65 107
46 66 236
46 67 138
46 68 257
46 69 60
46 70 40
46 71 178
46 72 111
46 73 140
46 74 10
46 75 110
46 76 298
46 77 116
46 78 262
46 79 63
46 80 4
46 81 184
46 82 191
46 83 264
46 84 201
46 85 219
46 86 219
46 87 68
46 88 16
46 89 130
46 90 133
46 91 55
46 92 118
46 93 79
46 94 247
46 95 138
46 96 244
46 97 239
46 98 14
46 99 7
46 100 206
47 48 240
47 49 150
47 50 241
47 51 228
47 52 151
47 53 163
47 54 21
47 55 186
47 56 196
47 57 67
47 58 263
47 59 138
47 60 189
47 61 57
47 62 154
47 63 168
47 64 203
47 65 173
47 66 274
47 67 146
47 68 188
47 69 121
47 70 229
47 71 228
47 72 161
47 73 151
47 74 48
47 75 269
47 76 243
47 77 299
47 78 195
47 79 101
47 80 120
47 81 275
47 82 41
47 83 76
47 84 252
47 85 297
47 86 84
47 87 22
47 88 158
47 89 20
47 90 26
47 91 158
47 92 5
47 93 27
47 94 86
47 95 259
47 96 116
47 97 30
47 98 46
47 99 160
47 100 232
48 49 155
48 50 152
48 51 70
48 52 181
48 53 33
48 54 43
48 55 126
48 56 299
48 57 8
48 58 225
48 59 173
48 60 31
48 61 136
48 62 54
48 63 105
48 64 186
48 65 78
48 66 220
48 67 17
48 68 16
48 69 145
48 70 47
48 71 282
48 72 54
48 73 278
48 74 36
48 75 136
48 76 36
48 77 23
48 78 64
48 79 179
48 80 82
48 81 124
48 82 4
48 83 184
48 84 15
48 85 64
48 86 265
48 87 140
48 88 250
48 89 49
48 90 231
48 91 259
48 92 189
48 93 295
48 94 297
48 95 163
48 96 96
48 97 35
48 98 17
48 99 17
48 100 129
49 50 161
49 51 134
49 52 90
49 53 81
49 54 62
49 55 7
49 56 175
49 57 44
49 58 17
49 59 89
49 60 256
49 61 196
49 62 113
49 63 273
49 64 210
49 65 235
49 66 62
49 67 21
49 68 259
49 69 248
49 70 195
49 71 27
49 72 37
49 73 255
49 74 11
49 75 112
49 76 18
49 77 128
49 78 149
49 79 52
49 80 229
49 81 18
49 82 70
49 83 166
49 84 101
49 85 169
49 86 204
49 87 209
49 88 146
49 89 38
49 90 116
49 91 168
49 92 171
49 93 220
49 94 62
49 95 237
49 96 197
49 97 62
49 98 41
49 99 174
49 100 154
50 51 190
50 52 242
50 53 211
50 54 138
50 55 249
50 56 68
50 57 26
50 58 106
50 59 163
50 60 130
50 61 179
50 62 291
50 63 226
50 64 39
50 65 174
50 66 194
50 67 210
50 68 61
50 69 91
50 70 102
50 71 91
50 72 186
50 73 181
50 74 271
50 75 162
50 76 50
50 77 43
50 78 195
50 79 93
50 80 258
50 81 170
50 82 225
50 83 5
50 84 254
50 85 260
50 86 78
50 87 208
50 88 109
50 89 154
50 90 262
50 91 222
50 92 182
50 93 94
50 94 289
50 95 158
50 96 294
50 97 84
50 98 117
50 99 55
50 100 238
51 52 25
51 53 1
51 54 77
51 55 52
51 56 287
51 57 229
51 58 90
51 59 14
51 60 206
51 61 117
51 62 112
51 63 257
51 64 165
51 65 110
51 66 19
51 67 183
51 68 32
51 69 70
51 70 234
51 71 174
51 72 214
51 73 299
51 74 287
51 75 218
51 76 166
51 77 224
51 78 278
51 79 143
51 80 124
51 81 13
51 82 220
51 83 170
51 84 153
51 85 30
51 86 19
51 87 183
51 88 114
51 89 274
51 90 123
51 91 77
51 92 261
51 93 70
51 94 284
51 95 131
51 96 1
51 97 221
51 98 32
51 99 240
51 100 15
52 53 14
52 54 214
52 55 295
52 56 106
52 57 238
52 58 202
52 59 266
52 60 273
52 61 22
52 62 158
52 63 297
52 64 14
52 65 251
52 66 188
52 67 110
52 68 59
52 69 141
52 70 106
52 71 77
52 72 62
52 73 158
52 74 207
52 75 68
52 76 260
52 77 208
52 78 135
52 79 263
52 80 215
52 81 135
52 82 38
52 83 175
52 84 73
52 85 35
52 86 74
52 87 104
52 88 137
52 89 91
52 90 76
52 91 228
52 92 94
52 93 58
52 94 108
52 95 20
52 96 177
52 97 179
52 98 241
52 99 34
52 100 234
53 54 74
53 55 279
53 56 41
53 57 230
53 58 50
53 59 27
53 60 17
53 61 36
53 62 161
53 63 259
53 64 242
53 65 216
53 66 241
53 67 212
53 68 249
53 69 273
53 70 288
53 71 180
53 72 121
53 73 276
53 74 118
53 75 277
53 76 52
53 77 211
53 78 104
53 79 105
53 80 122
53 81 282
53 82 298
53 83 258
53 84 62
53 85 110
53 86 82
53 87 296
53 88 145
53 89 290
53 90 243
53 91 225
53 92 112
53 93 93
53 94 265
53 95 236
53 96 169
53 97 46
53 98 264
53 99 50
53 100 69
54 55 136
54 56 55
54 57 52
54 58 279
54 59 161
54 60 109
54 61 95
54 62 47
54 63 62
54 64 133
54 65 289
54 66 72
54 67 214
54 68 276
54 69 165
54 70 212
54 71 153
54 72 234
54 73 255
54 74 237
54 75 16
54 76 295
54 77 185
54 78 56
54 79 216
54 80 94
54 81 270
54 82 190
54 83 83
54 84 16
54 85 284
54 86 215
54 87 88
54 88 2
54 89 286
54 90 240
54 91 186
54 92 290
54 93 86
54 94 194
54 95 89
54 96 47
54 97 159
54 98 245
54 99 279
54 100 92
55 56 248
55 57 248
55 58 53
55 59 269
55 60 219
55 61 207
55 62 49
55 63 261
55 64 7
55 65 183
55 66 99
55 67 7
55 68 144
55 69 158
55 70 143
55 71 113
55 72 151
55 73 110
55 74 154
55 75 282
55 76 63
55 77 135
55 78 171
55 79 110
55 80 184
55 81 96
55 82 148
55 83 188
55 84 92
55 85 121
55 86 127
55 87 127
55 88 77
55 89 288
55 90 275
55 91 227
55 92 236
55 93 141
55 94 24
55 95 175
55 96 292
55 97 130
55 98 133
55 99 267
55 100 73
56 57 11
56 58 226
56 59 138
56 60 283
56 61 231
56 62 125
56 63 5
56 64 190
56 65 188
56 66 144
56 67 140
56 68 151
56 69 83
56 70 100
56 71 175
56 72 257
56 73 244
56 74 294
56 75 12
56 76 54
56 77 190
56 78 110
56 79 4
56 80 73
56 81 256
56 82 39
56 83 146
56 84 12
56 85 94
56 86 178
56 87 114
56 88 172
56 89 59
56 90 205
56 91 232
56 92 129
56 93 77
56 94 136
56 95 11
56 96 155
56 97 106
56 98 14
56 99 14
56 100 269
57 58 13
57 59 73
57 60 270
57 61 283
57 62 142
57 63 222
57 64 115
57 65 130
57 66 161
57 67 99
57 68 30
57 69 255
57 70 241
57 71 135
57 72 141
57 73 256
57 74 39
57 75 65
57 76 69
57 77 196
57 78 95
57 79 35
57 80 77
57 81 84
57 82 49
57 83 193
57 84 206
57 85 275
57 86 47
57 87 215
57 88 110
57 89 272
57 90 280
57 91 265
57 92 198
57 93 43
57 94 286
57 95 141
57 96 172
57 97 13
57 98 232
57 99 139
57 100 144
58 59 201
58 60 77
58 61 182
58 62 243
58 63 31
58 64 121
58 65 95
58 66 76
58 67 86
58 68 124
58 69 121
58 70 88
58 71 36
58 72 40
58 73 186
58 74 258
58 75 269
58 76 61
58 77 237
58 78 136
58 79 99
58 80 138
58 81 211
58 82 260
58 83 31
58 84 248
58 85 155
58 86 2
58 87 146
58 88 281
58 89 201
58 90 209
58 91 273
58 92 41
58 93 225
58 94 85
58 95 217
58 96 28
58 97 24
58 98 254
58 99 82
58 100 26
59 60 262
59 61 171
59 62 138
59 63 216
59 64 187
59 65 51
59 66 126
59 67 284
59 68 294
59 69 239
59 70 49
59 71 10
59 72 122
59 73 43
59 74 81
59 75 139
59 76 244
59 77 129
59 78 107
59 79 7
59 80 268
59 81 279
59 82 180
59 83 166
59 84 114
59 85 268
59 86 208
59 87 46
59 88 287
59 89 5
59 90 85
59 91 61
59 92 42
59 93 258
59 94 113
59 95 144
59 96 211
59 97 21
59 98 200
59 99 177
59 100 74
60 61 118
60 62 148
60 63 74
60 64 222
60 65 24
60 66 29
60 67 120
60 68 53
60 69 118
60 70 173
60 71 187
60 72 243
60 73 158
60 74 26
60 75 125
60 76 163
60 77 187
60 78 268
60 79 288
60 80 286
60 81 54
60 82 272
60 83 182
60 84 236
60 85 225
60 86 50
60 87 215
60 88 287
60 89 164
60 90 89
60 91 126
60 92 83
60 93 162
60 94 227
60 95 17
60 96 152
60 97 51
60 98 282
60 99 191
60 100 188
61 62 274
61 63 292
61 64 139
61 65 130
61 66 219
61 67 95
61 68 124
61 69 298
61 70 125
61 71 289
61 72 81
61 73 159
61 74 93
61 75 156
61 76 170
61 77 18
61 78 236
61 79 197
61 80 128
61 81 108
61 82 108
61 83 232
61 84 45
61 85 113
61 86 104
61 87 252
61 88 231
61 89 111
61 90 243
61 91 207
61 92 53
61 93 35
61 94 105
61 95 75
61 96 162
61 97 156
61 98 177
61 99 51
61 100 240
62 63 292
62 64 160
62 65 102
62 66 19
62 67 10
62 68 165
62 69 264
62 70 159
62 71 298
62 72 63
62 73 93
62 74 36
62 75 173
62 76 164
62 77 130
62 78 222
62 79 157
62 80 162
62 81 33
62 82 253
62 83 167
62 84 295
62 85 12
62 86 212
62 87 12
62 88 230
62 89 163
62 90 132
62 91 111
62 92 59
62 93 290
62 94 110
62 95 41
62 96 101
62 97 222
62 98 288
62 99 65
62 100 180
63 64 155
63 65 228
63 66 117
63 67 9
63 68 212
63 69 163
63 70 37
63 71 120
63 72 244
63 73 78
63 74 209
63 75 3
63 76 160
63 77 92
63 78 215
63 79 96
63 80 234
63 81 155
63 82 293
63 83 296
63 84 9
63 85 101
63 86 263
63 87 6
63 88 84
63 89 224
63 90 150
63 91 145
63 92 70
63 93 116
63 94 38
63 95 267
63 96 165
63 97 47
63 98 47
63 99 236
63 100 45
64 65 191
64 66 80
64 67 208
64 68 228
64 69 84
64 70 73
64 71 196
64 72 43
64 73 291
64 74 2
64 75 120
64 76 69
64 77 84
64 78 163
64 79 193
64 80 143
64 81 218
64 82 289
64 83 205
64 84 24
64 85 249
64 86 83
64 87 193
64 88 279
64 89 295
64 90 55
64 91 205
64 92 252
64 93 36
64 94 88
64 95 82
64 96 172
64 97 179
64 98 154
64 99 176
64 100 72
65 66 161
65 67 88
65 68 72
65 69 24
65 70 163
65 71 221
65 72 223
65 73 195
65 74 220
65 75 284
65 76 123
65 77 68
65 78 180
65 79 249
65 80 247
65 81 185
65 82 230
65 83 2
65 84 90
65 85 257
65 86 27
65 87 288
65 88 268
65 89 98
65 90 50
65 91 174
65 92 63
65 93 139
65 94 154
65 95 145
65 96 123
65 97 33
65 98 186
65 99 59
65 100 23
66 67 282
66 68 4
66 69 49
66 70 52
66 71 27
66 72 155
66 73 205
66 74 31
66 75 100
66 76 258
66 77 285
66 78 254
66 79 211
66 80 157
66 81 136
66 82 193
66 83 69
66 84 93
66 85 96
66 86 249
66 87 92
66 88 196
66 89 53
66 90 274
66 91 198
66 92 258
66 93 283
66 94 43
66 95 70
66 96 93
66 97 230
66 98 39
66 99 160
66 100 174
67 68 85
67 69 291
67 70 97
67 71 10
67 72 225
67 73 142
67 74 90
67 75 60
67 76 143
67 77 122
67 78 86
67 79 54
67 80 178
67 81 75
67 82 152
67 83 265
67 84 26
67 85 74
67 86 178
67 87 2
67 88 23
67 89 85
67 90 116
67 91 175
67 92 221
67 93 102
67 94 107
67 95 198
67 96 275
67 97 235
67 98 225
67 99 257
67 100 194
68 69 209
68 70 40
68 71 22
68 72 58
68 73 39
68 74 273
68 75 9
68 76 230
68 77 238
68 78 207
68 79 68
68 80 27
68 81 179
68 82 187
68 83 19
68 84 108
68 85 203
68 86 15
68 87 270
68 88 237
68 89 244
68 90 101
68 91 256
68 92 67
68 93 267
68 94 187
68 95 4
68 96 75
68 97 24
68 98 229
68 99 211
68 100 75
69 70 106
69 71 253
69 72 286
69 73 255
69 74 87
69 75 100
69 76 288
69 77 146
69 78 254
69 79 286
69 80 19
69 81 134
69 82 99
69 83 120
69 84 179
69 85 42
69 86 28
69 87 230
69 88 206
69 89 79
69 90 146
69 91 142
69 92 71
69 93 95
69 94 90
69 95 272
69 96 296
69 97 123
69 98 282
69 99 0
69 100 76
70 71 90
70 72 72
70 73 282
70 74 140
70 75 34
70 76 68
70 77 105
70 78 39
70 79 176
70 80 144
70 81 278
70 82 258
70 83 184
70 84 290
70 85 41
70 86 89
70 87 242
70 88 287
70 89 102
70 90 6
70 91 252
70 92 191
70 93 226
70 94 54
70 95 63
70 96 88
70 97 69
70 98 220
70 99 218
70 100 251
71 72 30
71 73 40
71 74 70
71 75 90
71 76 20
71 77 288
71 78 83
71 79 293
71 80 168
71 81 60
71 82 77
71 83 82
71 84 166
71 85 265
71 86 179
71 87 231
71 88 212
71 89 49
71 90 258
71 91 106
71 92 59
71 93 51
71 94 150
71 95 169
71 96 236
71 97 192
71 98 178
71 99 222
71 100 189
72 73 284
72 74 50
72 75 130
72 76 219
72 77 60
72 78 174
72 79 137
72 80 70
72 81 227
72 82 11
72 83 96
72 84 187
72 85 106
72 86 247
72 87 219
72 88 25
72 89 90
72 90 235
72 91 155
72 92 133
72 93 176
72 94 70
72 95 99
72 96 13
72 97 133
72 98 212
72 99 245
72 100 107
73 74 263
73 75 70
73 76 269
73 77 79
73 78 3
73 79 129
73 80 296
73 81 124
73 82 123
73 83 227
73 84 107
73 85 128
73 86 11
73 87 95
73 88 278
73 89 5
73 90 293
73 91 41
73 92 108
73 93 229
73 94 240
73 95 160
73 96 176
73 97 264
73 98 131
73 99 210
73 100 181
74 75 37
74 76 160
74 77 115
74 78 37
74 79 135
74 80 214
74 81 51
74 82 192
74 83 135
74 84 140
74 85 171
74 86 105
74 87 59
74 88 138
74 89 276
74 90 138
74 91 70
74 92 245
74 93 203
74 94 200
74 95 22
74 96 69
74 97 224
74 98 123
74 99 21
74 100 81
75 76 125
75 77 18
75 78 261
75 79 173
75 80 201
75 81 157
75 82 10
75 83 65
75 84 116
75 85 30
75 86 57
75 87 86
75 88 1
75 89 50
75 90 156
75 91 129
75 92 216
75 93 107
75 94 149
75 95 95
75 96 225
75 97 115
75 98 273
75 99 58
75 100 65
76 77 196
76 78 84
76 79 297
76 80 218
76 81 67
76 82 10
76 83 16
76 84 193
76 85 6
76 86 98
76 87 234
76 88 93
76 89 208
76 90 42
76 91 40
76 92 21
76 93 182
76 94 221
76 95 0
76 96 247
76 97 206
76 98 51
76 99 197
76 100 57
77 78 140
77 79 173
77 80 103
77 81 201
77 82 206
77 83 74
77 84 131
77 85 174
77 86 46
77 87 286
77 88 74
77 89 261
77 90 116
77 91 189
77 92 146
77 93 123
77 94 251
77 95 122
77 96 253
77 97 226
77 98 189
77 99 230
77 100 230
78 79 155
78 80 256
78 81 8
78 82 69
78 83 7
78 84 225
78 85 47
78 86 205
78 87 202
78 88 51
78 89 164
78 90 44
78 91 58
78 92 221
78 93 228
78 94 66
78 95 176
78 96 171
78 97 150
78 98 296
78 99 185
78 100 208
79 80 109
79 81 18
79 82 53
79 83 106
79 84 190
79 85 135
79 86 192
79 87 19
79 88 64
79 89 133
79 90 161
79 91 299
79 92 235
79 93 85
79 94 97
79 95 208
79 96 70
79 97 281
79 98 216
79 99 121
79 100 215
80 81 25
80 82 61
80 83 77
80 84 275
80 85 236
80 86 9
80 87 284
80 88 73
80 89 112
80 90 163
80 91 86
80 92 66
80 93 125
80 94 163
80 95 91
80 96 211
80 97 271
80 98 211
80 99 290
80 100 96
81 82 86
81 83 113
81 84 182
81 85 41
81 86 240
81 87 211
81 88 214
81 89 70
81 90 239
81 91 285
81 92 14
81 93 219
81 94 35
81 95 101
81 96 20
81 97 129
81 98 240
81 99 273
81 100 67
82 83 58
82 84 60
82 85 213
82 86 136
82 87 169
82 88 182
82 89 212
82 90 279
82 91 254
82 92 265
82 93 39
82 94 267
82 95 238
82 96 66
82 97 106
82 98 227
82 99 190
82 100 87
83 84 100
83 85 59
83 86 49
83 87 223
83 88 42
83 89 32
83 90 107
83 91 230
83 92 232
83 93 130
83 94 34
83 95 136
83 96 118
83 97 69
83 98 140
83 99 282
83 100 269
84 85 83
84 86 271
84 87 270
84 88 218
84 89 216
84 90 121
84 91 255
84 92 207
84 93 229
84 94 0
84 95 83
84 96 275
84 97 153
84 98 282
84 99 56
84 100 288
85 86 20
85 87 219
85 88 105
85 89 186
85 90 205
85 91 232
85 92 70
85 93 108
85 94 161
85 95 298
85 96 100
85 97 84
85 98 124
85 99 283
85 100 12
86 87 30
86 88 286
86 89 264
86 90 243
86 91 96
86 92 119
86 93 290
86 94 220
86 95 38
86 96 73
86 97 276
86 98 44
86 99 27
86 100 8
87 88 291
87 89 288
87 90 70
87 91 99
87 92 102
87 93 295
87 94 68
87 95 173
87 96 270
87 97 273
87 98 256
87 99 125
87 100 226
88 89 113
88 90 74
88 91 37
88 92 51
88 93 11
88 94 26
88 95 245
88 96 49
88 97 97
88 98 59
88 99 119
88 100 147
89 90 143
89 91 109
89 92 93
89 93 131
89 94 144
89 95 91
89 96 253
89 97 134
89 98 58
89 99 279
89 100 200
90 91 54
90 92 98
90 93 191
90 94 125
90 95 36
90 96 239
90 97 68
90 98 10
90 99 158
90 100 137
91 92 260
91 93 225
91 94 24
91 95 188
91 96 214
91 97 201
91 98 69
91 99 109
91 100 62
92 93 70
92 94 63
92 95 34
92 96 272
92 97 37
92 98 92
92 99 80
92 100 185
93 94 199
93 95 250
93 96 10
93 97 247
93 98 74
93 99 285
93 100 255
94 95 162
94 96 53
94 97 67
94 98 34
94 99 72
94 100 170
95 96 162
95 97 82
95 98 78
95 99 100
95 100 236
96 97 234
96 98 170
96 99 79
96 100 210
97 98 138
97 99 129
97 100 168
98 99 261
98 100 123
99 100 215
