100 4950
1 2 102
1 3 270
1 4 106
1 5 71
1 6 188
1 7 20
1 8 102
1 9 121
1 10 214
1 11 87
1 12 99
1 13 151
1 14 130
1 15 149
1 16 257
1 17 293
1 18 191
1 19 276
1 20 160
1 21 21
1 22 252
1 23 235
1 24 48
1 25 58
1 26 169
1 27 187
1 28 270
1 29 189
1 30 174
1 31 50
1 32 54
1 33 243
1 34 130
1 35 134
1 36 20
1 37 166
1 38 273
1 39 88
1 40 13
1 41 241
1 42 264
1 43 52
1 44 91
1 45 263
1 46 34
1 47 205
1 48 80
1 49 49
1 50 1
1 51 53
1 52 105
1 53 259
1 54 190
1 55 217
1 56 43
1 57 161
1 58 201
1 59 269
1 60 270
1 61 214
1 62 251
1 63 189
1 64 295
1 65 212
1 66 207
1 67 236
1 68 52
1 69 279
1 70 216
1 71 251
1 72 187
1 73 40
1 74 156
1 75 14
1 76 64
1 77 8
1 78 128
1 79 135
1 80 62
1 81 138
1 82 80
1 83 162
1 84 288
1 85 260
1 86 230
1 87 40
1 88 27
1 89 134
1 90 200
1 91 267
1 92 32
1 93 47
1 94 61
1 95 215
1 96 292
1 97 98
1 98 171
1 99 213
1 100 34
2 3 226
2 4 100
2 5 130
2 6 256
2 7 4
2 8 217
2 9 254
2 10 282
2 11 206
2 12 14
2 13 41
2 14 178
2 15 62
2 16 230
2 17 240
2 18 51
2 19 95
2 20 221
2 21 230
2 22 236
2 23 142
2 24 170
2 25 28
2 26 35
2 27 12
2 28 159
2 29 186
2 30 242
2 31 85
2 32 283
2 33 65
2 34 169
2 35 44
2 36 61
2 37 133
2 38 283
2 39 27
2 40 107
2 41 43
2 42 285
2 43 127
2 44 230
2 45 189
2 46 224
2 47 282
2 48 120
2 49 115
2 50 232
2 51 258
2 52 197
2 53 136
2 54 164
2 55 224
2 56 233
2 57 171
2 58 151
2 59 159
2 60 95
2 61 232
2 62 179
2 63 112
2 64 51
2 65 267
2 66 294
2 67 112
2 68 100
2 69 112
2 70 80
2 71 186
2 72 112
2 73 1
2 74 129
2 75 219
2 76 53
2 77 223
2 78 224
2 79 125
2 80 129
2 81 52
2 82 171
2 83 217
2 84 159
2 85 197
2 86 246
2 87 202
2 88 183
2 89 122
2 90 254
2 91 293
2 92 279
2 93 97
2 94 197
2 95 239
2 96 143
2 97 96
2 98 200
2 99 123
2 100 186
3 4 258
3 5 147
3 6 251
3 7 146
3 8 147
3 9 198
3 10 127
3 11 38
3 12 128
3 13 266
3 14 150
3 15 297
3 16 98
3 17 262
3 18 251
3 19 143
3 20 111
3 21 59
3 22 1
3 23 253
3 24 139
3 25 36
3 26 159
3 27 8
3 28 232
3 29 98
3 30 146
3 31 207
3 32 130
3 33 151
3 34 53
3 35 119
3 36 160
3 37 115
3 38 74
3 39 112
3 40 103
3 41 253
3 42 226
3 43 111
3 44 98
3 45 152
3 46 193
3 47 162
3 48 207
3 49 168
3 50 160
3 51 67
3 52 288
3 53 276
3 54 134
3 55 194
3 56 127
3 57 32
3 58 175
3 59 21
3 60 237
3 61 157
3 62 37
3 63 229
3 64 50
3 65 263
3 66 282
3 67 26
3 68 225
3 69 276
3 70 285
3 71 96
3 72 283
3 73 146
3 74 3
3 75 34
3 76 191
3 77 48
3 78 16
3 79 171
3 80 219
3 81 157
3 82 45
3 83 5
3 84 98
3 85 232
3 86 36
3 87 279
3 88 180
3 89 94
3 90 98
3 91 187
3 92 115
3 93 190
3 94 252
3 95 160
3 96 255
3 97 127
3 98 17
3 99 280
3 100 222
4 5 53
4 6 57
4 7 173
4 8 279
4 9 113
4 10 287
4 11 150
4 12 126
4 13 154
4 14 272
4 15 103
4 16 298
4 17 245
4 18 175
4 19 38
4 20 169
4 21 246
4 22 25
4 23 12
4 24 35
4 25 172
4 26 19
4 27 263
4 28 141
4 29 142
4 30 91
4 31 287
4 32 214
4 33 50
4 34 152
4 35 185
4 36 62
4 37 189
4 38 124
4 39 149
4 40 57
4 41 179
4 42 169
4 43 270
4 44 53
4 45 100
4 46 263
4 47 52
4 48 59
4 49 107
4 50 4
4 51 102
4 52 195
4 53 261
4 54 46
4 55 143
4 56 268
4 57 123
4 58 105
4 59 157
4 60 146
4 61 144
4 62 119
4 63 274
4 64 91
4 65 57
4 66 228
4 67 116
4 68 278
4 69 126
4 70 128
4 71 57
4 72 121
4 73 0
4 74 238
4 75 289
4 76 95
4 77 125
4 78 117
4 79 47
4 80 88
4 81 236
4 82 271
4 83 188
4 84 191
4 85 68
4 86 277
4 87 246
4 88 75
4 89 153
4 90 143
4 91 85
4 92 184
4 93 284
4 94 219
4 95 68
4 96 46
4 97 93
4 98 237
4 99 203
4 100 217
5 6 38
5 7 99
5 8 288
5 9 253
5 10 221
5 11 22
5 12 249
5 13 9
5 14 245
5 15 99
5 16 289
5 17 179
5 18 222
5 19 249
5 20 146
5 21 95
5 22 256
5 23 3
5 24 15
5 25 279
5 26 246
5 27 257
5 28 159
5 29 151
5 30 177
5 31 162
5 32 32
5 33 178
5 34 100
5 35 267
5 36 64
5 37 167
5 38 42
5 39 43
5 40 284
5 41 11
5 42 94
5 43 252
5 44 241
5 45 34
5 46 214
5 47 89
5 48 263
5 49 92
5 50 89
5 51 114
5 52 104
5 53 195
5 54 113
5 55 74
5 56 216
5 57 276
5 58 248
5 59 163
5 60 191
5 61 226
5 62 176
5 63 98
5 64 35
5 65 95
5 66 151
5 67 150
5 68 189
5 69 223
5 70 36
5 71 267
5 72 182
5 73 12
5 74 278
5 75 216
5 76 285
5 77 272
5 78 61
5 79 83
5 80 216
5 81 186
5 82 18
5 83 176
5 84 99
5 85 232
5 86 75
5 87 264
5 88 283
5 89 205
5 90 222
5 91 51
5 92 143
5 93 68
5 94 98
5 95 24
5 96 52
5 97 150
5 98 143
5 99 56
5 100 38
6 7 108
6 8 180
6 9 41
6 10 185
6 11 222
6 12 121
6 13 132
6 14 162
6 15 214
6 16 220
6 17 234
6 18 145
6 19 238
6 20 75
6 21 8
6 22 73
6 23 252
6 24 229
6 25 6
6 26 173
6 27 140
6 28 167
6 29 169
6 30 282
6 31 121
6 32 193
6 33 4
6 34 28
6 35 164
6 36 135
6 37 144
6 38 216
6 39 131
6 40 291
6 41 69
6 42 251
6 43 274
6 44 181
6 45 166
6 46 90
6 47 201
6 48 18
6 49 38
6 50 125
6 51 172
6 52 140
6 53 241
6 54 219
6 55 125
6 56 57
6 57 147
6 58 0
6 59 189
6 60 190
6 61 116
6 62 133
6 63 57
6 64 43
6 65 172
6 66 159
6 67 172
6 68 148
6 69 79
6 70 212
6 71 202
6 72 251
6 73 228
6 74 163
6 75 226
6 76 146
6 77 19
6 78 46
6 79 232
6 80 13
6 81 142
6 82 0
6 83 53
6 84 258
6 85 143
6 86 11
6 87 223
6 88 271
6 89 155
6 90 7
6 91 121
6 92 163
6 93 89
6 94 135
6 95 185
6 96 177
6 97 27
6 98 219
6 99 40
6 100 227
7 8 191
7 9 144
7 10 200
7 11 211
7 12 219
7 13 239
7 14 45
7 15 34
7 16 252
7 17 81
7 18 255
7 19 196
7 20 9
7 21 285
7 22 241
7 23 250
7 24 4
7 25 118
7 26 288
7 27 64
7 28 145
7 29 223
7 30 238
7 31 176
7 32 266
7 33 281
7 34 62
7 35 216
7 36 282
7 37 176
7 38 97
7 39 104
7 40 98
7 41 5
7 42 196
7 43 132
7 44 258
7 45 22
7 46 52
7 47 164
7 48 201
7 49 82
7 50 144
7 51 84
7 52 77
7 53 0
7 54 50
7 55 172
7 56 204
7 57 259
7 58 287
7 59 33
7 60 94
7 61 71
7 62 38
7 63 153
7 64 249
7 65 161
7 66 117
7 67 258
7 68 267
7 69 53
7 70 235
7 71 221
7 72 250
7 73 111
7 74 254
7 75 206
7 76 228
7 77 65
7 78 74
7 79 102
7 80 191
7 81 251
7 82 225
7 83 293
7 84 97
7 85 285
7 86 248
7 87 165
7 88 29
7 89 246
7 90 105
7 91 50
7 92 80
7 93 132
7 94 284
7 95 137
7 96 183
7 97 272
7 98 68
7 99 33
7 100 261
8 9 52
8 10 204
8 11 125
8 12 234
8 13 42
8 14 239
8 15 110
8 16 248
8 17 150
8 18 182
8 19 94
8 20 7
8 21 183
8 22 280
8 23 194
8 24 194
8 25 154
8 26 92
8 27 159
8 28 60
8 29 121
8 30 50
8 31 276
8 32 4
8 33 91
8 34 169
8 35 21
8 36 0
8 37 132
8 38 232
8 39 11
8 40 45
8 41 33
8 42 77
8 43 217
8 44 72
8 45 281
8 46 248
8 47 46
8 48 120
8 49 213
8 50 238
8 51 55
8 52 106
8 53 47
8 54 60
8 55 25
8 56 291
8 57 256
8 58 7
8 59 112
8 60 252
8 61 179
8 62 206
8 63 126
8 64 55
8 65 213
8 66 13
8 67 27
8 68 77
8 69 215
8 70 153
8 71 13
8 72 186
8 73 6
8 74 2
8 75 110
8 76 237
8 77 238
8 78 273
8 79 293
8 80 226
8 81 14
8 82 191
8 83 118
8 84 27
8 85 201
8 86 38
8 87 272
8 88 230
8 89 85
8 90 125
8 91 299
8 92 24
8 93 144
8 94 12
8 95 211
8 96 24
8 97 67
8 98 66
8 99 232
8 100 108
9 10 145
9 11 110
9 12 227
9 13 110
9 14 33
9 15 110
9 16 263
9 17 235
9 18 82
9 19 41
9 20 100
9 21 5
9 22 179
9 23 281
9 24 225
9 25 228
9 26 288
9 27 149
9 28 276
9 29 197
9 30 69
9 31 111
9 32 3
9 33 94
9 34 151
9 35 136
9 36 246
9 37 242
9 38 30
9 39 39
9 40 228
9 41 35
9 42 222
9 43 5
9 44 219
9 45 74
9 46 3
9 47 133
9 48 117
9 49 93
9 50 61
9 51 193
9 52 202
9 53 25
9 54 172
9 55 299
9 56 132
9 57 117
9 58 274
9 59 211
9 60 224
9 61 19
9 62 112
9 63 139
9 64 46
9 65 0
9 66 89
9 67 141
9 68 37
9 69 292
9 70 138
9 71 258
9 72 160
9 73 177
9 74 9
9 75 260
9 76 137
9 77 171
9 78 12
9 79 167
9 80 129
9 81 83
9 82 100
9 83 272
9 84 264
9 85 37
9 86 93
9 87 94
9 88 68
9 89 235
9 90 136
9 91 75
9 92 34
9 93 0
9 94 295
9 95 59
9 96 266
9 97 228
9 98 269
9 99 285
9 100 290
10 11 212
10 12 164
10 13 4
10 14 77
10 15 61
10 16 131
10 17 88
10 18 236
10 19 41
10 20 88
10 21 295
10 22 294
10 23 103
10 24 13
10 25 287
10 26 178
10 27 124
10 28 22
10 29 62
10 30 142
10 31 152
10 32 144
10 33 224
10 34 103
10 35 103
10 36 38
10 37 197
10 38 133
10 39 66
10 40 178
10 41 41
10 42 14
10 43 110
10 44 156
10 45 288
10 46 230
10 47 156
10 48 37
10 49 96
10 50 288
10 51 253
10 52 195
10 53 85
10 54 9
10 55 4
10 56 122
10 57 117
10 58 293
10 59 158
10 60 227
10 61 215
10 62 183
10 63 14
10 64 156
10 65 135
10 66 260
10 67 156
10 68 46
10 69 172
10 70 129
10 71 94
10 72 114
10 73 242
10 74 291
10 75 281
10 76 298
10 77 282
10 78 68
10 79 147
10 80 10
10 81 253
10 82 37
10 83 133
10 84 199
10 85 22
10 86 217
10 87 140
10 88 103
10 89 209
10 90 110
10 91 103
10 92 170
10 93 132
10 94 292
10 95 126
10 96 105
10 97 91
10 98 286
10 99 50
10 100 28
11 12 295
11 13 296
11 14 213
11 15 266
11 16 256
11 17 100
11 18 109
11 19 181
11 20 0
11 21 54
11 22 148
11 23 136
11 24 201
11 25 116
11 26 153
11 27 290
11 28 62
11 29 243
11 30 24
11 31 89
11 32 74
11 33 293
11 34 209
11 35 16
11 36 127
11 37 250
11 38 178
11 39 181
11 40 151
11 41 24
11 42 179
11 43 197
11 44 160
11 45 176
11 46 284
11 47 62
11 48 149
11 49 153
11 50 155
11 51 48
11 52 83
11 53 176
11 54 147
11 55 117
11 56 62
11 57 188
11 58 48
11 59 256
11 60 223
11 61 140
11 62 214
11 63 210
11 64 31
11 65 157
11 66 284
11 67 285
11 68 143
11 69 18
11 70 17
11 71 256
11 72 77
11 73 174
11 74 193
11 75 112
11 76 113
11 77 221
11 78 165
11 79 131
11 80 263
11 81 54
11 82 130
11 83 287
11 84 265
11 85 161
11 86 86
11 87 54
11 88 287
11 89 177
11 90 7
11 91 246
11 92 254
11 93 53
11 94 248
11 95 238
11 96 228
11 97 66
11 98 50
11 99 96
11 100 91
12 13 263
12 14 290
12 15 95
12 16 87
12 17 77
12 18 287
12 19 119
12 20 164
12 21 181
12 22 222
12 23 6
12 24 262
12 25 160
12 26 150
12 27 84
12 28 146
12 29 111
12 30 35
12 31 284
12 32 187
12 33 81
12 34 1
12 35 196
12 36 10
12 37 233
12 38 194
12 39 118
12 40 19
12 41 260
12 42 292
12 43 255
12 44 221
12 45 225
12 46 52
12 47 279
12 48 80
12 49 201
12 50 157
12 51 119
12 52 58
12 53 214
12 54 127
12 55 223
12 56 208
12 57 114
12 58 208
12 59 13
12 60 8
12 61 39
12 62 236
12 63 280
12 64 200
12 65 245
12 66 277
12 67 234
12 68 3
12 69 153
12 70 28
12 71 108
12 72 97
12 73 214
12 74 292
12 75 74
12 76 145
12 77 127
12 78 41
12 79 40
12 80 33
12 81 16
12 82 164
12 83 152
12 84 75
12 85 86
12 86 116
12 87 26
12 88 286
12 89 133
12 90 218
12 91 167
12 92 97
12 93 267
12 94 236
12 95 172
12 96 189
12 97 121
12 98 45
12 99 63
12 100 129
13 14 192
13 15 180
13 16 291
13 17 281
13 18 28
13 19 148
13 20 266
13 21 295
13 22 10
13 23 163
13 24 112
13 25 186
13 26 294
13 27 231
13 28 226
13 29 97
13 30 54
13 31 110
13 32 151
13 33 245
13 34 68
13 35 288
13 36 249
13 37 35
13 38 238
13 39 147
13 40 226
13 41 243
13 42 200
13 43 153
13 44 72
13 45 200
13 46 295
13 47 16
13 48 128
13 49 216
13 50 60
13 51 103
13 52 41
13 53 24
13 54 38
13 55 290
13 56 130
13 57 228
13 58 107
13 59 171
13 60 101
13 61 11
13 62 274
13 63 100
13 64 43
13 65 16
13 66 56
13 67 11
13 68 79
13 69 215
13 70 263
13 71 148
13 72 80
13 73 214
13 74 197
13 75 199
13 76 24
13 77 88
13 78 267
13 79 142
13 80 58
13 81 25
13 82 46
13 83 287
13 84 265
13 85 15
13 86 198
13 87 281
13 88 85
13 89 249
13 90 269
13 91 116
13 92 6
13 93 136
13 94 175
13 95 214
13 96 81
13 97 222
13 98 102
13 99 272
13 100 13
14 15 158
14 16 151
14 17 107
14 18 187
14 19 97
14 20 130
14 21 292
14 22 170
14 23 182
14 24 38
14 25 14
14 26 3
14 27 209
14 28 160
14 29 15
14 30 107
14 31 226
14 32 169
14 33 33
14 34 250
14 35 246
14 36 268
14 37 140
14 38 273
14 39 95
14 40 226
14 41 38
14 42 28
14 43 244
14 44 235
14 45 184
14 46 271
14 47 235
14 48 238
14 49 265
14 50 64
14 51 176
14 52 2
14 53 141
14 54 157
14 55 145
14 56 292
14 57 152
14 58 192
14 59 72
14 60 139
14 61 186
14 62 292
14 63 60
14 64 197
14 65 294
14 66 10
14 67 61
14 68 225
14 69 152
14 70 198
14 71 51
14 72 259
14 73 58
14 74 71
14 75 147
14 76 62
14 77 242
14 78 106
14 79 225
14 80 217
14 81 240
14 82 258
14 83 261
14 84 4
14 85 260
14 86 53
14 87 46
14 88 214
14 89 176
14 90 8
14 91 98
14 92 19
14 93 240
14 94 60
14 95 177
14 96 61
14 97 144
14 98 215
14 99 2
14 100 159
15 16 226
15 17 268
15 18 119
15 19 88
15 20 67
15 21 97
15 22 266
15 23 104
15 24 122
15 25 28
15 26 136
15 27 194
15 28 225
15 29 169
15 30 8
15 31 39
15 32 24
15 33 260
15 34 225
15 35 123
15 36 37
15 37 250
15 38 175
15 39 89
15 40 36
15 41 175
15 42 283
15 43 80
15 44 113
15 45 39
15 46 223
15 47 114
15 48 185
15 49 55
15 50 39
15 51 39
15 52 236
15 53 288
15 54 261
15 55 215
15 56 146
15 57 167
15 58 91
15 59 58
15 60 58
15 61 168
15 62 268
15 63 44
15 64 180
15 65 169
15 66 190
15 67 154
15 68 187
15 69 6
15 70 132
15 71 234
15 72 44
15 73 248
15 74 30
15 75 22
15 76 159
15 77 157
15 78 38
15 79 81
15 80 257
15 81 205
15 82 76
15 83 11
15 84 294
15 85 223
15 86 12
15 87 45
15 88 154
15 89 112
15 90 232
15 91 16
15 92 222
15 93 187
15 94 162
15 95 73
15 96 232
15 97 223
15 98 59
15 99 221
15 100 36
16 17 277
16 18 195
16 19 241
16 20 218
16 21 191
16 22 16
16 23 11
16 24 192
16 25 21
16 26 119
16 27 209
16 28 269
16 29 191
16 30 174
16 31 284
16 32 203
16 33 163
16 34 250
16 35 226
16 36 6
16 37 28
16 38 32
16 39 133
16 40 78
16 41 57
16 42 25
16 43 225
16 44 284
16 45 3
16 46 98
16 47 38
16 48 270
16 49 284
16 50 156
16 51 74
16 52 287
16 53 129
16 54 174
16 55 83
16 56 21
16 57 26
16 58 194
16 59 235
16 60 91
16 61 20
16 62 83
16 63 261
16 64 146
16 65 256
16 66 57
16 67 14
16 68 161
16 69 162
16 70 280
16 71 279
16 72 11
16 73 273
16 74 270
16 75 207
16 76 26
16 77 71
16 78 59
16 79 144
16 80 92
16 81 7
16 82 78
16 83 26
16 84 173
16 85 49
16 86 198
16 87 180
16 88 23
16 89 45
16 90 14
16 91 152
16 92 221
16 93 205
16 94 272
16 95 235
16 96 227
16 97 8
16 98 165
16 99 213
16 100 116
17 18 71
17 19 63
17 20 204
17 21 208
17 22 71
17 23 276
17 24 273
17 25 94
17 26 165
17 27 31
17 28 10
17 29 216
17 30 288
17 31 101
17 32 266
17 33 213
17 34 178
17 35 87
17 36 40
17 37 75
17 38 45
17 39 159
17 40 79
17 41 85
17 42 91
17 43 147
17 44 160
17 45 201
17 46 241
17 47 1
17 48 224
17 49 288
17 50 232
17 51 76
17 52 115
17 53 153
17 54 102
17 55 193
17 56 165
17 57 89
17 58 173
17 59 121
17 60 142
17 61 105
17 62 122
17 63 8
17 64 261
17 65 72
17 66 222
17 67 40
17 68 203
17 69 263
17 70 177
17 71 83
17 72 110
17 73 250
17 74 6
17 75 83
17 76 207
17 77 21
17 78 2
17 79 126
17 80 296
17 81 187
17 82 13
17 83 11
17 84 86
17 85 11
17 86 24
17 87 242
17 88 121
17 89 146
17 90 54
17 91 237
17 92 172
17 93 220
17 94 118
17 95 182
17 96 287
17 97 299
17 98 81
17 99 210
17 100 149
18 19 36
18 20 58
18 21 130
18 22 201
18 23 242
18 24 34
18 25 92
18 26 206
18 27 212
18 28 158
18 29 23
18 30 292
18 31 3
18 32 219
18 33 19
18 34 151
18 35 49
18 36 176
18 37 95
18 38 104
18 39 249
18 40 116
18 41 227
18 42 65
18 43 261
18 44 294
18 45 242
18 46 185
18 47 245
18 48 124
18 49 267
18 50 130
18 51 236
18 52 17
18 53 39
18 54 20
18 55 224
18 56 281
18 57 7
18 58 99
18 59 239
18 60 86
18 61 297
18 62 13
18 63 1
18 64 292
18 65 40
18 66 110
18 67 13
18 68 230
18 69 83
18 70 129
18 71 230
18 72 144
18 73 27
18 74 65
18 75 162
18 76 228
18 77 260
18 78 163
18 79 286
18 80 9
18 81 194
18 82 117
18 83 269
18 84 79
18 85 92
18 86 265
18 87 256
18 88 132
18 89 275
18 90 263
18 91 170
18 92 0
18 93 63
18 94 283
18 95 120
18 96 106
18 97 174
18 98 203
18 99 164
18 100 119
19 20 43
19 21 155
19 22 206
19 23 107
19 24 250
19 25 129
19 26 292
19 27 19
19 28 281
19 29 284
19 30 0
19 31 118
19 32 34
19 33 197
19 34 244
19 35 58
19 36 160
19 37 178
19 38 205
19 39 11
19 40 275
19 41 180
19 42 241
19 43 215
19 44 250
19 45 298
19 46 125
19 47 216
19 48 284
19 49 184
19 50 38
19 51 222
19 52 183
19 53 177
19 54 293
19 55 150
19 56 125
19 57 233
19 58 7
19 59 128
19 60 263
19 61 156
19 62 4
19 63 85
19 64 174
19 65 289
19 66 192
19 67 118
19 68 217
19 69 113
19 70 144
19 71 25
19 72 135
19 73 231
19 74 75
19 75 288
19 76 0
19 77 146
19 78 286
19 79 141
19 80 52
19 81 68
19 82 89
19 83 219
19 84 191
19 85 62
19 86 72
19 87 160
19 88 168
19 89 88
19 90 175
19 91 268
19 92 72
19 93 244
19 94 76
19 95 158
19 96 97
19 97 101
19 98 131
19 99 101
19 100 18
20 21 81
20 22 278
20 23 128
20 24 88
20 25 212
20 26 142
20 27 64
20 28 75
20 29 198
20 30 142
20 31 92
20 32 223
20 33 290
20 34 101
20 35 266
20 36 109
20 37 264
20 38 2
20 39 84
20 40 281
20 41 116
20 42 220
20 43 153
20 44 152
20 45 11
20 46 132
20 47 292
20 48 299
20 49 227
20 50 270
20 51 42
20 52 20
20 53 106
20 54 116
20 55 123
20 56 280
20 57 291
20 58 202
20 59 50
20 60 270
20 61 276
20 62 140
20 63 274
20 64 289
20 65 51
20 66 26
20 67 156
20 68 238
20 69 155
20 70 290
20 71 135
20 72 143
20 73 105
20 74 157
20 75 145
20 76 1
20 77 76
20 78 131
20 79 89
20 80 262
20 81 107
20 82 73
20 83 38
20 84 158
20 85 70
20 86 240
20 87 297
20 88 35
20 89 83
20 90 262
20 91 171
20 92 172
20 93 46
20 94 140
20 95 117
20 96 276
20 97 213
20 98 219
20 99 25
20 100 8
21 22 270
21 23 9
21 24 120
21 25 124
21 26 169
21 27 71
21 28 151
21 29 207
21 30 48
21 31 153
21 32 292
21 33 67
21 34 49
21 35 151
21 36 18
21 37 99
21 38 59
21 39 166
21 40 201
21 41 145
21 42 163
21 43 241
21 44 68
21 45 174
21 46 48
21 47 107
21 48 225
21 49 160
21 50 118
21 51 148
21 52 149
21 53 292
21 54 142
21 55 159
21 56 10
21 57 137
21 58 77
21 59 76
21 60 253
21 61 257
21 62 290
21 63 262
21 64 84
21 65 145
21 66 41
21 67 124
21 68 166
21 69 240
21 70 279
21 71 187
21 72 18
21 73 67
21 74 217
21 75 101
21 76 41
21 77 287
21 78 166
21 79 108
21 80 35
21 81 231
21 82 228
21 83 163
21 84 72
21 85 135
21 86 69
21 87 195
21 88 268
21 89 48
21 90 129
21 91 4
21 92 26
21 93 159
21 94 148
21 95 263
21 96 229
21 97 199
21 98 49
21 99 66
21 100 299
22 23 57
22 24 258
22 25 129
22 26 214
22 27 171
22 28 257
22 29 101
22 30 208
22 31 290
22 32 285
22 33 115
22 34 263
22 35 149
22 36 299
22 37 35
22 38 286
22 39 207
22 40 105
22 41 157
22 42 120
22 43 54
22 44 11
22 45 144
22 46 135
22 47 2
22 48 143
22 49 29
22 50 236
22 51 278
22 52 114
22 53 103
22 54 117
22 55 4
22 56 247
22 57 120
22 58 285
22 59 148
22 60 83
22 61 230
22 62 287
22 63 160
22 64 271
22 65 37
22 66 225
22 67 141
22 68 291
22 69 150
22 70 113
22 71 236
22 72 65
22 73 257
22 74 248
22 75 179
22 76 189
22 77 153
22 78 195
22 79 261
22 80 142
22 81 100
22 82 243
22 83 11
22 84 238
22 85 48
22 86 41
22 87 165
22 88 81
22 89 290
22 90 157
22 91 215
22 92 157
22 93 133
22 94 66
22 95 6
22 96 13
22 97 72
22 98 162
22 99 65
22 100 129
23 24 205
23 25 275
23 26 255
23 27 265
23 28 24
23 29 280
23 30 252
23 31 288
23 32 163
23 33 94
23 34 269
23 35 109
23 36 237
23 37 24
23 38 140
23 39 116
23 40 24
23 41 78
23 42 67
23 43 172
23 44 11
23 45 287
23 46 127
23 47 95
23 48 91
23 49 140
23 50 30
23 51 19
23 52 145
23 53 159
23 54 42
23 55 253
23 56 129
23 57 59
23 58 150
23 59 286
23 60 4
23 61 265
23 62 129
23 63 266
23 64 177
23 65 252
23 66 55
23 67 82
23 68 98
23 69 148
23 70 155
23 71 189
23 72 262
23 73 79
23 74 251
23 75 96
23 76 259
23 77 259
23 78 102
23 79 39
23 80 272
23 81 100
23 82 220
23 83 123
23 84 230
23 85 177
23 86 62
23 87 115
23 88 190
23 89 61
23 90 255
23 91 6
23 92 154
23 93 91
23 94 13
23 95 228
23 96 85
23 97 132
23 98 182
23 99 61
23 100 218
24 25 245
24 26 229
24 27 78
24 28 148
24 29 137
24 30 64
24 31 12
24 32 212
24 33 241
24 34 212
24 35 180
24 36 172
24 37 159
24 38 163
24 39 187
24 40 190
24 41 255
24 42 182
24 43 116
24 44 281
24 45 195
24 46 33
24 47 51
24 48 111
24 49 251
24 50 81
24 51 231
24 52 226
24 53 232
24 54 220
24 55 41
24 56 20
24 57 41
24 58 112
24 59 104
24 60 191
24 61 16
24 62 119
24 63 128
24 64 129
24 65 59
24 66 47
24 67 28
24 68 96
24 69 9
24 70 241
24 71 231
24 72 276
24 73 283
24 74 202
24 75 246
24 76 289
24 77 263
24 78 213
24 79 199
24 80 78
24 81 172
24 82 68
24 83 86
24 84 100
24 85 7
24 86 199
24 87 86
24 88 42
24 89 108
24 90 151
24 91 16
24 92 132
24 93 147
24 94 276
24 95 231
24 96 227
24 97 138
24 98 210
24 99 27
24 100 50
25 26 260
25 27 260
25 28 7
25 29 137
25 30 37
25 31 110
25 32 219
25 33 222
25 34 135
25 35 255
25 36 48
25 37 291
25 38 77
25 39 104
25 40 168
25 41 216
25 42 118
25 43 189
25 44 254
25 45 265
25 46 148
25 47 163
25 48 139
25 49 257
25 50 268
25 51 180
25 52 159
25 53 287
25 54 287
25 55 225
25 56 10
25 57 9
25 58 270
25 59 272
25 60 182
25 61 152
25 62 123
25 63 113
25 64 277
25 65 212
25 66 171
25 67 287
25 68 173
25 69 112
25 70 121
25 71 31
25 72 221
25 73 118
25 74 38
25 75 267
25 76 232
25 77 17
25 78 148
25 79 148
25 80 125
25 81 237
25 82 134
25 83 150
25 84 235
25 85 223
25 86 202
25 87 255
25 88 85
25 89 149
25 90 234
25 91 21
25 92 284
25 93 268
25 94 257
25 95 28
25 96 212
25 97 282
25 98 49
25 99 94
25 100 87
26 27 43
26 28 277
26 29 170
26 30 188
26 31 183
26 32 2
26 33 190
26 34 117
26 35 18
26 36 22
26 37 29
26 38 294
26 39 107
26 40 280
26 41 127
26 42 228
26 43 110
26 44 135
26 45 185
26 46 143
26 47 71
26 48 128
26 49 260
26 50 2
26 51 103
26 52 223
26 53 9
26 54 230
26 55 218
26 56 65
26 57 111
26 58 12
26 59 85
26 60 233
26 61 89
26 62 53
26 63 11
26 64 208
26 65 13
26 66 120
26 67 19
26 68 74
26 69 242
26 70 222
26 71 69
26 72 210
26 73 100
26 74 185
26 75 131
26 76 110
26 77 131
26 78 19
26 79 23
26 80 226
26 81 153
26 82 292
26 83 229
26 84 201
26 85 37
26 86 259
26 87 187
26 88 56
26 89 19
26 90 272
26 91 118
26 92 70
26 93 3
26 94 220
26 95 13
26 96 2
26 97 215
26 98 228
26 99 185
26 100 54
27 28 253
27 29 23
27 30 161
27 31 157
27 32 81
27 33 158
27 34 187
27 35 59
27 36 210
27 37 151
27 38 108
27 39 75
27 40 29
27 41 116
27 42 191
27 43 18
27 44 172
27 45 227
27 46 182
27 47 112
27 48 182
27 49 145
27 50 115
27 51 112
27 52 250
27 53 250
27 54 117
27 55 160
27 56 197
27 57 259
27 58 147
27 59 239
27 60 46
27 61 197
27 62 46
27 63 77
27 64 123
27 65 74
27 66 136
27 67 89
27 68 60
27 69 137
27 70 49
27 71 258
27 72 106
27 73 112
27 74 253
27 75 117
27 76 197
27 77 50
27 78 244
27 79 34
27 80 68
27 81 48
27 82 73
27 83 191
27 84 260
27 85 69
27 86 89
27 87 259
27 88 125
27 89 230
27 90 294
27 91 128
27 92 279
27 93 99
27 94 296
27 95 181
27 96 173
27 97 187
27 98 56
27 99 30
27 100 83
28 29 151
28 30 35
28 31 212
28 32 105
28 33 219
28 34 162
28 35 219
28 36 269
28 37 119
28 38 181
28 39 105
28 40 216
28 41 204
28 42 69
28 43 43
28 44 227
28 45 183
28 46 106
28 47 83
28 48 249
28 49 20
28 50 195
28 51 177
28 52 6
28 53 69
28 54 126
28 55 159
28 56 247
28 57 202
28 58 147
28 59 142
28 60 198
28 61 153
28 62 141
28 63 164
28 64 20
28 65 81
28 66 68
28 67 130
28 68 86
28 69 217
28 70 160
28 71 177
28 72 116
28 73 195
28 74 85
28 75 288
28 76 80
28 77 151
28 78 60
28 79 60
28 80 27
28 81 42
28 82 168
28 83 85
28 84 176
28 85 16
28 86 97
28 87 197
28 88 97
28 89 64
28 90 4
28 91 1
28 92 21
28 93 111
28 94 56
28 95 65
28 96 97
28 97 143
28 98 124
28 99 166
28 100 85
29 30 75
29 31 293
29 32 58
29 33 137
29 34 98
29 35 191
29 36 242
29 37 48
29 38 31
29 39 276
29 40 19
29 41 153
29 42 67
29 43 213
29 44 142
29 45 231
29 46 212
29 47 78
29 48 213
29 49 115
29 50 91
29 51 269
29 52 167
29 53 57
29 54 283
29 55 25
29 56 65
29 57 247
29 58 253
29 59 43
29 60 96
29 61 41
29 62 226
29 63 261
29 64 166
29 65 278
29 66 88
29 67 177
29 68 196
29 69 266
29 70 267
29 71 73
29 72 7
29 73 296
29 74 163
29 75 84
29 76 71
29 77 54
29 78 46
29 79 237
29 80 103
29 81 209
29 82 41
29 83 267
29 84 262
29 85 258
29 86 282
29 87 113
29 88 39
29 89 219
29 90 128
29 91 7
29 92 100
29 93 175
29 94 106
29 95 100
29 96 259
29 97 245
29 98 274
29 99 31
29 100 136
30 31 11
30 32 15
30 33 128
30 34 62
30 35 108
30 36 20
30 37 157
30 38 268
30 39 161
30 40 259
30 41 101
30 42 222
30 43 58
30 44 246
30 45 127
30 46 282
30 47 24
30 48 130
30 49 195
30 50 280
30 51 153
30 52 132
30 53 226
30 54 188
30 55 264
30 56 133
30 57 210
30 58 59
30 59 212
30 60 215
30 61 225
30 62 130
30 63 75
30 64 285
30 65 276
30 66 155
30 67 247
30 68 217
30 69 189
30 70 162
30 71 179
30 72 33
30 73 40
30 74 74
30 75 278
30 76 175
30 77 149
30 78 272
30 79 107
30 80 138
30 81 270
30 82 288
30 83 211
30 84 271
30 85 65
30 86 247
30 87 155
30 88 46
30 89 200
30 90 147
30 91 123
30 92 0
30 93 246
30 94 127
30 95 190
30 96 66
30 97 3
30 98 293
30 99 142
30 100 190
31 32 20
31 33 226
31 34 116
31 35 141
31 36 38
31 37 251
31 38 206
31 39 209
31 40 114
31 41 224
31 42 133
31 43 250
31 44 218
31 45 90
31 46 45
31 47 37
31 48 141
31 49 99
31 50 189
31 51 34
31 52 146
31 53 29
31 54 83
31 55 280
31 56 269
31 57 153
31 58 101
31 59 214
31 60 149
31 61 82
31 62 109
31 63 274
31 64 200
31 65 283
31 66 172
31 67 205
31 68 62
31 69 72
31 70 250
31 71 123
31 72 120
31 73 274
31 74 119
31 75 163
31 76 285
31 77 264
31 78 160
31 79 88
31 80 141
31 81 202
31 82 226
31 83 221
31 84 40
31 85 195
31 86 67
31 87 263
31 88 1
31 89 124
31 90 109
31 91 85
31 92 119
31 93 126
31 94 254
31 95 182
31 96 15
31 97 61
31 98 157
31 99 267
31 100 34
32 33 266
32 34 63
32 35 49
32 36 254
32 37 148
32 38 275
32 39 171
32 40 200
32 41 34
32 42 215
32 43 64
32 44 7
32 45 75
32 46 173
32 47 46
32 48 14
32 49 146
32 50 25
32 51 92
32 52 231
32 53 20
32 54 37
32 55 275
32 56 156
32 57 178
32 58 131
32 59 27
32 60 259
32 61 75
32 62 66
32 63 193
32 64 161
32 65 256
32 66 71
32 67 86
32 68 261
32 69 213
32 70 152
32 71 209
32 72 60
32 73 267
32 74 261
32 75 217
32 76 282
32 77 135
32 78 92
32 79 108
32 80 240
32 81 141
32 82 290
32 83 236
32 84 176
32 85 140
32 86 188
32 87 48
32 88 189
32 89 135
32 90 42
32 91 89
32 92 294
32 93 244
32 94 191
32 95 105
32 96 232
32 97 264
32 98 36
32 99 40
32 100 16
33 34 276
33 35 58
33 36 182
33 37 40
33 38 38
33 39 191
33 40 266
33 41 146
33 42 126
33 43 45
33 44 44
33 45 0
33 46 167
33 47 107
33 48 18
33 49 71
33 50 108
33 51 267
33 52 239
33 53 89
33 54 102
33 55 249
33 56 7
33 57 152
33 58 173
33 59 157
33 60 214
33 61 176
33 62 174
33 63 145
33 64 160
33 65 126
33 66 81
33 67 146
33 68 238
33 69 83
33 70 112
33 71 224
33 72 242
33 73 142
33 74 40
33 75 257
33 76 284
33 77 104
33 78 201
33 79 265
33 80 209
33 81 50
33 82 117
33 83 200
33 84 38
33 85 27
33 86 258
33 87 83
33 88 154
33 89 116
33 90 1
33 91 92
33 92 165
33 93 295
33 94 257
33 95 80
33 96 267
33 97 234
33 98 212
33 99 61
33 100 48
34 35 126
34 36 222
34 37 278
34 38 293
34 39 283
34 40 276
34 41 106
34 42 145
34 43 98
34 44 72
34 45 121
34 46 29
34 47 187
34 48 287
34 49 194
34 50 155
34 51 171
34 52 40
34 53 62
34 54 22
34 55 74
34 56 47
34 57 159
34 58 117
34 59 99
34 60 166
34 61 289
34 62 155
34 63 6
34 64 195
34 65 55
34 66 192
34 67 46
34 68 147
34 69 274
34 70 156
34 71 201
34 72 125
34 73 293
34 74 63
34 75 175
34 76 115
34 77 203
34 78 30
34 79 112
34 80 66
34 81 74
34 82 44
34 83 259
34 84 153
34 85 154
34 86 233
34 87 50
34 88 261
34 89 124
34 90 244
34 91 29
34 92 121
34 93 124
34 94 36
34 95 169
34 96 123
34 97 34
34 98 86
34 99 133
34 100 195
35 36 273
35 37 200
35 38 284
35 39 76
35 40 58
35 41 125
35 42 108
35 43 223
35 44 277
35 45 67
35 46 68
35 47 164
35 48 161
35 49 41
35 50 108
35 51 50
35 52 249
35 53 20
35 54 299
35 55 138
35 56 91
35 57 279
35 58 124
35 59 110
35 60 138
35 61 272
35 62 98
35 63 251
35 64 103
35 65 213
35 66 248
35 67 151
35 68 249
35 69 274
35 70 164
35 71 7
35 72 283
35 73 4
35 74 144
35 75 100
35 76 163
35 77 146
35 78 63
35 79 90
35 80 116
35 81 266
35 82 172
35 83 46
35 84 139
35 85 245
35 86 148
35 87 245
35 88 4
35 89 183
35 90 19
35 91 45
35 92 11
35 93 69
35 94 16
35 95 146
35 96 153
35 97 107
35 98 235
35 99 69
35 100 182
36 37 249
36 38 227
36 39 101
36 40 74
36 41 215
36 42 202
36 43 191
36 44 248
36 45 241
36 46 178
36 47 218
36 48 81
36 49 91
36 50 174
36 51 238
36 52 259
36 53 162
36 54 47
36 55 115
36 56 224
36 57 146
36 58 62
36 59 293
36 60 12
36 61 188
36 62 286
36 63 207
36 64 113
36 65 21
36 66 213
36 67 170
36 68 53
36 69 297
36 70 125
36 71 276
36 72 203
36 73 193
36 74 168
36 75 151
36 76 34
36 77 183
36 78 285
36 79 56
36 80 221
36 81 162
36 82 18
36 83 263
36 84 281
36 85 112
36 86 29
36 87 134
36 88 66
36 89 64
36 90 291
36 91 24
36 92 36
36 93 0
36 94 36
36 95 140
36 96 231
36 97 135
36 98 187
36 99 127
36 100 200
37 38 126
37 39 256
37 40 163
37 41 34
37 42 193
37 43 190
37 44 103
37 45 22
37 46 264
37 47 289
37 48 259
37 49 74
37 50 71
37 51 258
37 52 187
37 53 172
37 54 289
37 55 44
37 56 60
37 57 82
37 58 122
37 59 15
37 60 65
37 61 144
37 62 161
37 63 233
37 64 143
37 65 187
37 66 12
37 67 183
37 68 110
37 69 289
37 70 294
37 71 214
37 72 119
37 73 54
37 74 26
37 75 117
37 76 220
37 77 230
37 78 52
37 79 294
37 80 232
37 81 157
37 82 268
37 83 20
37 84 52
37 85 274
37 86 280
37 87 213
37 88 30
37 89 182
37 90 22
37 91 31
37 92 73
37 93 9
37 94 53
37 95 51
37 96 147
37 97 159
37 98 13
37 99 177
37 100 52
38 39 21
38 40 29
38 41 190
38 42 259
38 43 204
38 44 58
38 45 263
38 46 11
38 47 118
38 48 289
38 49 247
38 50 126
38 51 74
38 52 203
38 53 48
38 54 78
38 55 240
38 56 153
38 57 273
38 58 95
38 59 213
38 60 293
38 61 208
38 62 87
38 63 263
38 64 156
38 65 155
38 66 138
38 67 120
38 68 64
38 69 106
38 70 146
38 71 136
38 72 161
38 73 99
38 74 140
38 75 82
38 76 176
38 77 197
38 78 111
38 79 55
38 80 178
38 81 185
38 82 217
38 83 216
38 84 119
38 85 174
38 86 22
38 87 212
38 88 234
38 89 12
38 90 100
38 91 23
38 92 10
38 93 272
38 94 280
38 95 93
38 96 200
38 97 20
38 98 210
38 99 139
38 100 292
39 40 297
39 41 100
39 42 27
39 43 40
39 44 145
39 45 255
39 46 226
39 47 235
39 48 12
39 49 209
39 50 228
39 51 99
39 52 30
39 53 15
39 54 136
39 55 165
39 56 99
39 57 108
39 58 172
39 59 236
39 60 161
39 61 215
39 62 263
39 63 262
39 64 291
39 65 273
39 66 2
39 67 27
39 68 148
39 69 27
39 70 64
39 71 20
39 72 251
39 73 234
39 74 226
39 75 12
39 76 48
39 77 117
39 78 53
39 79 137
39 80 52
39 81 43
39 82 52
39 83 73
39 84 45
39 85 12
39 86 164
39 87 101
39 88 279
39 89 257
39 90 137
39 91 162
39 92 110
39 93 101
39 94 16
39 95 267
39 96 181
39 97 23
39 98 28
39 99 170
39 100 227
40 41 187
40 42 229
40 43 118
40 44 155
40 45 271
40 46 174
40 47 103
40 48 91
40 49 185
40 50 282
40 51 180
40 52 169
40 53 186
40 54 174
40 55 221
40 56 232
40 57 161
40 58 133
40 59 223
40 60 152
40 61 32
40 62 54
40 63 6
40 64 243
40 65 125
40 66 11
40 67 15
40 68 207
40 69 42
40 70 134
40 71 227
40 72 110
40 73 159
40 74 263
40 75 224
40 76 216
40 77 44
40 78 213
40 79 58
40 80 131
40 81 103
40 82 194
40 83 156
40 84 97
40 85 225
40 86 204
40 87 78
40 88 123
40 89 217
40 90 3
40 91 89
40 92 103
40 93 118
40 94 132
40 95 95
40 96 142
40 97 287
40 98 27
40 99 277
40 100 232
41 42 16
41 43 58
41 44 89
41 45 198
41 46 25
41 47 24
41 48 266
41 49 180
41 50 67
41 51 48
41 52 174
41 53 51
41 54 101
41 55 215
41 56 187
41 57 56
41 58 46
41 59 158
41 60 173
41 61 241
41 62 281
41 63 240
41 64 4
41 65 83
41 66 247
41 67 53
41 68 160
41 69 225
41 70 14
41 71 223
41 72 60
41 73 121
41 74 276
41 75 45
41 76 293
41 77 61
41 78 85
41 79 209
41 80 77
41 81 201
41 82 222
41 83 221
41 84 2
41 85 5
41 86 92
41 87 7
41 88 234
41 89 107
41 90 160
41 91 208
41 92 239
41 93 49
41 94 10
41 95 155
41 96 69
41 97 168
41 98 271
41 99 67
41 100 251
42 43 47
42 44 183
42 45 186
42 46 89
42 47 138
42 48 88
42 49 273
42 50 18
42 51 153
42 52 259
42 53 107
42 54 284
42 55 58
42 56 124
42 57 272
42 58 106
42 59 298
42 60 244
42 61 246
42 62 7
42 63 140
42 64 7
42 65 93
42 66 38
42 67 80
42 68 186
42 69 83
42 70 87
42 71 241
42 72 92
42 73 85
42 74 43
42 75 136
42 76 73
42 77 35
42 78 100
42 79 155
42 80 254
42 81 170
42 82 215
42 83 169
42 84 251
42 85 54
42 86 90
42 87 277
42 88 100
42 89 154
42 90 140
42 91 172
42 92 9
42 93 227
42 94 264
42 95 247
42 96 246
42 97 154
42 98 33
42 99 128
42 100 159
43 44 88
43 45 92
43 46 240
43 47 116
43 48 93
43 49 162
43 50 98
43 51 112
43 52 90
43 53 205
43 54 16
43 55 273
43 56 172
43 57 115
43 58 180
43 59 90
43 60 81
43 61 113
43 62 256
43 63 57
43 64 153
43 65 115
43 66 265
43 67 202
43 68 40
43 69 104
43 70 192
43 71 277
43 72 236
43 73 220
43 74 67
43 75 196
43 76 255
43 77 138
43 78 148
43 79 98
43 80 75
43 81 281
43 82 108
43 83 187
43 84 198
43 85 153
43 86 39
43 87 132
43 88 131
43 89 278
43 90 83
43 91 241
43 92 115
43 93 108
43 94 220
43 95 40
43 96 146
43 97 111
43 98 102
43 99 45
43 100 270
44 45 194
44 46 279
44 47 282
44 48 39
44 49 188
44 50 163
44 51 23
44 52 23
44 53 3
44 54 289
44 55 180
44 56 247
44 57 115
44 58 278
44 59 68
44 60 253
44 61 180
44 62 168
44 63 248
44 64 187
44 65 53
44 66 137
44 67 167
44 68 102
44 69 84
44 70 211
44 71 2
44 72 178
44 73 37
44 74 238
44 75 168
44 76 29
44 77 189
44 78 24
44 79 111
44 80 205
44 81 184
44 82 46
44 83 227
44 84 38
44 85 15
44 86 21
44 87 212
44 88 148
44 89 240
44 90 271
44 91 58
44 92 286
44 93 201
44 94 31
44 95 161
44 96 254
44 97 253
44 98 8
44 99 138
44 100 9
45 46 213
45 47 272
45 48 47
45 49 110
45 50 152
45 51 122
45 52 101
45 53 240
45 54 190
45 55 216
45 56 50
45 57 291
45 58 80
45 59 87
45 60 193
45 61 103
45 62 270
45 63 95
45 64 197
45 65 0
45 66 166
45 67 125
45 68 80
45 69 250
45 70 168
45 71 72
45 72 140
45 73 69
45 74 261
45 75 244
45 76 2
45 77 62
45 78 48
45 79 75
45 80 174
45 81 108
45 82 182
45 83 191
45 84 64
45 85 270
45 86 99
45 87 31
45 88 127
45 89 42
45 90 77
45 91 288
45 92 269
45 93 161
45 94 188
45 95 246
45 96 215
45 97 167
45 98 192
45 99 282
45 100 12
46 47 239
46 48 146
46 49 203
46 50 79
46 51 42
46 52 88
46 53 147
46 54 94
46 55 150
46 56 1
46 57 21
46 58 6
46 59 205
46 60 113
46 61 271
46 62 82
46 63 178
46 64 209
46 65 123
46 66 112
46 67 11
46 68 125
46 69 52
46 70 282
46 71 139
46 72 96
46 73 4
46 74 56
46 75 68
46 76 117
46 77 58
46 78 32
46 79 49
46 80 18
46 81 213
46 82 196
46 83 46
46 84 166
46 85 288
46 86 140
46 87 83
46 88 181
46 89 78
46 90 214
46 91 13
46 92 214
46 93 127
46 94 247
46 95 28
46 96 279
46 97 201
46 98 56
46 99 217
46 100 61
47 48 156
47 49 201
47 50 16
47 51 5
47 52 57
47 53 168
47 54 81
47 55 218
47 56 176
47 57 203
47 58 70
47 59 265
47 60 97
47 61 290
47 62 207
47 63 1
47 64 123
47 65 279
47 66 73
47 67 165
47 68 21
47 69 153
47 70 294
47 71 218
47 72 156
47 73 229
47 74 19
47 75 40
47 76 147
47 77 107
47 78 83
47 79 289
47 80 133
47 81 206
47 82 282
47 83 265
47 84 72
47 85 47
47 86 232
47 87 99
47 88 58
47 89 257
47 90 64
47 91 82
47 92 153
47 93 265
47 94 78
47 95 149
47 96 47
47 97 247
47 98 277
47 99 97
47 100 24
48 49 283
48 50 67
48 51 6
48 52 136
48 53 163
48 54 82
48 55 137
48 56 72
48 57 236
48 58 45
48 59 105
48 60 287
48 61 261
48 62 175
48 63 165
48 64 144
48 65 282
48 66 53
48 67 177
48 68 243
48 69 126
48 70 270
48 71 131
48 72 92
48 73 72
48 74 247
48 75 272
48 76 42
48 77 40
48 78 169
48 79 211
48 80 167
48 81 38
48 82 244
48 83 150
48 84 110
48 85 46
48 86 62
48 87 224
48 88 68
48 89 298
48 90 289
48 91 295
48 92 202
48 93 60
48 94 160
48 95 15
48 96 93
48 97 137
48 98 37
48 99 126
48 100 274
49 50 163
49 51 76
49 52 173
49 53 90
49 54 237
49 55 263
49 56 178
49 57 208
49 58 72
49 59 106
49 60 294
49 61 283
49 62 181
49 63 36
49 64 136
49 65 55
49 66 186
49 67 257
49 68 57
49 69 122
49 70 187
49 71 229
49 72 167
49 73 113
49 74 251
49 75 106
49 76 36
49 77 91
49 78 17
49 79 62
49 80 149
49 81 138
49 82 185
49 83 184
49 84 204
49 85 259
49 86 213
49 87 255
49 88 134
49 89 60
49 90 87
49 91 206
49 92 128
49 93 2
49 94 241
49 95 120
49 96 101
49 97 37
49 98 132
49 99 201
49 100 20
50 51 241
50 52 108
50 53 83
50 54 82
50 55 290
50 56 68
50 57 128
50 58 195
50 59 139
50 60 282
50 61 233
50 62 22
50 63 152
50 64 276
50 65 60
50 66 51
50 67 152
50 68 236
50 69 31
50 70 54
50 71 35
50 72 109
50 73 176
50 74 294
50 75 96
50 76 212
50 77 136
50 78 5
50 79 108
50 80 34
50 81 38
50 82 149
50 83 117
50 84 260
50 85 86
50 86 75
50 87 213
50 88 284
50 89 238
50 90 164
50 91 86
50 92 140
50 93 159
50 94 45
50 95 111
50 96 44
50 97 246
50 98 103
50 99 84
50 100 133
51 52 107
51 53 17
51 54 93
51 55 149
51 56 245
51 57 288
51 58 208
51 59 125
51 60 234
51 61 121
51 62 137
51 63 114
51 64 161
51 65 200
51 66 233
51 67 27
51 68 10
51 69 205
51 70 166
51 71 246
51 72 46
51 73 245
51 74 126
51 75 146
51 76 117
51 77 151
51 78 71
51 79 136
51 80 174
51 81 288
51 82 18
51 83 194
51 84 174
51 85 140
51 86 245
51 87 92
51 88 238
51 89 204
51 90 47
51 91 244
51 92 294
51 93 127
51 94 281
51 95 16
51 96 70
51 97 268
51 98 281
51 99 6
51 100 102
52 53 192
52 54 240
52 55 61
52 56 16
52 57 170
52 58 24
52 59 250
52 60 252
52 61 206
52 62 28
52 63 116
52 64 281
52 65 143
52 66 24
52 67 155
52 68 72
52 69 119
52 70 92
52 71 85
52 72 117
52 73 232
52 74 198
52 75 205
52 76 146
52 77 270
52 78 138
52 79 180
52 80 29
52 81 56
52 82 231
52 83 145
52 84 47
52 85 193
52 86 223
52 87 135
52 88 21
52 89 5
52 90 203
52 91 238
52 92 184
52 93 291
52 94 219
52 95 115
52 96 48
52 97 172
52 98 81
52 99 44
52 100 19
53 54 220
53 55 122
53 56 233
53 57 220
53 58 2
53 59 181
53 60 205
53 61 39
53 62 58
53 63 61
53 64 131
53 65 59
53 66 121
53 67 106
53 68 95
53 69 234
53 70 61
53 71 255
53 72 48
53 73 158
53 74 123
53 75 206
53 76 47
53 77 135
53 78 200
53 79 249
53 80 294
53 81 208
53 82 210
53 83 191
53 84 43
53 85 28
53 86 58
53 87 70
53 88 91
53 89 264
53 90 219
53 91 214
53 92 276
53 93 63
53 94 291
53 95 244
53 96 61
53 97 169
53 98 268
53 99 266
53 100 53
54 55 15
54 56 7
54 57 103
54 58 58
54 59 39
54 60 236
54 61 93
54 62 221
54 63 203
54 64 137
54 65 299
54 66 206
54 67 80
54 68 217
54 69 1
54 70 177
54 71 278
54 72 145
54 73 223
54 74 61
54 75 293
54 76 238
54 77 194
54 78 165
54 79 221
54 80 60
54 81 128
54 82 172
54 83 155
54 84 109
54 85 268
54 86 277
54 87 73
54 88 206
54 89 278
54 90 203
54 91 160
54 92 27
54 93 256
54 94 164
54 95 62
54 96 21
54 97 69
54 98 95
54 99 162
54 100 78
55 56 4
55 57 119
55 58 177
55 59 175
55 60 216
55 61 55
55 62 186
55 63 231
55 64 254
55 65 103
55 66 76
55 67 229
55 68 257
55 69 263
55 70 181
55 71 255
55 72 37
55 73 175
55 74 26
55 75 275
55 76 139
55 77 298
55 78 286
55 79 90
55 80 60
55 81 162
55 82 142
55 83 252
55 84 268
55 85 290
55 86 186
55 87 290
55 88 85
55 89 165
55 90 113
55 91 182
55 92 206
55 93 255
55 94 234
55 95 2
55 96 207
55 97 196
55 98 124
55 99 137
55 100 24
56 57 67
56 58 60
56 59 28
56 60 18
56 61 170
56 62 73
56 63 60
56 64 152
56 65 275
56 66 47
56 67 210
56 68 138
56 69 109
56 70 182
56 71 27
56 72 196
56 73 190
56 74 50
56 75 148
56 76 267
56 77 49
56 78 245
56 79 112
56 80 169
56 81 165
56 82 13
56 83 202
56 84 287
56 85 188
56 86 154
56 87 54
56 88 181
56 89 209
56 90 74
56 91 276
56 92 132
56 93 58
56 94 181
56 95 63
56 96 259
56 97 192
56 98 142
56 99 103
56 100 213
57 58 241
57 59 208
57 60 92
57 61 141
57 62 111
57 63 58
57 64 42
57 65 206
57 66 267
57 67 295
57 68 117
57 69 19
57 70 221
57 71 165
57 72 130
57 73 155
57 74 183
57 75 89
57 76 93
57 77 12
57 78 292
57 79 229
57 80 291
57 81 25
57 82 74
57 83 298
57 84 149
57 85 147
57 86 7
57 87 28
57 88 295
57 89 208
57 90 127
57 91 115
57 92 143
57 93 234
57 94 6
57 95 44
57 96 238
57 97 154
57 98 180
57 99 214
57 100 87
58 59 255
58 60 72
58 61 178
58 62 211
58 63 292
58 64 233
58 65 238
58 66 222
58 67 118
58 68 263
58 69 206
58 70 94
58 71 221
58 72 275
58 73 230
58 74 118
58 75 267
58 76 272
58 77 63
58 78 297
58 79 10
58 80 97
58 81 70
58 82 57
58 83 289
58 84 250
58 85 275
58 86 49
58 87 215
58 88 51
58 89 270
58 90 83
58 91 292
58 92 125
58 93 295
58 94 71
58 95 295
58 96 235
58 97 55
58 98 109
58 99 191
58 100 92
59 60 55
59 61 59
59 62 137
59 63 38
59 64 27
59 65 48
59 66 124
59 67 12
59 68 35
59 69 100
59 70 281
59 71 85
59 72 3
59 73 222
59 74 165
59 75 277
59 76 129
59 77 30
59 78 10
59 79 95
59 80 189
59 81 191
59 82 265
59 83 127
59 84 237
59 85 111
59 86 144
59 87 64
59 88 246
59 89 222
59 90 105
59 91 180
59 92 183
59 93 225
59 94 264
59 95 277
59 96 88
59 97 175
59 98 17
59 99 105
59 100 270
60 61 166
60 62 12
60 63 31
60 64 39
60 65 147
60 66 217
60 67 218
60 68 81
60 69 207
60 70 200
60 71 37
60 72 210
60 73 248
60 74 226
60 75 47
60 76 17
60 77 294
60 78 195
60 79 186
60 80 223
60 81 228
60 82 76
60 83 187
60 84 269
60 85 94
60 86 131
60 87 38
60 88 71
60 89 280
60 90 159
60 91 186
60 92 190
60 93 119
60 94 219
60 95 52
60 96 221
60 97 130
60 98 236
60 99 245
60 100 225
61 62 207
61 63 95
61 64 199
61 65 246
61 66 71
61 67 184
61 68 5
61 69 205
61 70 31
61 71 98
61 72 255
61 73 186
61 74 75
61 75 176
61 76 286
61 77 254
61 78 189
61 79 126
61 80 286
61 81 253
61 82 212
61 83 249
61 84 83
61 85 12
61 86 44
61 87 126
61 88 113
61 89 275
61 90 204
61 91 272
61 92 57
61 93 218
61 94 108
61 95 278
61 96 173
61 97 263
61 98 110
61 99 186
61 100 268
62 63 228
62 64 155
62 65 188
62 66 271
62 67 1
62 68 245
62 69 209
62 70 285
62 71 12
62 72 95
62 73 220
62 74 237
62 75 93
62 76 268
62 77 170
62 78 93
62 79 148
62 80 111
62 81 54
62 82 115
62 83 142
62 84 200
62 85 179
62 86 201
62 87 52
62 88 179
62 89 136
62 90 181
62 91 0
62 92 43
62 93 226
62 94 97
62 95 207
62 96 264
62 97 287
62 98 270
62 99 139
62 100 236
63 64 71
63 65 154
63 66 189
63 67 267
63 68 106
63 69 231
63 70 41
63 71 189
63 72 138
63 73 102
63 74 170
63 75 272
63 76 220
63 77 212
63 78 55
63 79 101
63 80 191
63 81 199
63 82 232
63 83 226
63 84 138
63 85 148
63 86 114
63 87 62
63 88 103
63 89 155
63 90 272
63 91 5
63 92 146
63 93 183
63 94 27
63 95 37
63 96 118
63 97 292
63 98 243
63 99 67
63 100 213
64 65 217
64 66 176
64 67 298
64 68 163
64 69 57
64 70 268
64 71 57
64 72 287
64 73 104
64 74 227
64 75 246
64 76 187
64 77 82
64 78 185
64 79 251
64 80 237
64 81 183
64 82 283
64 83 209
64 84 295
64 85 96
64 86 207
64 87 136
64 88 183
64 89 75
64 90 286
64 91 141
64 92 236
64 93 24
64 94 289
64 95 66
64 96 249
64 97 117
64 98 72
64 99 281
64 100 9
65 66 210
65 67 151
65 68 4
65 69 194
65 70 282
65 71 112
65 72 270
65 73 162
65 74 104
65 75 180
65 76 43
65 77 281
65 78 174
65 79 161
65 80 139
65 81 131
65 82 86
65 83 175
65 84 182
65 85 128
65 86 245
65 87 88
65 88 65
65 89 157
65 90 148
65 91 115
65 92 213
65 93 293
65 94 252
65 95 142
65 96 249
65 97 24
65 98 276
65 99 69
65 100 112
66 67 111
66 68 90
66 69 17
66 70 148
66 71 226
66 72 213
66 73 150
66 74 191
66 75 39
66 76 241
66 77 137
66 78 179
66 79 199
66 80 202
66 81 60
66 82 191
66 83 4
66 84 236
66 85 180
66 86 36
66 87 55
66 88 236
66 89 196
66 90 72
66 91 58
66 92 239
66 93 1
66 94 187
66 95 29
66 96 266
66 97 107
66 98 89
66 99 204
66 100 219
67 68 93
67 69 102
67 70 222
67 71 185
67 72 183
67 73 161
67 74 246
67 75 30
67 76 51
67 77 75
67 78 277
67 79 39
67 80 100
67 81 110
67 82 248
67 83 190
67 84 181
67 85 208
67 86 21
67 87 165
67 88 98
67 89 207
67 90 7
67 91 189
67 92 174
67 93 272
67 94 16
67 95 89
67 96 140
67 97 144
67 98 165
67 99 77
67 100 261
68 69 162
68 70 13
68 71 238
68 72 71
68 73 142
68 74 282
68 75 268
68 76 240
68 77 244
68 78 162
68 79 59
68 80 5
68 81 196
68 82 57
68 83 216
68 84 25
68 85 4
68 86 19
68 87 197
68 88 58
68 89 241
68 90 145
68 91 272
68 92 248
68 93 13
68 94 12
68 95 43
68 96 18
68 97 62
68 98 238
68 99 99
68 100 162
69 70 121
69 71 43
69 72 144
69 73 49
69 74 64
69 75 287
69 76 163
69 77 140
69 78 127
69 79 238
69 80 295
69 81 186
69 82 207
69 83 219
69 84 189
69 85 283
69 86 236
69 87 193
69 88 286
69 89 258
69 90 245
69 91 135
69 92 279
69 93 270
69 94 170
69 95 158
69 96 200
69 97 44
69 98 263
69 99 70
69 100 102
70 71 124
70 72 285
70 73 229
70 74 145
70 75 196
70 76 220
70 77 59
70 78 97
70 79 170
70 80 172
70 81 150
70 82 121
70 83 107
70 84 3
70 85 92
70 86 5
70 87 287
70 88 105
70 89 145
70 90 270
70 91 95
70 92 228
70 93 201
70 94 211
70 95 5
70 96 111
70 97 105
70 98 138
70 99 298
70 100 95
71 72 296
71 73 213
71 74 290
71 75 21
71 76 192
71 77 149
71 78 246
71 79 266
71 80 250
71 81 2
71 82 75
71 83 86
71 84 269
71 85 224
71 86 17
71 87 112
71 88 250
71 89 232
71 90 278
71 91 201
71 92 82
71 93 124
71 94 174
71 95 68
71 96 46
71 97 255
71 98 214
71 99 29
71 100 280
72 73 236
72 74 247
72 75 24
72 76 73
72 77 205
72 78 93
72 79 126
72 80 24
72 81 115
72 82 47
72 83 225
72 84 265
72 85 98
72 86 10
72 87 84
72 88 213
72 89 172
72 90 208
72 91 63
72 92 257
72 93 120
72 94 297
72 95 53
72 96 271
72 97 240
72 98 242
72 99 17
72 100 186
73 74 143
73 75 261
73 76 238
73 77 297
73 78 75
73 79 187
73 80 245
73 81 129
73 82 282
73 83 78
73 84 71
73 85 262
73 86 190
73 87 62
73 88 11
73 89 140
73 90 253
73 91 42
73 92 16
73 93 62
73 94 252
73 95 291
73 96 7
73 97 89
73 98 207
73 99 291
73 100 283
74 75 117
74 76 174
74 77 75
74 78 100
74 79 150
74 80 269
74 81 70
74 82 179
74 83 123
74 84 292
74 85 284
74 86 194
74 87 227
74 88 274
74 89 105
74 90 20
74 91 63
74 92 164
74 93 26
74 94 284
74 95 147
74 96 280
74 97 163
74 98 223
74 99 271
74 100 145
75 76 29
75 77 44
75 78 274
75 79 33
75 80 140
75 81 220
75 82 21
75 83 179
75 84 230
75 85 37
75 86 69
75 87 115
75 88 238
75 89 147
75 90 8
75 91 287
75 92 49
75 93 4
75 94 125
75 95 74
75 96 164
75 97 277
75 98 299
75 99 289
75 100 76
76 77 297
76 78 136
76 79 105
76 80 94
76 81 134
76 82 67
76 83 146
76 84 158
76 85 162
76 86 188
76 87 94
76 88 180
76 89 287
76 90 186
76 91 137
76 92 129
76 93 193
76 94 272
76 95 143
76 96 15
76 97 244
76 98 106
76 99 87
76 100 128
77 78 3
77 79 94
77 80 208
77 81 224
77 82 46
77 83 180
77 84 105
77 85 198
77 86 105
77 87 279
77 88 259
77 89 107
77 90 18
77 91 295
77 92 170
77 93 194
77 94 11
77 95 194
77 96 282
77 97 181
77 98 143
77 99 181
77 100 29
78 79 83
78 80 165
78 81 283
78 82 280
78 83 95
78 84 265
78 85 297
78 86 295
78 87 224
78 88 41
78 89 245
78 90 207
78 91 236
78 92 21
78 93 184
78 94 241
78 95 282
78 96 40
78 97 161
78 98 159
78 99 88
78 100 11
79 80 72
79 81 75
79 82 200
79 83 9
79 84 225
79 85 175
79 86 275
79 87 38
79 88 59
79 89 65
79 90 123
79 91 163
79 92 158
79 93 56
79 94 77
79 95 193
79 96 284
79 97 14
79 98 11
79 99 100
79 100 155
80 81 124
80 82 279
80 83 109
80 84 145
80 85 215
80 86 161
80 87 127
80 88 149
80 89 35
80 90 172
80 91 21
80 92 205
80 93 126
80 94 216
80 95 95
80 96 163
80 97 147
80 98 17
80 99 293
80 100 194
81 82 150
81 83 122
81 84 186
81 85 148
81 86 103
81 87 242
81 88 230
81 89 205
81 90 197
81 91 86
81 92 141
81 93 198
81 94 45
81 95 287
81 96 14
81 97 43
81 98 168
81 99 43
81 100 97
82 83 260
82 84 108
82 85 282
82 86 103
82 87 255
82 88 205
82 89 42
82 90 244
82 91 286
82 92 272
82 93 82
82 94 109
82 95 189
82 96 287
82 97 250
82 98 211
82 99 290
82 100 132
83 84 200
83 85 284
83 86 94
83 87 277
83 88 218
83 89 88
83 90 71
83 91 246
83 92 128
83 93 211
83 94 95
83 95 74
83 96 53
83 97 53
83 98 217
83 99 15
83 100 98
84 85 19
84 86 45
84 87 192
84 88 57
84 89 110
84 90 128
84 91 193
84 92 7
84 93 28
84 94 111
84 95 160
84 96 130
84 97 187
84 98 162
84 99 196
84 100 203
85 86 211
85 87 108
85 88 275
85 89 72
85 90 166
85 91 259
85 92 242
85 93 274
85 94 101
85 95 172
85 96 170
85 97 140
85 98 187
85 99 85
85 100 51
86 87 110
86 88 42
86 89 210
86 90 199
86 91 297
86 92 239
86 93 114
86 94 25
86 95 298
86 96 76
86 97 136
86 98 19
86 99 210
86 100 239
87 88 38
87 89 267
87 90 206
87 91 266
87 92 153
87 93 41
87 94 10
87 95 293
87 96 97
87 97 274
87 98 229
87 99 219
87 100 64
88 89 231
88 90 51
88 91 262
88 92 266
88 93 153
88 94 139
88 95 50
88 96 116
88 97 45
88 98 87
88 99 207
88 100 268
89 90 88
89 91 117
89 92 53
89 93 115
89 94 117
89 95 259
89 96 74
89 97 6
89 98 121
89 99 10
89 100 214
90 91 278
90 92 27
90 93 234
90 94 25
90 95 53
90 96 28
90 97 163
90 98 269
90 99 34
90 100 285
91 92 272
91 93 207
91 94 237
91 95 92
91 96 172
91 97 78
91 98 109
91 99 216
91 100 105
92 93 46
92 94 180
92 95 63
92 96 245
92 97 243
92 98 86
92 99 216
92 100 6
93 94 277
93 95 209
93 96 168
93 97 137
93 98 229
93 99 160
93 100 0
94 95 235
94 96 187
94 97 3
94 98 131
94 99 217
94 100 259
95 96 0
95 97 70
95 98 177
95 99 188
95 100 290
96 97 7
96 98 252
96 99 291
96 100 243
97 98 122
97 99 298
97 100 282
98 99 31
98 100 145
99 100 155
