100 4950
1 2 105
1 3 41
1 4 64
1 5 70
1 6 227
1 7 123
1 8 75
1 9 141
1 10 286
1 11 12
1 12 172
1 13 216
1 14 145
1 15 224
1 16 142
1 17 36
1 18 84
1 19 269
1 20 121
1 21 69
1 22 215
1 23 264
1 24 72
1 25 141
1 26 87
1 27 241
1 28 234
1 29 45
1 30 94
1 31 205
1 32 73
1 33 100
1 34 31
1 35 120
1 36 56
1 37 259
1 38 33
1 39 168
1 40 40
1 41 141
1 42 76
1 43 297
1 44 223
1 45 0
1 46 25
1 47 35
1 48 115
1 49 97
1 50 246
1 51 16
1 52 249
1 53 257
1 54 225
1 55 239
1 56 145
1 57 266
1 58 69
1 59 1
1 60 180
1 61 239
1 62 102
1 63 266
1 64 295
1 65 11
1 66 151
1 67 146
1 68 67
1 69 42
1 70 227
1 71 209
1 72 40
1 73 105
1 74 47
1 75 256
1 76 295
1 77 16
1 78 15
1 79 272
1 80 102
1 81 143
1 82 193
1 83 292
1 84 112
1 85 66
1 86 4
1 87 185
1 88 7
1 89 232
1 90 84
1 91 174
1 92 267
1 93 33
1 94 106
1 95 237
1 96 203
1 97 239
1 98 52
1 99 0
1 100 299
2 3 176
2 4 177
2 5 193
2 6 251
2 7 164
2 8 114
2 9 67
2 10 79
2 11 11
2 12 155
2 13 238
2 14 16
2 15 153
2 16 146
2 17 87
2 18 173
2 19 77
2 20 109
2 21 101
2 22 293
2 23 132
2 24 284
2 25 105
2 26 204
2 27 280
2 28 114
2 29 82
2 30 221
2 31 220
2 32 195
2 33 203
2 34 75
2 35 94
2 36 268
2 37 162
2 38 90
2 39 81
2 40 294
2 41 116
2 42 242
2 43 288
2 44 229
2 45 36
2 46 252
2 47 26
2 48 203
2 49 257
2 50 260
2 51 220
2 52 33
2 53 137
2 54 86
2 55 48
2 56 146
2 57 192
2 58 93
2 59 208
2 60 58
2 61 62
2 62 38
2 63 223
2 64 100
2 65 166
2 66 287
2 67 155
2 68 218
2 69 170
2 70 91
2 71 34
2 72 102
2 73 19
2 74 284
2 75 287
2 76 152
2 77 216
2 78 105
2 79 66
2 80 160
2 81 227
2 82 102
2 83 195
2 84 206
2 85 132
2 86 186
2 87 296
2 88 247
2 89 33
2 90 96
2 91 288
2 92 28
2 93 218
2 94 286
2 95 146
2 96 87
2 97 278
2 98 77
2 99 22
2 100 158
3 4 186
3 5 187
3 6 15
3 7 113
3 8 122
3 9 229
3 10 80
3 11 209
3 12 257
3 13 169
3 14 201
3 15 294
3 16 174
3 17 283
3 18 239
3 19 180
3 20 114
3 21 24
3 22 11
3 23 293
3 24 166
3 25 224
3 26 84
3 27 46
3 28 127
3 29 91
3 30 264
3 31 247
3 32 265
3 33 101
3 34 163
3 35 147
3 36 191
3 37 128
3 38 177
3 39 255
3 40 190
3 41 64
3 42 269
3 43 222
3 44 139
3 45 197
3 46 64
3 47 201
3 48 219
3 49 167
3 50 30
3 51 27
3 52 239
3 53 135
3 54 67
3 55 133
3 56 226
3 57 108
3 58 29
3 59 42
3 60 43
3 61 114
3 62 240
3 63 74
3 64 119
3 65 68
3 66 45
3 67 127
3 68 254
3 69 125
3 70 11
3 71 266
3 72 23
3 73 71
3 74 56
3 75 272
3 76 165
3 77 16
3 78 53
3 79 27
3 80 284
3 81 7
3 82 187
3 83 65
3 84 78
3 85 93
3 86 159
3 87 13
3 88 125
3 89 181
3 90 171
3 91 11
3 92 257
3 93 146
3 94 198
3 95 199
3 96 223
3 97 146
3 98 171
3 99 294
3 100 204
4 5 277
4 6 295
4 7 162
4 8 102
4 9 4
4 10 299
4 11 119
4 12 232
4 13 79
4 14 288
4 15 255
4 16 14
4 17 242
4 18 227
4 19 135
4 20 173
4 21 174
4 22 48
4 23 78
4 24 87
4 25 103
4 26 200
4 27 81
4 28 176
4 29 81
4 30 97
4 31 34
4 32 271
4 33 206
4 34 199
4 35 268
4 36 74
4 37 150
4 38 248
4 39 188
4 40 70
4 41 134
4 42 184
4 43 134
4 44 259
4 45 188
4 46 107
4 47 188
4 48 255
4 49 154
4 50 192
4 51 211
4 52 152
4 53 126
4 54 87
4 55 97
4 56 236
4 57 288
4 58 146
4 59 81
4 60 55
4 61 9
4 62 265
4 63 244
4 64 215
4 65 217
4 66 193
4 67 107
4 68 226
4 69 16
4 70 10
4 71 100
4 72 253
4 73 299
4 74 46
4 75 122
4 76 240
4 77 69
4 78 11
4 79 280
4 80 112
4 81 86
4 82 214
4 83 248
4 84 189
4 85 137
4 86 266
4 87 71
4 88 48
4 89 35
4 90 294
4 91 288
4 92 2
4 93 53
4 94 128
4 95 114
4 96 130
4 97 96
4 98 232
4 99 111
4 100 172
5 6 222
5 7 196
5 8 12
5 9 239
5 10 151
5 11 28
5 12 107
5 13 259
5 14 96
5 15 250
5 16 84
5 17 122
5 18 234
5 19 22
5 20 162
5 21 84
5 22 90
5 23 37
5 24 292
5 25 10
5 26 186
5 27 19
5 28 299
5 29 170
5 30 59
5 31 54
5 32 141
5 33 49
5 34 112
5 35 254
5 36 182
5 37 115
5 38 19
5 39 288
5 40 105
5 41 187
5 42 100
5 43 224
5 44 250
5 45 20
5 46 86
5 47 108
5 48 87
5 49 194
5 50 175
5 51 255
5 52 209
5 53 70
5 54 0
5 55 35
5 56 290
5 57 60
5 58 225
5 59 93
5 60 208
5 61 216
5 62 199
5 63 85
5 64 199
5 65 7
5 66 245
5 67 120
5 68 211
5 69 196
5 70 17
5 71 58
5 72 59
5 73 181
5 74 43
5 75 274
5 76 254
5 77 155
5 78 95
5 79 247
5 80 74
5 81 116
5 82 112
5 83 61
5 84 228
5 85 105
5 86 141
5 87 199
5 88 222
5 89 193
5 90 178
5 91 152
5 92 164
5 93 257
5 94 255
5 95 80
5 96 102
5 97 209
5 98 194
5 99 25
5 100 23
6 7 297
6 8 218
6 9 231
6 10 153
6 11 15
6 12 25
6 13 117
6 14 287
6 15 195
6 16 113
6 17 142
6 18 67
6 19 174
6 20 120
6 21 57
6 22 136
6 23 151
6 24 45
6 25 30
6 26 169
6 27 101
6 28 144
6 29 241
6 30 26
6 31 74
6 32 54
6 33 37
6 34 158
6 35 291
6 36 286
6 37 25
6 38 82
6 39 106
6 40 221
6 41 160
6 42 150
6 43 264
6 44 90
6 45 36
6 46 167
6 47 209
6 48 51
6 49 217
6 50 266
6 51 274
6 52 92
6 53 50
6 54 245
6 55 278
6 56 280
6 57 131
6 58 12
6 59 100
6 60 267
6 61 28
6 62 115
6 63 72
6 64 154
6 65 203
6 66 222
6 67 51
6 68 191
6 69 295
6 70 98
6 71 163
6 72 84
6 73 275
6 74 245
6 75 140
6 76 134
6 77 151
6 78 281
6 79 261
6 80 157
6 81 198
6 82 176
6 83 179
6 84 153
6 85 207
6 86 176
6 87 100
6 88 125
6 89 82
6 90 227
6 91 274
6 92 177
6 93 40
6 94 208
6 95 98
6 96 32
6 97 218
6 98 101
6 99 237
6 100 286
7 8 161
7 9 187
7 10 58
7 11 274
7 12 182
7 13 48
7 14 249
7 15 191
7 16 98
7 17 36
7 18 45
7 19 27
7 20 41
7 21 299
7 22 55
7 23 157
7 24 110
7 25 126
7 26 84
7 27 265
7 28 26
7 29 226
7 30 68
7 31 37
7 32 271
7 33 29
7 34 288
7 35 282
7 36 67
7 37 77
7 38 295
7 39 139
7 40 21
7 41 218
7 42 49
7 43 64
7 44 167
7 45 236
7 46 165
7 47 92
7 48 125
7 49 185
7 50 265
7 51 263
7 52 91
7 53 180
7 54 209
7 55 8
7 56 76
7 57 127
7 58 204
7 59 98
7 60 239
7 61 5
7 62 34
7 63 186
7 64 212
7 65 129
7 66 30
7 67 136
7 68 22
7 69 68
7 70 221
7 71 16
7 72 92
7 73 216
7 74 19
7 75 274
7 76 152
7 77 54
7 78 21
7 79 79
7 80 119
7 81 165
7 82 236
7 83 274
7 84 105
7 85 105
7 86 274
7 87 101
7 88 103
7 89 85
7 90 169
7 91 101
7 92 33
7 93 44
7 94 87
7 95 168
7 96 10
7 97 30
7 98 164
7 99 245
7 100 249
8 9 224
8 10 186
8 11 230
8 12 264
8 13 28
8 14 143
8 15 44
8 16 209
8 17 188
8 18 206
8 19 279
8 20 73
8 21 69
8 22 150
8 23 36
8 24 297
8 25 280
8 26 78
8 27 253
8 28 167
8 29 150
8 30 226
8 31 285
8 32 42
8 33 53
8 34 252
8 35 55
8 36 25
8 37 169
8 38 62
8 39 227
8 40 35
8 41 79
8 42 142
8 43 21
8 44 284
8 45 156
8 46 140
8 47 84
8 48 101
8 49 247
8 50 126
8 51 142
8 52 183
8 53 98
8 54 286
8 55 88
8 56 120
8 57 212
8 58 66
8 59 30
8 60 108
8 61 88
8 62 289
8 63 141
8 64 202
8 65 144
8 66 107
8 67 35
8 68 97
8 69 190
8 70 223
8 71 27
8 72 143
8 73 90
8 74 226
8 75 175
8 76 47
8 77 51
8 78 245
8 79 52
8 80 135
8 81 159
8 82 110
8 83 220
8 84 166
8 85 253
8 86 1
8 87 45
8 88 192
8 89 102
8 90 157
8 91 52
8 92 77
8 93 63
8 94 230
8 95 248
8 96 112
8 97 159
8 98 147
8 99 234
8 100 259
9 10 221
9 11 33
9 12 236
9 13 250
9 14 260
9 15 211
9 16 238
9 17 65
9 18 215
9 19 184
9 20 248
9 21 269
9 22 57
9 23 220
9 24 185
9 25 266
9 26 240
9 27 212
9 28 265
9 29 115
9 30 16
9 31 165
9 32 260
9 33 108
9 34 192
9 35 5
9 36 141
9 37 143
9 38 241
9 39 121
9 40 144
9 41 277
9 42 76
9 43 80
9 44 96
9 45 227
9 46 120
9 47 192
9 48 251
9 49 60
9 50 168
9 51 260
9 52 124
9 53 226
9 54 160
9 55 184
9 56 0
9 57 52
9 58 36
9 59 283
9 60 87
9 61 49
9 62 269
9 63 259
9 64 125
9 65 205
9 66 294
9 67 31
9 68 270
9 69 189
9 70 92
9 71 6
9 72 260
9 73 105
9 74 93
9 75 134
9 76 131
9 77 50
9 78 106
9 79 195
9 80 289
9 81 38
9 82 272
9 83 50
9 84 53
9 85 267
9 86 160
9 87 200
9 88 164
9 89 268
9 90 173
9 91 55
9 92 82
9 93 222
9 94 208
9 95 50
9 96 58
9 97 179
9 98 210
9 99 31
9 100 84
10 11 136
10 12 14
10 13 238
10 14 152
10 15 79
10 16 99
10 17 100
10 18 187
10 19 167
10 20 12
10 21 270
10 22 35
10 23 95
10 24 232
10 25 125
10 26 248
10 27 254
10 28 46
10 29 4
10 30 143
10 31 13
10 32 183
10 33 52
10 34 218
10 35 47
10 36 82
10 37 2
10 38 84
10 39 146
10 40 286
10 41 115
10 42 21
10 43 38
10 44 236
10 45 144
10 46 111
10 47 288
10 48 24
10 49 89
10 50 212
10 51 151
10 52 62
10 53 218
10 54 228
10 55 43
10 56 36
10 57 82
10 58 43
10 59 234
10 60 6
10 61 291
10 62 74
10 63 252
10 64 45
10 65 160
10 66 78
10 67 178
10 68 224
10 69 77
10 70 290
10 71 260
10 72 232
10 73 121
10 74 128
10 75 109
10 76 211
10 77 97
10 78 0
10 79 39
10 80 201
10 81 241
10 82 74
10 83 269
10 84 130
10 85 96
10 86 72
10 87 193
10 88 121
10 89 289
10 90 65
10 91 73
10 92 220
10 93 230
10 94 155
10 95 40
10 96 51
10 97 148
10 98 103
10 99 268
10 100 292
11 12 233
11 13 198
11 14 107
11 15 92
11 16 287
11 17 272
11 18 135
11 19 262
11 20 110
11 21 248
11 22 267
11 23 58
11 24 43
11 25 231
11 26 295
11 27 61
11 28 113
11 29 113
11 30 245
11 31 250
11 32 260
11 33 148
11 34 20
11 35 89
11 36 27
11 37 47
11 38 33
11 39 137
11 40 116
11 41 14
11 42 76
11 43 185
11 44 33
11 45 260
11 46 108
11 47 47
11 48 214
11 49 223
11 50 42
11 51 226
11 52 45
11 53 65
11 54 75
11 55 263
11 56 78
11 57 272
11 58 158
11 59 56
11 60 183
11 61 62
11 62 222
11 63 18
11 64 123
11 65 24
11 66 84
11 67 24
11 68 287
11 69 164
11 70 107
11 71 141
11 72 37
11 73 116
11 74 140
11 75 115
11 76 76
11 77 69
11 78 185
11 79 256
11 80 71
11 81 106
11 82 279
11 83 222
11 84 124
11 85 108
11 86 150
11 87 240
11 88 57
11 89 105
11 90 281
11 91 24
11 92 227
11 93 36
11 94 198
11 95 0
11 96 32
11 97 29
11 98 200
11 99 258
11 100 33
12 13 26
12 14 5
12 15 223
12 16 171
12 17 93
12 18 215
12 19 192
12 20 100
12 21 41
12 22 230
12 23 110
12 24 112
12 25 3
12 26 25
12 27 272
12 28 68
12 29 69
12 30 36
12 31 229
12 32 250
12 33 119
12 34 102
12 35 230
12 36 103
12 37 77
12 38 80
12 39 231
12 40 205
12 41 231
12 42 109
12 43 249
12 44 93
12 45 232
12 46 288
12 47 269
12 48 39
12 49 119
12 50 197
12 51 24
12 52 223
12 53 188
12 54 254
12 55 102
12 56 20
12 57 158
12 58 47
12 59 163
12 60 15
12 61 65
12 62 298
12 63 196
12 64 78
12 65 289
12 66 152
12 67 231
12 68 73
12 69 299
12 70 252
12 71 102
12 72 2
12 73 224
12 74 116
12 75 69
12 76 228
12 77 104
12 78 241
12 79 87
12 80 202
12 81 230
12 82 232
12 83 186
12 84 184
12 85 24
12 86 13
12 87 74
12 88 160
12 89 70
12 90 241
12 91 290
12 92 249
12 93 66
12 94 124
12 95 274
12 96 215
12 97 185
12 98 198
12 99 279
12 100 81
13 14 77
13 15 273
13 16 188
13 17 116
13 18 243
13 19 264
13 20 288
13 21 148
13 22 260
13 23 286
13 24 217
13 25 8
13 26 41
13 27 95
13 28 242
13 29 10
13 30 134
13 31 83
13 32 143
13 33 222
13 34 281
13 35 66
13 36 60
13 37 157
13 38 235
13 39 53
13 40 49
13 41 110
13 42 271
13 43 220
13 44 56
13 45 186
13 46 40
13 47 170
13 48 70
13 49 87
13 50 184
13 51 20
13 52 27
13 53 142
13 54 194
13 55 220
13 56 123
13 57 100
13 58 194
13 59 40
13 60 121
13 61 8
13 62 155
13 63 15
13 64 59
13 65 12
13 66 6
13 67 260
13 68 207
13 69 178
13 70 16
13 71 229
13 72 289
13 73 7
13 74 73
13 75 202
13 76 195
13 77 16
13 78 60
13 79 18
13 80 160
13 81 165
13 82 104
13 83 183
13 84 19
13 85 216
13 86 88
13 87 111
13 88 85
13 89 151
13 90 259
13 91 3
13 92 63
13 93 2
13 94 142
13 95 20
13 96 9
13 97 140
13 98 236
13 99 71
13 100 188
14 15 99
14 16 264
14 17 47
14 18 165
14 19 3
14 20 283
14 21 65
14 22 163
14 23 112
14 24 106
14 25 291
14 26 206
14 27 194
14 28 3
14 29 200
14 30 208
14 31 120
14 32 7
14 33 74
14 34 117
14 35 252
14 36 117
14 37 185
14 38 177
14 39 99
14 40 77
14 41 247
14 42 95
14 43 173
14 44 25
14 45 49
14 46 293
14 47 273
14 48 219
14 49 266
14 50 172
14 51 273
14 52 131
14 53 37
14 54 294
14 55 222
14 56 61
14 57 0
14 58 39
14 59 36
14 60 257
14 61 79
14 62 190
14 63 41
14 64 33
14 65 117
14 66 184
14 67 291
14 68 78
14 69 273
14 70 25
14 71 49
14 72 205
14 73 19
14 74 26
14 75 103
14 76 216
14 77 170
14 78 290
14 79 240
14 80 84
14 81 178
14 82 212
14 83 206
14 84 206
14 85 120
14 86 117
14 87 201
14 88 118
14 89 181
14 90 9
14 91 170
14 92 42
14 93 82
14 94 90
14 95 7
14 96 291
14 97 144
14 98 159
14 99 59
14 100 195
15 16 116
15 17 89
15 18 11
15 19 261
15 20 22
15 21 231
15 22 99
15 23 161
15 24 143
15 25 69
15 26 208
15 27 173
15 28 247
15 29 129
15 30 244
15 31 232
15 32 252
15 33 276
15 34 160
15 35 183
15 36 227
15 37 164
15 38 177
15 39 61
15 40 230
15 41 53
15 42 147
15 43 90
15 44 171
15 45 102
15 46 137
15 47 248
15 48 245
15 49 199
15 50 247
15 51 0
15 52 150
15 53 107
15 54 191
15 55 98
15 56 205
15 57 100
15 58 193
15 59 203
15 60 289
15 61 256
15 62 192
15 63 50
15 64 42
15 65 215
15 66 70
15 67 56
15 68 299
15 69 218
15 70 160
15 71 132
15 72 70
15 73 247
15 74 87
15 75 257
15 76 290
15 77 181
15 78 209
15 79 63
15 80 140
15 81 42
15 82 78
15 83 17
15 84 31
15 85 43
15 86 194
15 87 211
15 88 183
15 89 110
15 90 264
15 91 109
15 92 131
15 93 2
15 94 123
15 95 16
15 96 272
15 97 253
15 98 251
15 99 297
15 100 107
16 17 271
16 18 49
16 19 74
16 20 224
16 21 52
16 22 237
16 23 196
16 24 196
16 25 91
16 26 280
16 27 110
16 28 71
16 29 255
16 30 282
16 31 215
16 32 191
16 33 133
16 34 286
16 35 289
16 36 289
16 37 81
16 38 251
16 39 56
16 40 263
16 41 220
16 42 21
16 43 125
16 44 246
16 45 99
16 46 132
16 47 39
16 48 224
16 49 194
16 50 153
16 51 149
16 52 273
16 53 236
16 54 271
16 55 52
16 56 254
16 57 173
16 58 121
16 59 17
16 60 284
16 61 264
16 62 236
16 63 267
16 64 26
16 65 6
16 66 255
16 67 76
16 68 11
16 69 119
16 70 211
16 71 25
16 72 73
16 73 4
16 74 43
16 75 95
16 76 68
16 77 32
16 78 139
16 79 297
16 80 296
16 81 168
16 82 256
16 83 190
16 84 209
16 85 55
16 86 100
16 87 235
16 88 101
16 89 178
16 90 118
16 91 229
16 92 18
16 93 236
16 94 144
16 95 7
16 96 163
16 97 259
16 98 153
16 99 143
16 100 12
17 18 105
17 19 54
17 20 49
17 21 161
17 22 256
17 23 103
17 24 205
17 25 99
17 26 276
17 27 49
17 28 12
17 29 209
17 30 58
17 31 240
17 32 72
17 33 170
17 34 272
17 35 203
17 36 0
17 37 157
17 38 96
17 39 155
17 40 160
17 41 272
17 42 259
17 43 131
17 44 80
17 45 212
17 46 135
17 47 47
17 48 80
17 49 261
17 50 179
17 51 18
17 52 112
17 53 63
17 54 133
17 55 183
17 56 97
17 57 63
17 58 211
17 59 297
17 60 150
17 61 280
17 62 281
17 63 239
17 64 207
17 65 294
17 66 215
17 67 174
17 68 213
17 69 197
17 70 260
17 71 273
17 72 65
17 73 77
17 74 87
17 75 257
17 76 293
17 77 40
17 78 71
17 79 201
17 80 232
17 81 233
17 82 31
17 83 229
17 84 187
17 85 13
17 86 60
17 87 170
17 88 30
17 89 25
17 90 232
17 91 49
17 92 200
17 93 71
17 94 75
17 95 96
17 96 156
17 97 168
17 98 286
17 99 40
17 100 251
18 19 123
18 20 238
18 21 43
18 22 26
18 23 240
18 24 255
18 25 198
18 26 259
18 27 125
18 28 102
18 29 190
18 30 227
18 31 216
18 32 252
18 33 136
18 34 59
18 35 170
18 36 150
18 37 71
18 38 142
18 39 294
18 40 269
18 41 248
18 42 86
18 43 168
18 44 26
18 45 200
18 46 40
18 47 23
18 48 3
18 49 52
18 50 175
18 51 186
18 52 110
18 53 226
18 54 74
18 55 22
18 56 70
18 57 225
18 58 163
18 59 184
18 60 167
18 61 146
18 62 41
18 63 168
18 64 60
18 65 233
18 66 246
18 67 140
18 68 8
18 69 14
18 70 54
18 71 103
18 72 106
18 73 72
18 74 7
18 75 111
18 76 1
18 77 95
18 78 23
18 79 291
18 80 48
18 81 66
18 82 155
18 83 200
18 84 37
18 85 11
18 86 69
18 87 79
18 88 86
18 89 133
18 90 177
18 91 33
18 92 143
18 93 193
18 94 105
18 95 153
18 96 56
18 97 207
18 98 132
18 99 95
18 100 299
19 20 161
19 21 262
19 22 265
19 23 140
19 24 288
19 25 213
19 26 69
19 27 243
19 28 10
19 29 51
19 30 143
19 31 115
19 32 27
19 33 35
19 34 66
19 35 125
19 36 18
19 37 228
19 38 53
19 39 74
19 40 178
19 41 106
19 42 1
19 43 294
19 44 158
19 45 51
19 46 207
19 47 24
19 48 201
19 49 223
19 50 265
19 51 47
19 52 184
19 53 226
19 54 299
19 55 144
19 56 134
19 57 256
19 58 13
19 59 33
19 60 39
19 61 78
19 62 194
19 63 38
19 64 196
19 65 223
19 66 247
19 67 221
19 68 41
19 69 186
19 70 40
19 71 221
19 72 118
19 73 231
19 74 56
19 75 153
19 76 43
19 77 69
19 78 100
19 79 136
19 80 208
19 81 139
19 82 72
19 83 77
19 84 226
19 85 89
19 86 223
19 87 72
19 88 181
19 89 277
19 90 126
19 91 277
19 92 112
19 93 236
19 94 168
19 95 209
19 96 33
19 97 66
19 98 227
19 99 140
19 100 70
20 21 233
20 22 88
20 23 278
20 24 237
20 25 141
20 26 113
20 27 253
20 28 208
20 29 205
20 30 42
20 31 191
20 32 113
20 33 274
20 34 45
20 35 1
20 36 190
20 37 181
20 38 275
20 39 177
20 40 110
20 41 149
20 42 158
20 43 190
20 44 146
20 45 136
20 46 159
20 47 33
20 48 256
20 49 20
20 50 70
20 51 62
20 52 237
20 53 81
20 54 140
20 55 179
20 56 202
20 57 190
20 58 238
20 59 183
20 60 120
20 61 65
20 62 162
20 63 287
20 64 63
20 65 214
20 66 35
20 67 219
20 68 213
20 69 264
20 70 116
20 71 69
20 72 260
20 73 140
20 74 250
20 75 89
20 76 291
20 77 130
20 78 72
20 79 51
20 80 124
20 81 269
20 82 68
20 83 150
20 84 80
20 85 228
20 86 118
20 87 233
20 88 160
20 89 130
20 90 102
20 91 258
20 92 78
20 93 173
20 94 165
20 95 165
20 96 181
20 97 76
20 98 91
20 99 242
20 100 48
21 22 228
21 23 218
21 24 54
21 25 248
21 26 288
21 27 49
21 28 38
21 29 217
21 30 79
21 31 75
21 32 72
21 33 210
21 34 36
21 35 255
21 36 208
21 37 22
21 38 60
21 39 48
21 40 294
21 41 66
21 42 175
21 43 139
21 44 262
21 45 51
21 46 90
21 47 210
21 48 23
21 49 250
21 50 231
21 51 266
21 52 193
21 53 122
21 54 39
21 55 22
21 56 124
21 57 2
21 58 263
21 59 72
21 60 55
21 61 290
21 62 198
21 63 122
21 64 264
21 65 60
21 66 255
21 67 177
21 68 282
21 69 159
21 70 54
21 71 270
21 72 10
21 73 204
21 74 33
21 75 184
21 76 162
21 77 23
21 78 161
21 79 51
21 80 38
21 81 257
21 82 233
21 83 262
21 84 38
21 85 251
21 86 159
21 87 16
21 88 120
21 89 60
21 90 60
21 91 21
21 92 212
21 93 159
21 94 48
21 95 95
21 96 7
21 97 10
21 98 44
21 99 6
21 100 193
22 23 163
22 24 228
22 25 272
22 26 225
22 27 216
22 28 206
22 29 4
22 30 224
22 31 161
22 32 124
22 33 216
22 34 158
22 35 251
22 36 95
22 37 218
22 38 123
22 39 128
22 40 58
22 41 116
22 42 29
22 43 252
22 44 71
22 45 201
22 46 86
22 47 139
22 48 124
22 49 194
22 50 52
22 51 145
22 52 3
22 53 208
22 54 144
22 55 6
22 56 97
22 57 12
22 58 193
22 59 112
22 60 212
22 61 160
22 62 59
22 63 285
22 64 166
22 65 156
22 66 142
22 67 190
22 68 203
22 69 249
22 70 233
22 71 119
22 72 277
22 73 171
22 74 252
22 75 160
22 76 82
22 77 299
22 78 150
22 79 135
22 80 245
22 81 213
22 82 241
22 83 161
22 84 22
22 85 17
22 86 95
22 87 46
22 88 289
22 89 196
22 90 179
22 91 205
22 92 172
22 93 128
22 94 44
22 95 74
22 96 155
22 97 152
22 98 23
22 99 120
22 100 242
23 24 17
23 25 285
23 26 138
23 27 10
23 28 262
23 29 207
23 30 299
23 31 221
23 32 115
23 33 180
23 34 193
23 35 45
23 36 232
23 37 108
23 38 266
23 39 231
23 40 287
23 41 161
23 42 229
23 43 175
23 44 213
23 45 167
23 46 140
23 47 160
23 48 262
23 49 80
23 50 39
23 51 52
23 52 17
23 53 223
23 54 258
23 55 228
23 56 228
23 57 259
23 58 188
23 59 48
23 60 108
23 61 97
23 62 297
23 63 130
23 64 187
23 65 271
23 66 224
23 67 80
23 68 107
23 69 102
23 70 211
23 71 97
23 72 163
23 73 98
23 74 264
23 75 96
23 76 33
23 77 240
23 78 186
23 79 249
23 80 67
23 81 197
23 82 218
23 83 35
23 84 276
23 85 217
23 86 145
23 87 101
23 88 158
23 89 3
23 90 252
23 91 287
23 92 276
23 93 39
23 94 220
23 95 133
23 96 251
23 97 121
23 98 31
23 99 209
23 100 44
24 25 2
24 26 291
24 27 285
24 28 113
24 29 99
24 30 231
24 31 163
24 32 81
24 33 72
24 34 226
24 35 181
24 36 280
24 37 6
24 38 32
24 39 289
24 40 169
24 41 190
24 42 290
24 43 214
24 44 37
24 45 97
24 46 201
24 47 228
24 48 240
24 49 294
24 50 96
24 51 232
24 52 66
24 53 53
24 54 91
24 55 14
24 56 161
24 57 206
24 58 7
24 59 65
24 60 287
24 61 52
24 62 11
24 63 109
24 64 57
24 65 48
24 66 193
24 67 29
24 68 78
24 69 277
24 70 290
24 71 167
24 72 48
24 73 19
24 74 178
24 75 172
24 76 257
24 77 237
24 78 130
24 79 222
24 80 170
24 81 110
24 82 157
24 83 147
24 84 198
24 85 231
24 86 297
24 87 280
24 88 243
24 89 226
24 90 228
24 91 115
24 92 83
24 93 285
24 94 207
24 95 150
24 96 45
24 97 81
24 98 255
24 99 232
24 100 133
25 26 185
25 27 92
25 28 114
25 29 116
25 30 74
25 31 106
25 32 181
25 33 107
25 34 4
25 35 135
25 36 229
25 37 13
25 38 189
25 39 132
25 40 131
25 41 230
25 42 270
25 43 291
25 44 37
25 45 90
25 46 66
25 47 142
25 48 124
25 49 19
25 50 143
25 51 202
25 52 7
25 53 154
25 54 133
25 55 250
25 56 295
25 57 49
25 58 221
25 59 275
25 60 243
25 61 226
25 62 294
25 63 146
25 64 138
25 65 123
25 66 217
25 67 34
25 68 74
25 69 110
25 70 218
25 71 191
25 72 283
25 73 80
25 74 294
25 75 170
25 76 9
25 77 58
25 78 12
25 79 23
25 80 95
25 81 136
25 82 80
25 83 2
25 84 206
25 85 73
25 86 204
25 87 201
25 88 15
25 89 116
25 90 281
25 91 197
25 92 230
25 93 269
25 94 242
25 95 225
25 96 299
25 97 248
25 98 143
25 99 276
25 100 16
26 27 219
26 28 270
26 29 183
26 30 227
26 31 279
26 32 77
26 33 45
26 34 210
26 35 284
26 36 258
26 37 108
26 38 225
26 39 7
26 40 114
26 41 22
26 42 32
26 43 284
26 44 53
26 45 173
26 46 227
26 47 42
26 48 50
26 49 7
26 50 168
26 51 134
26 52 69
26 53 119
26 54 88
26 55 7
26 56 266
26 57 1
26 58 19
26 59 130
26 60 98
26 61 57
26 62 88
26 63 56
26 64 82
26 65 270
26 66 42
26 67 170
26 68 296
26 69 239
26 70 41
26 71 9
26 72 219
26 73 64
26 74 53
26 75 237
26 76 217
26 77 76
26 78 28
26 79 179
26 80 166
26 81 229
26 82 15
26 83 133
26 84 127
26 85 110
26 86 63
26 87 293
26 88 256
26 89 209
26 90 242
26 91 60
26 92 120
26 93 126
26 94 237
26 95 159
26 96 198
26 97 286
26 98 229
26 99 19
26 100 70
27 28 33
27 29 187
27 30 195
27 31 123
27 32 135
27 33 278
27 34 109
27 35 93
27 36 144
27 37 91
27 38 129
27 39 170
27 40 99
27 41 129
27 42 190
27 43 86
27 44 146
27 45 59
27 46 248
27 47 136
27 48 220
27 49 110
27 50 247
27 51 30
27 52 254
27 53 39
27 54 72
27 55 91
27 56 270
27 57 165
27 58 55
27 59 62
27 60 206
27 61 151
27 62 102
27 63 205
27 64 125
27 65 128
27 66 252
27 67 43
27 68 108
27 69 117
27 70 63
27 71 203
27 72 279
27 73 227
27 74 266
27 75 220
27 76 276
27 77 23
27 78 8
27 79 121
27 80 295
27 81 195
27 82 123
27 83 282
27 84 0
27 85 98
27 86 265
27 87 278
27 88 296
27 89 171
27 90 265
27 91 143
27 92 271
27 93 80
27 94 193
27 95 121
27 96 209
27 97 45
27 98 126
27 99 175
27 100 241
28 29 205
28 30 114
28 31 298
28 32 42
28 33 185
28 34 273
28 35 46
28 36 241
28 37 257
28 38 222
28 39 168
28 40 64
28 41 47
28 42 143
28 43 161
28 44 160
28 45 250
28 46 47
28 47 88
28 48 216
28 49 163
28 50 62
28 51 291
28 52 17
28 53 46
28 54 161
28 55 220
28 56 154
28 57 11
28 58 196
28 59 236
28 60 253
28 61 126
28 62 214
28 63 259
28 64 243
28 65 245
28 66 288
28 67 75
28 68 38
28 69 236
28 70 70
28 71 205
28 72 250
28 73 291
28 74 14
28 75 27
28 76 280
28 77 146
28 78 249
28 79 250
28 80 119
28 81 96
28 82 227
28 83 288
28 84 82
28 85 18
28 86 23
28 87 98
28 88 202
28 89 144
28 90 113
28 91 197
28 92 48
28 93 270
28 94 85
28 95 173
28 96 282
28 97 244
28 98 26
28 99 50
28 100 10
29 30 292
29 31 47
29 32 54
29 33 128
29 34 285
29 35 186
29 36 296
29 37 53
29 38 73
29 39 66
29 40 4
29 41 103
29 42 171
29 43 16
29 44 152
29 45 117
29 46 285
29 47 31
29 48 295
29 49 215
29 50 29
29 51 113
29 52 55
29 53 118
29 54 60
29 55 207
29 56 37
29 57 250
29 58 231
29 59 174
29 60 136
29 61 287
29 62 295
29 63 59
29 64 254
29 65 50
29 66 270
29 67 96
29 68 72
29 69 263
29 70 146
29 71 154
29 72 82
29 73 77
29 74 9
29 75 26
29 76 100
29 77 163
29 78 198
29 79 90
29 80 29
29 81 273
29 82 208
29 83 108
29 84 2
29 85 276
29 86 290
29 87 246
29 88 206
29 89 58
29 90 51
29 91 150
29 92 15
29 93 260
29 94 287
29 95 158
29 96 206
29 97 265
29 98 272
29 99 257
29 100 146
30 31 160
30 32 218
30 33 281
30 34 42
30 35 144
30 36 173
30 37 116
30 38 252
30 39 170
30 40 187
30 41 91
30 42 41
30 43 75
30 44 33
30 45 267
30 46 227
30 47 40
30 48 217
30 49 49
30 50 17
30 51 138
30 52 226
30 53 226
30 54 218
30 55 25
30 56 236
30 57 76
30 58 70
30 59 182
30 60 153
30 61 77
30 62 269
30 63 263
30 64 47
30 65 290
30 66 177
30 67 232
30 68 177
30 69 64
30 70 282
30 71 80
30 72 146
30 73 271
30 74 67
30 75 76
30 76 274
30 77 138
30 78 89
30 79 41
30 80 258
30 81 186
30 82 57
30 83 285
30 84 170
30 85 124
30 86 44
30 87 172
30 88 153
30 89 217
30 90 261
30 91 275
30 92 299
30 93 43
30 94 213
30 95 200
30 96 225
30 97 170
30 98 13
30 99 38
30 100 231
31 32 199
31 33 109
31 34 200
31 35 4
31 36 2
31 37 53
31 38 53
31 39 62
31 40 214
31 41 254
31 42 160
31 43 205
31 44 53
31 45 33
31 46 82
31 47 198
31 48 191
31 49 282
31 50 137
31 51 146
31 52 6
31 53 121
31 54 224
31 55 150
31 56 233
31 57 250
31 58 285
31 59 32
31 60 210
31 61 175
31 62 129
31 63 226
31 64 55
31 65 277
31 66 38
31 67 84
31 68 129
31 69 82
31 70 174
31 71 115
31 72 39
31 73 285
31 74 178
31 75 228
31 76 22
31 77 179
31 78 79
31 79 42
31 80 224
31 81 292
31 82 21
31 83 78
31 84 124
31 85 166
31 86 233
31 87 78
31 88 242
31 89 97
31 90 270
31 91 168
31 92 2
31 93 83
31 94 293
31 95 67
31 96 138
31 97 215
31 98 127
31 99 117
31 100 224
32 33 262
32 34 197
32 35 18
32 36 156
32 37 217
32 38 93
32 39 194
32 40 66
32 41 69
32 42 88
32 43 153
32 44 292
32 45 12
32 46 215
32 47 5
32 48 209
32 49 198
32 50 202
32 51 288
32 52 124
32 53 279
32 54 55
32 55 78
32 56 270
32 57 282
32 58 207
32 59 29
32 60 204
32 61 254
32 62 299
32 63 205
32 64 84
32 65 244
32 66 283
32 67 233
32 68 127
32 69 257
32 70 110
32 71 9
32 72 123
32 73 70
32 74 259
32 75 129
32 76 44
32 77 80
32 78 239
32 79 153
32 80 134
32 81 197
32 82 21
32 83 63
32 84 28
32 85 6
32 86 87
32 87 65
32 88 84
32 89 206
32 90 195
32 91 100
32 92 136
32 93 292
32 94 199
32 95 80
32 96 241
32 97 103
32 98 99
32 99 81
32 100 209
33 34 263
33 35 265
33 36 216
33 37 176
33 38 205
33 39 28
33 40 127
33 41 98
33 42 282
33 43 37
33 44 70
33 45 188
33 46 242
33 47 109
33 48 66
33 49 38
33 50 108
33 51 167
33 52 18
33 53 26
33 54 271
33 55 34
33 56 202
33 57 39
33 58 26
33 59 32
33 60 261
33 61 82
33 62 128
33 63 97
33 64 135
33 65 209
33 66 170
33 67 234
33 68 284
33 69 34
33 70 127
33 71 171
33 72 248
33 73 23
33 74 154
33 75 275
33 76 50
33 77 104
33 78 87
33 79 185
33 80 189
33 81 70
33 82 113
33 83 98
33 84 208
33 85 166
33 86 51
33 87 62
33 88 60
33 89 52
33 90 261
33 91 19
33 92 32
33 93 112
33 94 260
33 95 86
33 96 186
33 97 169
33 98 58
33 99 178
33 100 192
34 35 191
34 36 114
34 37 98
34 38 74
34 39 154
34 40 54
34 41 21
34 42 103
34 43 187
34 44 52
34 45 69
34 46 175
34 47 203
34 48 222
34 49 153
34 50 261
34 51 168
34 52 83
34 53 102
34 54 221
34 55 208
34 56 45
34 57 104
34 58 226
34 59 204
34 60 54
34 61 228
34 62 159
34 63 295
34 64 0
34 65 284
34 66 26
34 67 296
34 68 266
34 69 226
34 70 129
34 71 9
34 72 293
34 73 178
34 74 74
34 75 192
34 76 217
34 77 250
34 78 12
34 79 61
34 80 215
34 81 268
34 82 193
34 83 252
34 84 214
34 85 130
34 86 191
34 87 32
34 88 270
34 89 38
34 90 121
34 91 242
34 92 180
34 93 200
34 94 291
34 95 2
34 96 198
34 97 230
34 98 147
34 99 201
34 100 8
35 36 184
35 37 194
35 38 88
35 39 169
35 40 77
35 41 161
35 42 32
35 43 90
35 44 254
35 45 125
35 46 172
35 47 14
35 48 3
35 49 271
35 50 120
35 51 132
35 52 140
35 53 252
35 54 235
35 55 157
35 56 155
35 57 277
35 58 249
35 59 49
35 60 260
35 61 195
35 62 150
35 63 44
35 64 47
35 65 272
35 66 295
35 67 219
35 68 160
35 69 106
35 70 57
35 71 188
35 72 7
35 73 294
35 74 79
35 75 263
35 76 96
35 77 258
35 78 217
35 79 187
35 80 16
35 81 161
35 82 14
35 83 199
35 84 156
35 85 43
35 86 194
35 87 31
35 88 53
35 89 140
35 90 124
35 91 175
35 92 148
35 93 177
35 94 39
35 95 202
35 96 141
35 97 152
35 98 272
35 99 113
35 100 187
36 37 47
36 38 13
36 39 124
36 40 11
36 41 194
36 42 179
36 43 221
36 44 194
36 45 159
36 46 66
36 47 1
36 48 213
36 49 282
36 50 247
36 51 54
36 52 143
36 53 288
36 54 85
36 55 298
36 56 70
36 57 71
36 58 173
36 59 174
36 60 135
36 61 282
36 62 127
36 63 3
36 64 242
36 65 84
36 66 171
36 67 40
36 68 141
36 69 62
36 70 157
36 71 108
36 72 89
36 73 44
36 74 3
36 75 211
36 76 62
36 77 213
36 78 182
36 79 171
36 80 299
36 81 37
36 82 167
36 83 128
36 84 241
36 85 41
36 86 148
36 87 260
36 88 255
36 89 123
36 90 54
36 91 243
36 92 45
36 93 14
36 94 143
36 95 59
36 96 25
36 97 100
36 98 156
36 99 0
36 100 53
37 38 270
37 39 264
37 40 211
37 41 206
37 42 7
37 43 240
37 44 186
37 45 180
37 46 123
37 47 49
37 48 235
37 49 94
37 50 197
37 51 171
37 52 246
37 53 20
37 54 262
37 55 233
37 56 147
37 57 59
37 58 271
37 59 291
37 60 297
37 61 164
37 62 30
37 63 129
37 64 118
37 65 53
37 66 244
37 67 134
37 68 236
37 69 162
37 70 184
37 71 206
37 72 172
37 73 292
37 74 229
37 75 41
37 76 80
37 77 87
37 78 225
37 79 66
37 80 276
37 81 9
37 82 128
37 83 120
37 84 196
37 85 6
37 86 14
37 87 233
37 88 269
37 89 125
37 90 80
37 91 248
37 92 193
37 93 222
37 94 114
37 95 233
37 96 208
37 97 283
37 98 83
37 99 7
37 100 192
38 39 194
38 40 32
38 41 39
38 42 37
38 43 188
38 44 75
38 45 240
38 46 173
38 47 270
38 48 148
38 49 136
38 50 61
38 51 55
38 52 155
38 53 235
38 54 265
38 55 189
38 56 223
38 57 228
38 58 52
38 59 232
38 60 39
38 61 266
38 62 234
38 63 209
38 64 212
38 65 181
38 66 81
38 67 193
38 68 151
38 69 221
38 70 163
38 71 257
38 72 182
38 73 274
38 74 87
38 75 68
38 76 258
38 77 103
38 78 167
38 79 179
38 80 85
38 81 147
38 82 170
38 83 198
38 84 89
38 85 139
38 86 81
38 87 38
38 88 136
38 89 235
38 90 107
38 91 44
38 92 36
38 93 27
38 94 51
38 95 238
38 96 127
38 97 225
38 98 237
38 99 99
38 100 54
39 40 108
39 41 167
39 42 298
39 43 188
39 44 92
39 45 277
39 46 141
39 47 243
39 48 64
39 49 228
39 50 64
39 51 225
39 52 115
39 53 193
39 54 174
39 55 193
39 56 241
39 57 221
39 58 242
39 59 141
39 60 273
39 61 179
39 62 51
39 63 210
39 64 171
39 65 246
39 66 37
39 67 65
39 68 138
39 69 81
39 70 271
39 71 93
39 72 229
39 73 91
39 74 41
39 75 65
39 76 121
39 77 114
39 78 54
39 79 166
39 80 287
39 81 103
39 82 90
39 83 258
39 84 230
39 85 2
39 86 63
39 87 110
39 88 242
39 89 1
39 90 233
39 91 285
39 92 142
39 93 140
39 94 120
39 95 239
39 96 293
39 97 233
39 98 93
39 99 20
39 100 232
40 41 43
40 42 128
40 43 138
40 44 291
40 45 38
40 46 268
40 47 182
40 48 56
40 49 272
40 50 153
40 51 109
40 52 77
40 53 57
40 54 139
40 55 245
40 56 143
40 57 158
40 58 71
40 59 139
40 60 7
40 61 61
40 62 17
40 63 239
40 64 195
40 65 61
40 66 188
40 67 22
40 68 72
40 69 259
40 70 139
40 71 54
40 72 48
40 73 216
40 74 76
40 75 148
40 76 139
40 77 275
40 78 77
40 79 62
40 80 68
40 81 137
40 82 220
40 83 291
40 84 113
40 85 113
40 86 115
40 87 205
40 88 225
40 89 228
40 90 171
40 91 190
40 92 100
40 93 103
40 94 287
40 95 141
40 96 179
40 97 203
40 98 234
40 99 139
40 100 185
41 42 84
41 43 53
41 44 291
41 45 46
41 46 71
41 47 151
41 48 198
41 49 236
41 50 116
41 51 58
41 52 0
41 53 19
41 54 256
41 55 209
41 56 171
41 57 204
41 58 68
41 59 154
41 60 133
41 61 19
41 62 192
41 63 18
41 64 152
41 65 180
41 66 83
41 67 285
41 68 3
41 69 2
41 70 97
41 71 68
41 72 171
41 73 148
41 74 92
41 75 174
41 76 189
41 77 86
41 78 200
41 79 203
41 80 103
41 81 146
41 82 15
41 83 260
41 84 278
41 85 129
41 86 101
41 87 19
41 88 167
41 89 93
41 90 87
41 91 54
41 92 260
41 93 258
41 94 102
41 95 293
41 96 276
41 97 286
41 98 150
41 99 261
41 100 99
42 43 152
42 44 206
42 45 204
42 46 241
42 47 179
42 48 93
42 49 286
42 50 52
42 51 288
42 52 287
42 53 18
42 54 180
42 55 230
42 56 45
42 57 264
42 58 167
42 59 125
42 60 65
42 61 178
42 62 277
42 63 84
42 64 129
42 65 242
42 66 217
42 67 158
42 68 2
42 69 154
42 70 92
42 71 139
42 72 166
42 73 217
42 74 269
42 75 254
42 76 171
42 77 204
42 78 280
42 79 113
42 80 267
42 81 79
42 82 270
42 83 232
42 84 103
42 85 280
42 86 156
42 87 56
42 88 264
42 89 245
42 90 115
42 91 200
42 92 6
42 93 234
42 94 148
42 95 13
42 96 244
42 97 277
42 98 242
42 99 192
42 100 255
43 44 265
43 45 82
43 46 217
43 47 214
43 48 185
43 49 44
43 50 289
43 51 163
43 52 236
43 53 158
43 54 40
43 55 198
43 56 153
43 57 158
43 58 192
43 59 129
43 60 138
43 61 58
43 62 244
43 63 161
43 64 167
43 65 68
43 66 271
43 67 216
43 68 258
43 69 235
43 70 266
43 71 122
43 72 178
43 73 26
43 74 283
43 75 23
43 76 199
43 77 240
43 78 88
43 79 42
43 80 120
43 81 172
43 82 125
43 83 113
43 84 1
43 85 77
43 86 122
43 87 77
43 88 290
43 89 136
43 90 82
43 91 76
43 92 262
43 93 259
43 94 251
43 95 217
43 96 155
43 97 143
43 98 231
43 99 67
43 100 170
44 45 229
44 46 181
44 47 61
44 48 7
44 49 206
44 50 143
44 51 255
44 52 127
44 53 69
44 54 146
44 55 88
44 56 85
44 57 18
44 58 291
44 59 82
44 60 65
44 61 178
44 62 225
44 63 103
44 64 143
44 65 181
44 66 177
44 67 173
44 68 289
44 69 93
44 70 119
44 71 93
44 72 234
44 73 73
44 74 28
44 75 192
44 76 1
44 77 101
44 78 206
44 79 180
44 80 221
44 81 177
44 82 101
44 83 204
44 84 290
44 85 81
44 86 184
44 87 114
44 88 9
44 89 264
44 90 169
44 91 6
44 92 292
44 93 196
44 94 220
44 95 12
44 96 191
44 97 65
44 98 233
44 99 267
44 100 146
45 46 241
45 47 289
45 48 43
45 49 9
45 50 296
45 51 70
45 52 86
45 53 14
45 54 11
45 55 120
45 56 165
45 57 246
45 58 246
45 59 118
45 60 139
45 61 162
45 62 117
45 63 59
45 64 58
45 65 62
45 66 6
45 67 152
45 68 32
45 69 174
45 70 221
45 71 30
45 72 212
45 73 206
45 74 88
45 75 297
45 76 50
45 77 184
45 78 73
45 79 77
45 80 63
45 81 232
45 82 234
45 83 147
45 84 66
45 85 143
45 86 23
45 87 123
45 88 210
45 89 192
45 90 248
45 91 81
45 92 48
45 93 145
45 94 89
45 95 264
45 96 30
45 97 99
45 98 245
45 99 233
45 100 192
46 47 275
46 48 159
46 49 230
46 50 211
46 51 137
46 52 229
46 53 204
46 54 215
46 55 203
46 56 168
46 57 258
46 58 234
46 59 52
46 60 268
46 61 169
46 62 144
46 63 298
46 64 103
46 65 214
46 66 249
46 67 72
46 68 48
46 69 127
46 70 204
46 71 293
46 72 40
46 73 50
46 74 76
46 75 33
46 76 132
46 77 196
46 78 150
46 79 246
46 80 180
46 81 152
46 82 30
46 83 134
46 84 231
46 85 272
46 86 115
46 87 163
46 88 151
46 89 16
46 90 241
46 91 289
46 92 208
46 93 11
46 94 246
46 95 21
46 96 40
46 97 147
46 98 266
46 99 43
46 100 158
47 48 16
47 49 91
47 50 224
47 51 223
47 52 197
47 53 126
47 54 175
47 55 170
47 56 76
47 57 243
47 58 119
47 59 44
47 60 80
47 61 233
47 62 176
47 63 270
47 64 170
47 65 155
47 66 95
47 67 25
47 68 112
47 69 207
47 70 148
47 71 82
47 72 215
47 73 102
47 74 82
47 75 16
47 76 143
47 77 234
47 78 277
47 79 26
47 80 220
47 81 4
47 82 11
47 83 294
47 84 87
47 85 52
47 86 67
47 87 120
47 88 298
47 89 109
47 90 110
47 91 104
47 92 119
47 93 70
47 94 106
47 95 102
47 96 119
47 97 246
47 98 97
47 99 185
47 100 194
48 49 93
48 50 207
48 51 99
48 52 240
48 53 164
48 54 109
48 55 238
48 56 70
48 57 111
48 58 192
48 59 190
48 60 35
48 61 82
48 62 115
48 63 137
48 64 172
48 65 159
48 66 293
48 67 292
48 68 274
48 69 210
48 70 52
48 71 250
48 72 220
48 73 13
48 74 167
48 75 250
48 76 166
48 77 150
48 78 59
48 79 23
48 80 1
48 81 274
48 82 90
48 83 63
48 84 263
48 85 156
48 86 158
48 87 38
48 88 176
48 89 71
48 90 38
48 91 135
48 92 106
48 93 40
48 94 1
48 95 233
48 96 211
48 97 244
48 98 233
48 99 33
48 100 252
49 50 168
49 51 274
49 52 37
49 53 46
49 54 4
49 55 112
49 56 82
49 57 162
49 58 76
49 59 99
49 60 230
49 61 102
49 62 67
49 63 100
49 64 281
49 65 22
49 66 187
49 67 111
49 68 254
49 69 286
49 70 284
49 71 5
49 72 186
49 73 61
49 74 257
49 75 181
49 76 155
49 77 173
49 78 41
49 79 234
49 80 255
49 81 20
49 82 5
49 83 103
49 84 263
49 85 104
49 86 142
49 87 123
49 88 189
49 89 291
49 90 27
49 91 12
49 92 108
49 93 164
49 94 60
49 95 205
49 96 238
49 97 189
49 98 131
49 99 7
49 100 136
50 51 107
50 52 275
50 53 245
50 54 239
50 55 22
50 56 233
50 57 236
50 58 174
50 59 44
50 60 185
50 61 31
50 62 230
50 63 36
50 64 202
50 65 235
50 66 171
50 67 227
50 68 19
50 69 26
50 70 20
50 71 93
50 72 186
50 73 131
50 74 43
50 75 21
50 76 220
50 77 126
50 78 265
50 79 5
50 80 159
50 81 133
50 82 205
50 83 147
50 84 91
50 85 30
50 86 23
50 87 211
50 88 1
50 89 265
50 90 113
50 91 162
50 92 124
50 93 91
50 94 42
50 95 0
50 96 95
50 97 112
50 98 294
50 99 89
50 100 250
51 52 44
51 53 209
51 54 209
51 55 257
51 56 252
51 57 284
51 58 56
51 59 122
51 60 107
51 61 251
51 62 186
51 63 88
51 64 40
51 65 124
51 66 264
51 67 101
51 68 257
51 69 33
51 70 7
51 71 181
51 72 190
51 73 216
51 74 127
51 75 221
51 76 30
51 77 83
51 78 121
51 79 242
51 80 156
51 81 233
51 82 191
51 83 14
51 84 108
51 85 227
51 86 9
51 87 148
51 88 184
51 89 97
51 90 247
51 91 256
51 92 251
51 93 107
51 94 189
51 95 169
51 96 214
51 97 299
51 98 137
51 99 278
51 100 93
52 53 49
52 54 198
52 55 191
52 56 148
52 57 242
52 58 233
52 59 297
52 60 208
52 61 146
52 62 285
52 63 113
52 64 189
52 65 32
52 66 21
52 67 135
52 68 50
52 69 298
52 70 269
52 71 10
52 72 210
52 73 265
52 74 283
52 75 154
52 76 262
52 77 17
52 78 169
52 79 135
52 80 62
52 81 224
52 82 11
52 83 162
52 84 202
52 85 113
52 86 45
52 87 286
52 88 114
52 89 100
52 90 131
52 91 11
52 92 104
52 93 281
52 94 133
52 95 294
52 96 68
52 97 99
52 98 229
52 99 28
52 100 193
53 54 106
53 55 53
53 56 133
53 57 45
53 58 18
53 59 160
53 60 175
53 61 262
53 62 267
53 63 270
53 64 217
53 65 274
53 66 143
53 67 166
53 68 235
53 69 247
53 70 45
53 71 250
53 72 202
53 73 211
53 74 157
53 75 172
53 76 169
53 77 229
53 78 123
53 79 288
53 80 284
53 81 145
53 82 295
53 83 175
53 84 59
53 85 35
53 86 282
53 87 229
53 88 261
53 89 26
53 90 271
53 91 264
53 92 157
53 93 141
53 94 160
53 95 64
53 96 25
53 97 167
53 98 290
53 99 183
53 100 243
54 55 257
54 56 43
54 57 298
54 58 227
54 59 166
54 60 18
54 61 38
54 62 249
54 63 118
54 64 262
54 65 36
54 66 69
54 67 58
54 68 233
54 69 22
54 70 159
54 71 220
54 72 8
54 73 49
54 74 8
54 75 99
54 76 32
54 77 277
54 78 248
54 79 202
54 80 271
54 81 108
54 82 49
54 83 222
54 84 216
54 85 177
54 86 280
54 87 218
54 88 245
54 89 93
54 90 188
54 91 211
54 92 109
54 93 276
54 94 153
54 95 291
54 96 13
54 97 158
54 98 184
54 99 157
54 100 283
55 56 171
55 57 31
55 58 34
55 59 237
55 60 285
55 61 152
55 62 126
55 63 4
55 64 275
55 65 100
55 66 107
55 67 186
55 68 211
55 69 296
55 70 244
55 71 153
55 72 202
55 73 202
55 74 106
55 75 282
55 76 105
55 77 85
55 78 68
55 79 45
55 80 103
55 81 222
55 82 166
55 83 291
55 84 293
55 85 185
55 86 43
55 87 262
55 88 18
55 89 290
55 90 15
55 91 230
55 92 93
55 93 184
55 94 294
55 95 80
55 96 241
55 97 263
55 98 64
55 99 94
55 100 52
56 57 65
56 58 135
56 59 287
56 60 87
56 61 119
56 62 114
56 63 177
56 64 61
56 65 288
56 66 213
56 67 117
56 68 82
56 69 78
56 70 115
56 71 98
56 72 295
56 73 208
56 74 191
56 75 196
56 76 286
56 77 38
56 78 188
56 79 241
56 80 292
56 81 228
56 82 248
56 83 99
56 84 166
56 85 223
56 86 228
56 87 75
56 88 264
56 89 72
56 90 91
56 91 286
56 92 111
56 93 219
56 94 299
56 95 72
56 96 51
56 97 120
56 98 258
56 99 228
56 100 54
57 58 282
57 59 196
57 60 120
57 61 157
57 62 231
57 63 169
57 64 33
57 65 185
57 66 118
57 67 284
57 68 109
57 69 85
57 70 93
57 71 21
57 72 0
57 73 140
57 74 14
57 75 12
57 76 160
57 77 156
57 78 239
57 79 74
57 80 139
57 81 131
57 82 59
57 83 283
57 84 281
57 85 227
57 86 198
57 87 273
57 88 22
57 89 89
57 90 80
57 91 26
57 92 208
57 93 185
57 94 193
57 95 274
57 96 103
57 97 40
57 98 25
57 99 188
57 100 274
58 59 254
58 60 35
58 61 291
58 62 35
58 63 6
58 64 253
58 65 112
58 66 258
58 67 208
58 68 205
58 69 4
58 70 241
58 71 59
58 72 268
58 73 52
58 74 175
58 75 266
58 76 192
58 77 246
58 78 33
58 79 263
58 80 145
58 81 68
58 82 51
58 83 200
58 84 155
58 85 89
58 86 152
58 87 10
58 88 237
58 89 128
58 90 18
58 91 254
58 92 259
58 93 225
58 94 223
58 95 279
58 96 87
58 97 226
58 98 37
58 99 186
58 100 175
59 60 222
59 61 258
59 62 292
59 63 107
59 64 128
59 65 198
59 66 157
59 67 68
59 68 188
59 69 68
59 70 202
59 71 257
59 72 248
59 73 283
59 74 218
59 75 66
59 76 57
59 77 121
59 78 285
59 79 24
59 80 224
59 81 276
59 82 181
59 83 151
59 84 10
59 85 1
59 86 217
59 87 33
59 88 93
59 89 221
59 90 101
59 91 218
59 92 126
59 93 211
59 94 58
59 95 229
59 96 11
59 97 276
59 98 201
59 99 229
59 100 105
60 61 228
60 62 218
60 63 169
60 64 125
60 65 282
60 66 84
60 67 0
60 68 66
60 69 33
60 70 199
60 71 240
60 72 254
60 73 221
60 74 279
60 75 179
60 76 175
60 77 256
60 78 26
60 79 72
60 80 296
60 81 124
60 82 185
60 83 42
60 84 114
60 85 132
60 86 298
60 87 208
60 88 90
60 89 96
60 90 48
60 91 183
60 92 231
60 93 140
60 94 268
60 95 149
60 96 284
60 97 175
60 98 143
60 99 31
60 100 66
61 62 21
61 63 259
61 64 146
61 65 193
61 66 103
61 67 254
61 68 279
61 69 70
61 70 190
61 71 164
61 72 287
61 73 151
61 74 105
61 75 247
61 76 289
61 77 168
61 78 93
61 79 121
61 80 67
61 81 226
61 82 26
61 83 293
61 84 206
61 85 259
61 86 125
61 87 139
61 88 30
61 89 219
61 90 297
61 91 277
61 92 124
61 93 219
61 94 21
61 95 297
61 96 279
61 97 230
61 98 107
61 99 3
61 100 100
62 63 13
62 64 52
62 65 298
62 66 117
62 67 209
62 68 65
62 69 79
62 70 204
62 71 232
62 72 186
62 73 122
62 74 245
62 75 244
62 76 19
62 77 258
62 78 95
62 79 109
62 80 283
62 81 62
62 82 72
62 83 60
62 84 271
62 85 236
62 86 146
62 87 28
62 88 75
62 89 231
62 90 56
62 91 57
62 92 115
62 93 174
62 94 258
62 95 137
62 96 219
62 97 171
62 98 147
62 99 49
62 100 179
63 64 158
63 65 172
63 66 286
63 67 74
63 68 158
63 69 9
63 70 78
63 71 32
63 72 187
63 73 62
63 74 235
63 75 87
63 76 286
63 77 191
63 78 299
63 79 9
63 80 283
63 81 138
63 82 198
63 83 20
63 84 52
63 85 266
63 86 121
63 87 189
63 88 215
63 89 213
63 90 139
63 91 23
63 92 201
63 93 128
63 94 56
63 95 89
63 96 217
63 97 252
63 98 291
63 99 79
63 100 92
64 65 127
64 66 83
64 67 62
64 68 30
64 69 78
64 70 212
64 71 135
64 72 79
64 73 178
64 74 121
64 75 192
64 76 163
64 77 182
64 78 278
64 79 80
64 80 191
64 81 71
64 82 29
64 83 214
64 84 253
64 85 220
64 86 60
64 87 280
64 88 188
64 89 45
64 90 29
64 91 31
64 92 155
64 93 146
64 94 88
64 95 283
64 96 151
64 97 173
64 98 236
64 99 256
64 100 222
65 66 162
65 67 274
65 68 203
65 69 10
65 70 55
65 71 90
65 72 59
65 73 45
65 74 209
65 75 270
65 76 271
65 77 262
65 78 238
65 79 175
65 80 206
65 81 42
65 82 55
65 83 268
65 84 225
65 85 210
65 86 184
65 87 155
65 88 274
65 89 286
65 90 134
65 91 23
65 92 89
65 93 271
65 94 151
65 95 61
65 96 66
65 97 97
65 98 97
65 99 296
65 100 213
66 67 51
66 68 190
66 69 146
66 70 22
66 71 241
66 72 37
66 73 273
66 74 33
66 75 225
66 76 13
66 77 228
66 78 258
66 79 190
66 80 175
66 81 201
66 82 144
66 83 52
66 84 215
66 85 81
66 86 253
66 87 92
66 88 66
66 89 256
66 90 19
66 91 25
66 92 42
66 93 85
66 94 46
66 95 213
66 96 140
66 97 3
66 98 45
66 99 277
66 100 184
67 68 6
67 69 159
67 70 133
67 71 213
67 72 162
67 73 254
67 74 43
67 75 172
67 76 82
67 77 1
67 78 237
67 79 91
67 80 95
67 81 144
67 82 193
67 83 61
67 84 213
67 85 199
67 86 17
67 87 151
67 88 128
67 89 253
67 90 123
67 91 75
67 92 264
67 93 59
67 94 285
67 95 18
67 96 270
67 97 145
67 98 55
67 99 259
67 100 181
68 69 175
68 70 172
68 71 206
68 72 4
68 73 31
68 74 174
68 75 156
68 76 54
68 77 16
68 78 241
68 79 87
68 80 262
68 81 23
68 82 293
68 83 77
68 84 280
68 85 60
68 86 215
68 87 264
68 88 265
68 89 152
68 90 128
68 91 57
68 92 226
68 93 203
68 94 216
68 95 175
68 96 83
68 97 280
68 98 204
68 99 11
68 100 100
69 70 22
69 71 26
69 72 266
69 73 49
69 74 199
69 75 152
69 76 53
69 77 11
69 78 84
69 79 220
69 80 35
69 81 141
69 82 112
69 83 46
69 84 204
69 85 273
69 86 238
69 87 287
69 88 140
69 89 283
69 90 3
69 91 219
69 92 229
69 93 262
69 94 68
69 95 53
69 96 96
69 97 164
69 98 255
69 99 233
69 100 137
70 71 32
70 72 28
70 73 51
70 74 121
70 75 53
70 76 120
70 77 64
70 78 115
70 79 51
70 80 32
70 81 51
70 82 32
70 83 204
70 84 239
70 85 154
70 86 217
70 87 256
70 88 154
70 89 288
70 90 44
70 91 69
70 92 66
70 93 241
70 94 132
70 95 78
70 96 130
70 97 235
70 98 107
70 99 151
70 100 263
71 72 98
71 73 187
71 74 186
71 75 242
71 76 37
71 77 6
71 78 72
71 79 273
71 80 250
71 81 23
71 82 42
71 83 249
71 84 35
71 85 239
71 86 240
71 87 4
71 88 55
71 89 131
71 90 166
71 91 290
71 92 237
71 93 289
71 94 269
71 95 200
71 96 225
71 97 128
71 98 139
71 99 204
71 100 250
72 73 111
72 74 174
72 75 199
72 76 130
72 77 186
72 78 203
72 79 251
72 80 218
72 81 58
72 82 194
72 83 209
72 84 293
72 85 62
72 86 202
72 87 121
72 88 88
72 89 206
72 90 219
72 91 203
72 92 226
72 93 140
72 94 191
72 95 147
72 96 286
72 97 97
72 98 285
72 99 225
72 100 116
73 74 68
73 75 174
73 76 269
73 77 63
73 78 99
73 79 256
73 80 38
73 81 29
73 82 104
73 83 208
73 84 187
73 85 218
73 86 104
73 87 124
73 88 245
73 89 49
73 90 260
73 91 195
73 92 261
73 93 282
73 94 92
73 95 106
73 96 210
73 97 5
73 98 14
73 99 297
73 100 243
74 75 39
74 76 55
74 77 47
74 78 275
74 79 147
74 80 159
74 81 276
74 82 226
74 83 200
74 84 82
74 85 72
74 86 233
74 87 147
74 88 54
74 89 170
74 90 152
74 91 209
74 92 193
74 93 264
74 94 93
74 95 161
74 96 76
74 97 147
74 98 257
74 99 222
74 100 246
75 76 274
75 77 28
75 78 93
75 79 157
75 80 235
75 81 74
75 82 256
75 83 168
75 84 35
75 85 150
75 86 130
75 87 235
75 88 2
75 89 106
75 90 264
75 91 0
75 92 249
75 93 85
75 94 171
75 95 9
75 96 31
75 97 233
75 98 0
75 99 224
75 100 109
76 77 172
76 78 29
76 79 168
76 80 181
76 81 204
76 82 180
76 83 81
76 84 235
76 85 51
76 86 252
76 87 142
76 88 2
76 89 187
76 90 294
76 91 7
76 92 263
76 93 134
76 94 279
76 95 80
76 96 34
76 97 253
76 98 149
76 99 10
76 100 248
77 78 38
77 79 126
77 80 0
77 81 156
77 82 174
77 83 31
77 84 245
77 85 205
77 86 15
77 87 143
77 88 220
77 89 154
77 90 136
77 91 48
77 92 142
77 93 79
77 94 67
77 95 194
77 96 143
77 97 104
77 98 22
77 99 13
77 100 187
78 79 156
78 80 192
78 81 6
78 82 268
78 83 220
78 84 116
78 85 64
78 86 36
78 87 68
78 88 292
78 89 168
78 90 211
78 91 176
78 92 115
78 93 140
78 94 275
78 95 200
78 96 196
78 97 100
78 98 170
78 99 259
78 100 41
79 80 264
79 81 252
79 82 159
79 83 286
79 84 54
79 85 245
79 86 154
79 87 157
79 88 245
79 89 149
79 90 253
79 91 164
79 92 279
79 93 80
79 94 53
79 95 137
79 96 106
79 97 218
79 98 35
79 99 245
79 100 270
80 81 131
80 82 204
80 83 61
80 84 191
80 85 79
80 86 111
80 87 123
80 88 193
80 89 134
80 90 148
80 91 231
80 92 244
80 93 122
80 94 183
80 95 274
80 96 206
80 97 19
80 98 51
80 99 50
80 100 253
81 82 271
81 83 150
81 84 209
81 85 55
81 86 56
81 87 194
81 88 296
81 89 2
81 90 76
81 91 222
81 92 164
81 93 187
81 94 261
81 95 16
81 96 157
81 97 85
81 98 42
81 99 274
81 100 209
82 83 163
82 84 188
82 85 79
82 86 174
82 87 235
82 88 165
82 89 87
82 90 128
82 91 210
82 92 51
82 93 163
82 94 155
82 95 111
82 96 231
82 97 134
82 98 154
82 99 28
82 100 56
83 84 178
83 85 200
83 86 93
83 87 22
83 88 182
83 89 113
83 90 239
83 91 9
83 92 216
83 93 268
83 94 262
83 95 16
83 96 145
83 97 15
83 98 151
83 99 204
83 100 183
84 85 91
84 86 23
84 87 90
84 88 125
84 89 204
84 90 151
84 91 136
84 92 200
84 93 131
84 94 236
84 95 35
84 96 11
84 97 139
84 98 108
84 99 289
84 100 2
85 86 68
85 87 211
85 88 207
85 89 107
85 90 236
85 91 251
85 92 213
85 93 134
85 94 2
85 95 19
85 96 57
85 97 34
85 98 149
85 99 11
85 100 160
86 87 52
86 88 283
86 89 19
86 90 107
86 91 282
86 92 242
86 93 163
86 94 287
86 95 282
86 96 91
86 97 215
86 98 204
86 99 0
86 100 67
87 88 157
87 89 243
87 90 251
87 91 139
87 92 200
87 93 91
87 94 31
87 95 87
87 96 4
87 97 241
87 98 44
87 99 5
87 100 18
88 89 280
88 90 110
88 91 84
88 92 194
88 93 242
88 94 109
88 95 207
88 96 275
88 97 61
88 98 111
88 99 282
88 100 243
89 90 1
89 91 238
89 92 113
89 93 187
89 94 250
89 95 188
89 96 23
89 97 5
89 98 148
89 99 182
89 100 193
90 91 244
90 92 110
90 93 72
90 94 225
90 95 243
90 96 287
90 97 26
90 98 42
90 99 240
90 100 253
91 92 213
91 93 180
91 94 270
91 95 225
91 96 237
91 97 259
91 98 226
91 99 45
91 100 11
92 93 187
92 94 245
92 95 200
92 96 294
92 97 77
92 98 170
92 99 223
92 100 168
93 94 86
93 95 119
93 96 202
93 97 197
93 98 147
93 99 238
93 100 184
94 95 254
94 96 28
94 97 126
94 98 131
94 99 94
94 100 296
95 96 214
95 97 57
95 98 147
95 99 112
95 100 41
96 97 216
96 98 139
96 99 253
96 100 269
97 98 262
97 99 86
97 100 55
98 99 230
98 100 186
99 100 269
