100 4950
1 2 107
1 3 268
1 4 249
1 5 234
1 6 156
1 7 138
1 8 208
1 9 61
1 10 154
1 11 25
1 12 32
1 13 260
1 14 138
1 15 138
1 16 0
1 17 84
1 18 133
1 19 37
1 20 120
1 21 101
1 22 41
1 23 232
1 24 231
1 25 67
1 26 207
1 27 173
1 28 248
1 29 273
1 30 251
1 31 159
1 32 265
1 33 187
1 34 27
1 35 218
1 36 299
1 37 246
1 38 257
1 39 104
1 40 191
1 41 45
1 42 239
1 43 30
1 44 65
1 45 57
1 46 75
1 47 205
1 48 269
1 49 169
1 50 127
1 51 277
1 52 13
1 53 61
1 54 238
1 55 92
1 56 238
1 57 9
1 58 178
1 59 144
1 60 52
1 61 257
1 62 139
1 63 12
1 64 48
1 65 288
1 66 103
1 67 213
1 68 52
1 69 48
1 70 180
1 71 99
1 72 86
1 73 268
1 74 50
1 75 59
1 76 249
1 77 76
1 78 289
1 79 191
1 80 4
1 81 184
1 82 123
1 83 284
1 84 294
1 85 101
1 86 156
1 87 65
1 88 207
1 89 34
1 90 256
1 91 155
1 92 299
1 93 67
1 94 19
1 95 251
1 96 19
1 97 219
1 98 206
1 99 202
1 100 78
2 3 232
2 4 255
2 5 157
2 6 298
2 7 162
2 8 36
2 9 22
2 10 73
2 11 30
2 12 92
2 13 149
2 14 210
2 15 61
2 16 2
2 17 195
2 18 83
2 19 164
2 20 240
2 21 36
2 22 181
2 23 9
2 24 19
2 25 28
2 26 195
2 27 109
2 28 241
2 29 89
2 30 122
2 31 37
2 32 240
2 33 50
2 34 93
2 35 118
2 36 263
2 37 128
2 38 84
2 39 260
2 40 78
2 41 235
2 42 209
2 43 247
2 44 288
2 45 286
2 46 238
2 47 199
2 48 159
2 49 95
2 50 297
2 51 108
2 52 54
2 53 86
2 54 126
2 55 129
2 56 221
2 57 177
2 58 48
2 59 266
2 60 291
2 61 283
2 62 89
2 63 159
2 64 7
2 65 126
2 66 233
2 67 272
2 68 26
2 69 118
2 70 47
2 71 286
2 72 204
2 73 134
2 74 128
2 75 43
2 76 18
2 77 162
2 78 199
2 79 164
2 80 162
2 81 226
2 82 199
2 83 105
2 84 253
2 85 201
2 86 96
2 87 204
2 88 175
2 89 239
2 90 152
2 91 147
2 92 211
2 93 15
2 94 167
2 95 186
2 96 169
2 97 157
2 98 144
2 99 182
2 100 168
3 4 171
3 5 251
3 6 224
3 7 204
3 8 273
3 9 167
3 10 260
3 11 297
3 12 295
3 13 267
3 14 7
3 15 161
3 16 29
3 17 235
3 18 243
3 19 139
3 20 19
3 21 178
3 22 192
3 23 87
3 24 8
3 25 128
3 26 192
3 27 74
3 28 279
3 29 250
3 30 271
3 31 182
3 32 56
3 33 227
3 34 253
3 35 175
3 36 244
3 37 26
3 38 18
3 39 239
3 40 228
3 41 24
3 42 296
3 43 239
3 44 101
3 45 285
3 46 207
3 47 119
3 48 64
3 49 144
3 50 223
3 51 222
3 52 145
3 53 17
3 54 184
3 55 28
3 56 152
3 57 291
3 58 109
3 59 174
3 60 53
3 61 211
3 62 105
3 63 75
3 64 17
3 65 267
3 66 120
3 67 158
3 68 267
3 69 124
3 70 171
3 71 91
3 72 152
3 73 133
3 74 110
3 75 287
3 76 225
3 77 190
3 78 154
3 79 295
3 80 12
3 81 97
3 82 7
3 83 131
3 84 214
3 85 203
3 86 40
3 87 46
3 88 259
3 89 31
3 90 191
3 91 79
3 92 61
3 93 136
3 94 295
3 95 272
3 96 184
3 97 85
3 98 285
3 99 194
3 100 170
4 5 22
4 6 251
4 7 77
4 8 19
4 9 215
4 10 250
4 11 96
4 12 74
4 13 16
4 14 210
4 15 269
4 16 299
4 17 3
4 18 215
4 19 236
4 20 190
4 21 245
4 22 262
4 23 123
4 24 207
4 25 11
4 26 252
4 27 45
4 28 130
4 29 3
4 30 86
4 31 101
4 32 215
4 33 145
4 34 79
4 35 255
4 36 23
4 37 231
4 38 27
4 39 84
4 40 139
4 41 245
4 42 125
4 43 202
4 44 35
4 45 91
4 46 221
4 47 219
4 48 101
4 49 76
4 50 298
4 51 93
4 52 4
4 53 0
4 54 45
4 55 82
4 56 113
4 57 223
4 58 143
4 59 241
4 60 284
4 61 230
4 62 218
4 63 98
4 64 230
4 65 165
4 66 205
4 67 237
4 68 181
4 69 190
4 70 174
4 71 60
4 72 18
4 73 78
4 74 143
4 75 238
4 76 69
4 77 91
4 78 200
4 79 237
4 80 34
4 81 236
4 82 59
4 83 127
4 84 246
4 85 6
4 86 17
4 87 258
4 88 93
4 89 67
4 90 227
4 91 23
4 92 138
4 93 275
4 94 80
4 95 247
4 96 285
4 97 171
4 98 19
4 99 271
4 100 65
5 6 15
5 7 39
5 8 21
5 9 130
5 10 7
5 11 141
5 12 138
5 13 135
5 14 194
5 15 127
5 16 77
5 17 203
5 18 16
5 19 26
5 20 145
5 21 177
5 22 30
5 23 73
5 24 15
5 25 168
5 26 59
5 27 153
5 28 284
5 29 43
5 30 170
5 31 230
5 32 190
5 33 4
5 34 11
5 35 298
5 36 222
5 37 21
5 38 209
5 39 113
5 40 291
5 41 213
5 42 259
5 43 45
5 44 97
5 45 105
5 46 121
5 47 37
5 48 70
5 49 174
5 50 15
5 51 32
5 52 289
5 53 229
5 54 21
5 55 284
5 56 46
5 57 14
5 58 287
5 59 232
5 60 275
5 61 291
5 62 205
5 63 246
5 64 98
5 65 199
5 66 185
5 67 50
5 68 177
5 69 8
5 70 182
5 71 39
5 72 255
5 73 253
5 74 11
5 75 67
5 76 213
5 77 158
5 78 16
5 79 0
5 80 275
5 81 98
5 82 178
5 83 46
5 84 74
5 85 296
5 86 86
5 87 297
5 88 238
5 89 297
5 90 254
5 91 141
5 92 28
5 93 63
5 94 285
5 95 296
5 96 290
5 97 109
5 98 11
5 99 74
5 100 88
6 7 294
6 8 216
6 9 92
6 10 250
6 11 118
6 12 174
6 13 2
6 14 233
6 15 73
6 16 52
6 17 185
6 18 47
6 19 220
6 20 269
6 21 5
6 22 189
6 23 20
6 24 146
6 25 246
6 26 234
6 27 233
6 28 190
6 29 262
6 30 260
6 31 188
6 32 254
6 33 215
6 34 204
6 35 200
6 36 90
6 37 74
6 38 266
6 39 138
6 40 105
6 41 107
6 42 293
6 43 244
6 44 111
6 45 270
6 46 167
6 47 103
6 48 190
6 49 163
6 50 267
6 51 72
6 52 162
6 53 213
6 54 64
6 55 281
6 56 107
6 57 188
6 58 57
6 59 230
6 60 63
6 61 103
6 62 283
6 63 123
6 64 47
6 65 120
6 66 156
6 67 220
6 68 254
6 69 67
6 70 291
6 71 159
6 72 29
6 73 52
6 74 241
6 75 145
6 76 152
6 77 91
6 78 47
6 79 135
6 80 208
6 81 83
6 82 63
6 83 198
6 84 169
6 85 211
6 86 48
6 87 85
6 88 289
6 89 68
6 90 168
6 91 8
6 92 74
6 93 266
6 94 179
6 95 81
6 96 86
6 97 225
6 98 12
6 99 118
6 100 288
7 8 67
7 9 159
7 10 68
7 11 160
7 12 127
7 13 27
7 14 142
7 15 288
7 16 239
7 17 266
7 18 182
7 19 160
7 20 266
7 21 291
7 22 291
7 23 192
7 24 241
7 25 66
7 26 150
7 27 95
7 28 64
7 29 171
7 30 49
7 31 99
7 32 116
7 33 182
7 34 140
7 35 162
7 36 84
7 37 263
7 38 89
7 39 236
7 40 10
7 41 63
7 42 198
7 43 21
7 44 230
7 45 73
7 46 109
7 47 191
7 48 212
7 49 114
7 50 149
7 51 60
7 52 48
7 53 21
7 54 58
7 55 90
7 56 243
7 57 69
7 58 288
7 59 82
7 60 103
7 61 175
7 62 73
7 63 14
7 64 66
7 65 28
7 66 56
7 67 126
7 68 227
7 69 170
7 70 10
7 71 242
7 72 1
7 73 48
7 74 36
7 75 165
7 76 42
7 77 0
7 78 152
7 79 2
7 80 242
7 81 143
7 82 66
7 83 5
7 84 131
7 85 31
7 86 0
7 87 265
7 88 81
7 89 58
7 90 234
7 91 224
7 92 71
7 93 7
7 94 190
7 95 89
7 96 124
7 97 222
7 98 107
7 99 256
7 100 178
8 9 36
8 10 294
8 11 242
8 12 143
8 13 177
8 14 78
8 15 166
8 16 101
8 17 158
8 18 270
8 19 197
8 20 41
8 21 104
8 22 288
8 23 259
8 24 120
8 25 112
8 26 256
8 27 190
8 28 229
8 29 223
8 30 138
8 31 17
8 32 52
8 33 75
8 34 179
8 35 211
8 36 208
8 37 52
8 38 214
8 39 222
8 40 187
8 41 31
8 42 102
8 43 123
8 44 22
8 45 176
8 46 77
8 47 274
8 48 39
8 49 128
8 50 88
8 51 141
8 52 169
8 53 26
8 54 60
8 55 140
8 56 228
8 57 281
8 58 55
8 59 5
8 60 275
8 61 183
8 62 175
8 63 239
8 64 20
8 65 41
8 66 255
8 67 34
8 68 4
8 69 160
8 70 221
8 71 223
8 72 279
8 73 15
8 74 86
8 75 292
8 76 180
8 77 167
8 78 66
8 79 290
8 80 84
8 81 67
8 82 175
8 83 59
8 84 274
8 85 76
8 86 57
8 87 27
8 88 73
8 89 261
8 90 58
8 91 197
8 92 114
8 93 2
8 94 254
8 95 164
8 96 96
8 97 187
8 98 178
8 99 231
8 100 262
9 10 298
9 11 99
9 12 60
9 13 292
9 14 86
9 15 111
9 16 179
9 17 296
9 18 50
9 19 135
9 20 260
9 21 123
9 22 96
9 23 150
9 24 26
9 25 69
9 26 36
9 27 136
9 28 60
9 29 116
9 30 53
9 31 247
9 32 65
9 33 133
9 34 117
9 35 147
9 36 288
9 37 299
9 38 142
9 39 171
9 40 172
9 41 200
9 42 70
9 43 234
9 44 110
9 45 219
9 46 278
9 47 216
9 48 145
9 49 163
9 50 39
9 51 114
9 52 52
9 53 32
9 54 186
9 55 219
9 56 113
9 57 96
9 58 126
9 59 262
9 60 235
9 61 181
9 62 6
9 63 27
9 64 78
9 65 17
9 66 250
9 67 134
9 68 185
9 69 7
9 70 46
9 71 49
9 72 194
9 73 180
9 74 172
9 75 210
9 76 113
9 77 3
9 78 67
9 79 48
9 80 270
9 81 250
9 82 139
9 83 121
9 84 202
9 85 182
9 86 56
9 87 3
9 88 244
9 89 239
9 90 188
9 91 130
9 92 86
9 93 47
9 94 94
9 95 244
9 96 43
9 97 10
9 98 154
9 99 237
9 100 53
10 11 37
10 12 217
10 13 254
10 14 190
10 15 43
10 16 124
10 17 172
10 18 180
10 19 218
10 20 153
10 21 287
10 22 20
10 23 212
10 24 132
10 25 163
10 26 186
10 27 276
10 28 294
10 29 32
10 30 141
10 31 237
10 32 246
10 33 66
10 34 152
10 35 267
10 36 295
10 37 90
10 38 178
10 39 285
10 40 162
10 41 59
10 42 205
10 43 137
10 44 47
10 45 236
10 46 29
10 47 176
10 48 35
10 49 80
10 50 65
10 51 154
10 52 245
10 53 11
10 54 21
10 55 111
10 56 273
10 57 227
10 58 286
10 59 70
10 60 190
10 61 164
10 62 122
10 63 4
10 64 10
10 65 134
10 66 166
10 67 139
10 68 42
10 69 208
10 70 85
10 71 274
10 72 58
10 73 40
10 74 56
10 75 162
10 76 58
10 77 4
10 78 189
10 79 122
10 80 274
10 81 58
10 82 44
10 83 264
10 84 82
10 85 193
10 86 207
10 87 104
10 88 79
10 89 15
10 90 92
10 91 174
10 92 87
10 93 181
10 94 6
10 95 219
10 96 1
10 97 245
10 98 77
10 99 123
10 100 205
11 12 42
11 13 210
11 14 69
11 15 84
11 16 175
11 17 249
11 18 68
11 19 72
11 20 136
11 21 182
11 22 161
11 23 48
11 24 95
11 25 54
11 26 186
11 27 298
11 28 97
11 29 132
11 30 196
11 31 48
11 32 212
11 33 210
11 34 185
11 35 193
11 36 287
11 37 169
11 38 288
11 39 90
11 40 72
11 41 67
11 42 104
11 43 231
11 44 242
11 45 21
11 46 277
11 47 108
11 48 257
11 49 13
11 50 136
11 51 163
11 52 106
11 53 86
11 54 26
11 55 165
11 56 140
11 57 248
11 58 289
11 59 82
11 60 73
11 61 85
11 62 168
11 63 25
11 64 273
11 65 10
11 66 74
11 67 87
11 68 146
11 69 44
11 70 267
11 71 268
11 72 57
11 73 155
11 74 59
11 75 120
11 76 125
11 77 145
11 78 260
11 79 223
11 80 159
11 81 125
11 82 43
11 83 243
11 84 253
11 85 267
11 86 99
11 87 219
11 88 59
11 89 102
11 90 110
11 91 192
11 92 251
11 93 50
11 94 217
11 95 88
11 96 236
11 97 207
11 98 88
11 99 6
11 100 143
12 13 198
12 14 59
12 15 85
12 16 111
12 17 7
12 18 143
12 19 213
12 20 149
12 21 49
12 22 69
12 23 97
12 24 33
12 25 194
12 26 84
12 27 174
12 28 104
12 29 184
12 30 7
12 31 25
12 32 273
12 33 104
12 34 60
12 35 6
12 36 223
12 37 183
12 38 34
12 39 242
12 40 75
12 41 17
12 42 92
12 43 280
12 44 242
12 45 118
12 46 48
12 47 50
12 48 228
12 49 47
12 50 150
12 51 153
12 52 156
12 53 298
12 54 286
12 55 120
12 56 7
12 57 68
12 58 83
12 59 214
12 60 149
12 61 241
12 62 29
12 63 89
12 64 242
12 65 174
12 66 131
12 67 18
12 68 122
12 69 5
12 70 292
12 71 21
12 72 237
12 73 255
12 74 144
12 75 135
12 76 63
12 77 272
12 78 239
12 79 140
12 80 121
12 81 272
12 82 35
12 83 245
12 84 241
12 85 231
12 86 233
12 87 13
12 88 152
12 89 229
12 90 90
12 91 258
12 92 34
12 93 44
12 94 21
12 95 265
12 96 207
12 97 61
12 98 173
12 99 126
12 100 210
13 14 149
13 15 189
13 16 202
13 17 168
13 18 83
13 19 174
13 20 253
13 21 239
13 22 10
13 23 71
13 24 12
13 25 77
13 26 210
13 27 53
13 28 263
13 29 188
13 30 21
13 31 245
13 32 161
13 33 94
13 34 21
13 35 282
13 36 208
13 37 189
13 38 171
13 39 22
13 40 171
13 41 77
13 42 254
13 43 142
13 44 2
13 45 97
13 46 88
13 47 245
13 48 118
13 49 189
13 50 167
13 51 243
13 52 76
13 53 194
13 54 235
13 55 197
13 56 69
13 57 74
13 58 139
13 59 58
13 60 67
13 61 100
13 62 228
13 63 147
13 64 291
13 65 227
13 66 32
13 67 263
13 68 297
13 69 183
13 70 225
13 71 23
13 72 80
13 73 147
13 74 115
13 75 298
13 76 267
13 77 287
13 78 44
13 79 128
13 80 23
13 81 284
13 82 44
13 83 186
13 84 92
13 85 210
13 86 156
13 87 255
13 88 82
13 89 172
13 90 294
13 91 110
13 92 174
13 93 279
13 94 164
13 95 27
13 96 79
13 97 206
13 98 48
13 99 154
13 100 255
14 15 239
14 16 90
14 17 233
14 18 127
14 19 198
14 20 126
14 21 249
14 22 96
14 23 19
14 24 92
14 25 158
14 26 94
14 27 269
14 28 255
14 29 43
14 30 177
14 31 260
14 32 2
14 33 185
14 34 46
14 35 199
14 36 274
14 37 40
14 38 294
14 39 182
14 40 167
14 41 294
14 42 293
14 43 47
14 44 250
14 45 261
14 46 282
14 47 160
14 48 34
14 49 53
14 50 55
14 51 4
14 52 38
14 53 173
14 54 231
14 55 278
14 56 90
14 57 226
14 58 48
14 59 263
14 60 175
14 61 72
14 62 65
14 63 89
14 64 119
14 65 128
14 66 29
14 67 57
14 68 278
14 69 159
14 70 76
14 71 258
14 72 173
14 73 126
14 74 230
14 75 227
14 76 256
14 77 182
14 78 116
14 79 7
14 80 61
14 81 97
14 82 215
14 83 114
14 84 89
14 85 186
14 86 289
14 87 114
14 88 145
14 89 214
14 90 141
14 91 2
14 92 66
14 93 239
14 94 122
14 95 117
14 96 179
14 97 66
14 98 245
14 99 127
14 100 238
15 16 102
15 17 36
15 18 15
15 19 201
15 20 241
15 21 197
15 22 25
15 23 49
15 24 296
15 25 92
15 26 278
15 27 271
15 28 148
15 29 59
15 30 80
15 31 174
15 32 186
15 33 236
15 34 40
15 35 22
15 36 168
15 37 154
15 38 107
15 39 75
15 40 263
15 41 16
15 42 212
15 43 214
15 44 158
15 45 42
15 46 266
15 47 176
15 48 227
15 49 68
15 50 156
15 51 140
15 52 79
15 53 0
15 54 76
15 55 68
15 56 197
15 57 198
15 58 129
15 59 89
15 60 206
15 61 75
15 62 108
15 63 195
15 64 23
15 65 283
15 66 202
15 67 156
15 68 112
15 69 192
15 70 180
15 71 278
15 72 126
15 73 52
15 74 223
15 75 188
15 76 289
15 77 120
15 78 165
15 79 292
15 80 230
15 81 179
15 82 294
15 83 270
15 84 35
15 85 261
15 86 148
15 87 22
15 88 218
15 89 133
15 90 188
15 91 219
15 92 49
15 93 296
15 94 147
15 95 100
15 96 56
15 97 28
15 98 245
15 99 4
15 100 128
16 17 214
16 18 191
16 19 61
16 20 214
16 21 127
16 22 103
16 23 33
16 24 223
16 25 245
16 26 26
16 27 88
16 28 88
16 29 55
16 30 174
16 31 273
16 32 54
16 33 124
16 34 110
16 35 210
16 36 113
16 37 100
16 38 246
16 39 10
16 40 299
16 41 110
16 42 37
16 43 179
16 44 246
16 45 133
16 46 87
16 47 46
16 48 143
16 49 59
16 50 141
16 51 262
16 52 187
16 53 215
16 54 223
16 55 58
16 56 255
16 57 159
16 58 168
16 59 195
16 60 85
16 61 263
16 62 106
16 63 241
16 64 216
16 65 60
16 66 34
16 67 148
16 68 46
16 69 108
16 70 78
16 71 46
16 72 153
16 73 132
16 74 276
16 75 95
16 76 11
16 77 187
16 78 41
16 79 140
16 80 291
16 81 258
16 82 55
16 83 25
16 84 145
16 85 142
16 86 138
16 87 226
16 88 38
16 89 179
16 90 53
16 91 175
16 92 154
16 93 117
16 94 217
16 95 89
16 96 1
16 97 297
16 98 105
16 99 253
16 100 173
17 18 55
17 19 160
17 20 118
17 21 172
17 22 83
17 23 251
17 24 110
17 25 225
17 26 169
17 27 80
17 28 251
17 29 42
17 30 40
17 31 61
17 32 122
17 33 66
17 34 76
17 35 280
17 36 184
17 37 267
17 38 30
17 39 108
17 40 297
17 41 97
17 42 63
17 43 195
17 44 121
17 45 110
17 46 90
17 47 156
17 48 157
17 49 188
17 50 128
17 51 38
17 52 107
17 53 121
17 54 139
17 55 106
17 56 267
17 57 171
17 58 217
17 59 90
17 60 290
17 61 128
17 62 74
17 63 7
17 64 144
17 65 131
17 66 171
17 67 16
17 68 34
17 69 277
17 70 160
17 71 231
17 72 273
17 73 237
17 74 37
17 75 175
17 76 232
17 77 150
17 78 162
17 79 63
17 80 242
17 81 287
17 82 80
17 83 209
17 84 41
17 85 69
17 86 1
17 87 193
17 88 40
17 89 274
17 90 107
17 91 230
17 92 167
17 93 268
17 94 98
17 95 234
17 96 82
17 97 287
17 98 233
17 99 142
17 100 68
18 19 174
18 20 179
18 21 270
18 22 69
18 23 17
18 24 271
18 25 295
18 26 113
18 27 269
18 28 138
18 29 211
18 30 186
18 31 219
18 32 93
18 33 199
18 34 197
18 35 165
18 36 13
18 37 113
18 38 23
18 39 110
18 40 144
18 41 183
18 42 129
18 43 241
18 44 74
18 45 71
18 46 170
18 47 73
18 48 176
18 49 60
18 50 141
18 51 96
18 52 83
18 53 115
18 54 102
18 55 249
18 56 222
18 57 90
18 58 285
18 59 89
18 60 285
18 61 103
18 62 100
18 63 259
18 64 2
18 65 68
18 66 131
18 67 109
18 68 140
18 69 282
18 70 199
18 71 274
18 72 153
18 73 277
18 74 31
18 75 69
18 76 35
18 77 75
18 78 201
18 79 66
18 80 4
18 81 177
18 82 99
18 83 27
18 84 16
18 85 67
18 86 293
18 87 171
18 88 94
18 89 105
18 90 291
18 91 74
18 92 120
18 93 37
18 94 69
18 95 149
18 96 104
18 97 136
18 98 140
18 99 200
18 100 294
19 20 104
19 21 242
19 22 71
19 23 128
19 24 25
19 25 175
19 26 25
19 27 169
19 28 72
19 29 65
19 30 118
19 31 295
19 32 144
19 33 33
19 34 103
19 35 230
19 36 236
19 37 29
19 38 275
19 39 47
19 40 4
19 41 126
19 42 250
19 43 297
19 44 14
19 45 168
19 46 243
19 47 5
19 48 146
19 49 298
19 50 261
19 51 34
19 52 107
19 53 96
19 54 224
19 55 187
19 56 203
19 57 190
19 58 94
19 59 78
19 60 263
19 61 200
19 62 269
19 63 182
19 64 208
19 65 12
19 66 185
19 67 275
19 68 224
19 69 42
19 70 95
19 71 256
19 72 265
19 73 298
19 74 148
19 75 290
19 76 189
19 77 204
19 78 46
19 79 88
19 80 7
19 81 15
19 82 45
19 83 156
19 84 95
19 85 32
19 86 237
19 87 224
19 88 188
19 89 9
19 90 200
19 91 182
19 92 230
19 93 285
19 94 184
19 95 13
19 96 284
19 97 149
19 98 126
19 99 110
19 100 269
20 21 250
20 22 32
20 23 91
20 24 120
20 25 18
20 26 88
20 27 267
20 28 231
20 29 35
20 30 259
20 31 169
20 32 197
20 33 208
20 34 221
20 35 171
20 36 203
20 37 123
20 38 240
20 39 15
20 40 34
20 41 124
20 42 61
20 43 93
20 44 286
20 45 192
20 46 106
20 47 130
20 48 286
20 49 7
20 50 96
20 51 136
20 52 126
20 53 6
20 54 281
20 55 290
20 56 266
20 57 40
20 58 242
20 59 218
20 60 187
20 61 134
20 62 219
20 63 8
20 64 115
20 65 61
20 66 72
20 67 84
20 68 160
20 69 87
20 70 44
20 71 28
20 72 67
20 73 229
20 74 69
20 75 250
20 76 146
20 77 234
20 78 281
20 79 283
20 80 228
20 81 296
20 82 265
20 83 291
20 84 165
20 85 22
20 86 261
20 87 93
20 88 154
20 89 222
20 90 36
20 91 7
20 92 85
20 93 29
20 94 109
20 95 165
20 96 140
20 97 34
20 98 66
20 99 133
20 100 170
21 22 60
21 23 147
21 24 200
21 25 185
21 26 31
21 27 203
21 28 91
21 29 27
21 30 57
21 31 175
21 32 139
21 33 146
21 34 224
21 35 150
21 36 30
21 37 112
21 38 179
21 39 228
21 40 53
21 41 51
21 42 97
21 43 186
21 44 137
21 45 216
21 46 19
21 47 188
21 48 252
21 49 45
21 50 95
21 51 28
21 52 49
21 53 115
21 54 91
21 55 75
21 56 112
21 57 191
21 58 249
21 59 194
21 60 137
21 61 29
21 62 0
21 63 289
21 64 162
21 65 0
21 66 126
21 67 125
21 68 81
21 69 228
21 70 283
21 71 60
21 72 118
21 73 203
21 74 109
21 75 118
21 76 17
21 77 149
21 78 166
21 79 78
21 80 34
21 81 233
21 82 241
21 83 146
21 84 77
21 85 93
21 86 276
21 87 184
21 88 201
21 89 210
21 90 296
21 91 285
21 92 84
21 93 13
21 94 234
21 95 140
21 96 192
21 97 119
21 98 216
21 99 50
21 100 298
22 23 63
22 24 272
22 25 267
22 26 10
22 27 187
22 28 147
22 29 254
22 30 264
22 31 250
22 32 89
22 33 169
22 34 123
22 35 94
22 36 97
22 37 123
22 38 186
22 39 227
22 40 52
22 41 252
22 42 43
22 43 143
22 44 159
22 45 277
22 46 161
22 47 153
22 48 135
22 49 283
22 50 42
22 51 216
22 52 130
22 53 68
22 54 131
22 55 58
22 56 127
22 57 10
22 58 169
22 59 89
22 60 216
22 61 293
22 62 233
22 63 15
22 64 146
22 65 72
22 66 79
22 67 106
22 68 282
22 69 37
22 70 213
22 71 250
22 72 107
22 73 265
22 74 232
22 75 229
22 76 30
22 77 264
22 78 282
22 79 21
22 80 269
22 81 19
22 82 187
22 83 144
22 84 295
22 85 77
22 86 65
22 87 105
22 88 41
22 89 66
22 90 29
22 91 158
22 92 87
22 93 221
22 94 204
22 95 224
22 96 14
22 97 90
22 98 239
22 99 181
22 100 70
23 24 201
23 25 235
23 26 183
23 27 261
23 28 84
23 29 8
23 30 18
23 31 126
23 32 275
23 33 89
23 34 29
23 35 259
23 36 28
23 37 129
23 38 265
23 39 33
23 40 85
23 41 255
23 42 39
23 43 289
23 44 105
23 45 125
23 46 133
23 47 245
23 48 177
23 49 284
23 50 221
23 51 45
23 52 46
23 53 23
23 54 281
23 55 123
23 56 254
23 57 35
23 58 98
23 59 108
23 60 57
23 61 205
23 62 277
23 63 207
23 64 231
23 65 9
23 66 146
23 67 189
23 68 81
23 69 193
23 70 274
23 71 181
23 72 86
23 73 26
23 74 218
23 75 241
23 76 241
23 77 127
23 78 84
23 79 72
23 80 257
23 81 159
23 82 3
23 83 41
23 84 214
23 85 164
23 86 270
23 87 72
23 88 198
23 89 116
23 90 148
23 91 57
23 92 259
23 93 173
23 94 218
23 95 202
23 96 239
23 97 256
23 98 176
23 99 2
23 100 257
24 25 164
24 26 197
24 27 114
24 28 296
24 29 139
24 30 86
24 31 119
24 32 178
24 33 111
24 34 90
24 35 135
24 36 5
24 37 49
24 38 138
24 39 196
24 40 228
24 41 244
24 42 157
24 43 286
24 44 264
24 45 101
24 46 280
24 47 61
24 48 55
24 49 256
24 50 59
24 51 204
24 52 227
24 53 184
24 54 158
24 55 82
24 56 140
24 57 177
24 58 144
24 59 143
24 60 104
24 61 71
24 62 53
24 63 197
24 64 178
24 65 150
24 66 52
24 67 25
24 68 295
24 69 295
24 70 236
24 71 23
24 72 120
24 73 137
24 74 196
24 75 213
24 76 239
24 77 186
24 78 181
24 79 222
24 80 223
24 81 187
24 82 233
24 83 132
24 84 21
24 85 38
24 86 242
24 87 120
24 88 109
24 89 215
24 90 94
24 91 0
24 92 279
24 93 187
24 94 260
24 95 233
24 96 34
24 97 124
24 98 88
24 99 175
24 100 3
25 26 179
25 27 75
25 28 274
25 29 73
25 30 229
25 31 231
25 32 20
25 33 77
25 34 198
25 35 45
25 36 156
25 37 288
25 38 291
25 39 211
25 40 258
25 41 98
25 42 32
25 43 200
25 44 221
25 45 14
25 46 97
25 47 225
25 48 152
25 49 287
25 50 159
25 51 230
25 52 120
25 53 157
25 54 195
25 55 126
25 56 23
25 57 123
25 58 73
25 59 26
25 60 286
25 61 269
25 62 223
25 63 238
25 64 151
25 65 152
25 66 221
25 67 233
25 68 90
25 69 24
25 70 256
25 71 94
25 72 47
25 73 293
25 74 79
25 75 223
25 76 179
25 77 296
25 78 263
25 79 200
25 80 117
25 81 30
25 82 294
25 83 1
25 84 162
25 85 144
25 86 32
25 87 107
25 88 280
25 89 146
25 90 158
25 91 47
25 92 164
25 93 163
25 94 231
25 95 70
25 96 166
25 97 122
25 98 235
25 99 244
25 100 175
26 27 170
26 28 172
26 29 253
26 30 20
26 31 185
26 32 205
26 33 88
26 34 6
26 35 155
26 36 5
26 37 247
26 38 258
26 39 219
26 40 247
26 41 46
26 42 47
26 43 135
26 44 259
26 45 44
26 46 104
26 47 110
26 48 47
26 49 40
26 50 153
26 51 231
26 52 274
26 53 277
26 54 15
26 55 206
26 56 39
26 57 286
26 58 265
26 59 67
26 60 136
26 61 279
26 62 29
26 63 10
26 64 228
26 65 65
26 66 111
26 67 169
26 68 213
26 69 287
26 70 213
26 71 96
26 72 200
26 73 25
26 74 129
26 75 127
26 76 236
26 77 73
26 78 93
26 79 19
26 80 216
26 81 204
26 82 122
26 83 5
26 84 99
26 85 48
26 86 139
26 87 170
26 88 11
26 89 209
26 90 143
26 91 234
26 92 215
26 93 105
26 94 200
26 95 122
26 96 59
26 97 263
26 98 32
26 99 38
26 100 175
27 28 120
27 29 263
27 30 202
27 31 196
27 32 118
27 33 147
27 34 286
27 35 233
27 36 256
27 37 12
27 38 85
27 39 258
27 40 47
27 41 126
27 42 143
27 43 182
27 44 13
27 45 58
27 46 57
27 47 115
27 48 83
27 49 201
27 50 226
27 51 223
27 52 151
27 53 6
27 54 191
27 55 143
27 56 176
27 57 157
27 58 138
27 59 175
27 60 67
27 61 258
27 62 201
27 63 257
27 64 252
27 65 18
27 66 253
27 67 298
27 68 200
27 69 229
27 70 56
27 71 105
27 72 97
27 73 162
27 74 34
27 75 68
27 76 264
27 77 284
27 78 220
27 79 209
27 80 1
27 81 221
27 82 122
27 83 254
27 84 180
27 85 119
27 86 56
27 87 148
27 88 234
27 89 55
27 90 94
27 91 174
27 92 15
27 93 33
27 94 251
27 95 166
27 96 295
27 97 144
27 98 257
27 99 165
27 100 102
28 29 257
28 30 147
28 31 166
28 32 94
28 33 4
28 34 159
28 35 243
28 36 18
28 37 279
28 38 115
28 39 259
28 40 210
28 41 207
28 42 165
28 43 211
28 44 178
28 45 234
28 46 57
28 47 225
28 48 45
28 49 251
28 50 236
28 51 106
28 52 237
28 53 160
28 54 108
28 55 159
28 56 260
28 57 131
28 58 171
28 59 107
28 60 68
28 61 29
28 62 262
28 63 109
28 64 111
28 65 46
28 66 51
28 67 192
28 68 101
28 69 261
28 70 224
28 71 289
28 72 92
28 73 16
28 74 90
28 75 72
28 76 89
28 77 68
28 78 201
28 79 174
28 80 1
28 81 238
28 82 144
28 83 7
28 84 41
28 85 158
28 86 145
28 87 53
28 88 253
28 89 231
28 90 84
28 91 290
28 92 46
28 93 124
28 94 163
28 95 68
28 96 276
28 97 277
28 98 29
28 99 64
28 100 257
29 30 107
29 31 261
29 32 172
29 33 54
29 34 275
29 35 198
29 36 119
29 37 9
29 38 187
29 39 22
29 40 143
29 41 252
29 42 188
29 43 209
29 44 271
29 45 271
29 46 42
29 47 108
29 48 252
29 49 65
29 50 228
29 51 59
29 52 223
29 53 99
29 54 30
29 55 221
29 56 258
29 57 97
29 58 203
29 59 226
29 60 196
29 61 150
29 62 222
29 63 31
29 64 102
29 65 198
29 66 181
29 67 80
29 68 73
29 69 217
29 70 168
29 71 269
29 72 40
29 73 47
29 74 190
29 75 73
29 76 75
29 77 105
29 78 57
29 79 184
29 80 261
29 81 35
29 82 243
29 83 75
29 84 133
29 85 125
29 86 238
29 87 180
29 88 26
29 89 275
29 90 269
29 91 9
29 92 128
29 93 150
29 94 196
29 95 138
29 96 119
29 97 227
29 98 42
29 99 59
29 100 159
30 31 232
30 32 286
30 33 127
30 34 269
30 35 54
30 36 65
30 37 177
30 38 208
30 39 228
30 40 242
30 41 249
30 42 157
30 43 195
30 44 286
30 45 224
30 46 143
30 47 139
30 48 109
30 49 150
30 50 240
30 51 95
30 52 66
30 53 291
30 54 258
30 55 129
30 56 214
30 57 173
30 58 0
30 59 221
30 60 245
30 61 13
30 62 212
30 63 253
30 64 18
30 65 89
30 66 8
30 67 162
30 68 51
30 69 90
30 70 97
30 71 34
30 72 64
30 73 174
30 74 172
30 75 186
30 76 139
30 77 42
30 78 174
30 79 230
30 80 267
30 81 293
30 82 297
30 83 94
30 84 258
30 85 270
30 86 120
30 87 75
30 88 252
30 89 259
30 90 256
30 91 295
30 92 188
30 93 44
30 94 298
30 95 238
30 96 198
30 97 176
30 98 101
30 99 121
30 100 232
31 32 119
31 33 168
31 34 4
31 35 85
31 36 18
31 37 207
31 38 60
31 39 218
31 40 112
31 41 216
31 42 95
31 43 219
31 44 168
31 45 282
31 46 66
31 47 222
31 48 204
31 49 193
31 50 291
31 51 108
31 52 248
31 53 263
31 54 175
31 55 77
31 56 69
31 57 288
31 58 293
31 59 164
31 60 144
31 61 5
31 62 35
31 63 101
31 64 169
31 65 155
31 66 280
31 67 30
31 68 183
31 69 32
31 70 201
31 71 121
31 72 188
31 73 235
31 74 149
31 75 108
31 76 114
31 77 49
31 78 289
31 79 245
31 80 64
31 81 153
31 82 102
31 83 251
31 84 222
31 85 297
31 86 270
31 87 255
31 88 13
31 89 11
31 90 204
31 91 43
31 92 121
31 93 237
31 94 219
31 95 24
31 96 271
31 97 65
31 98 11
31 99 265
31 100 121
32 33 234
32 34 103
32 35 163
32 36 169
32 37 23
32 38 172
32 39 14
32 40 46
32 41 168
32 42 1
32 43 34
32 44 54
32 45 85
32 46 231
32 47 279
32 48 96
32 49 173
32 50 278
32 51 218
32 52 129
32 53 236
32 54 239
32 55 153
32 56 210
32 57 121
32 58 112
32 59 273
32 60 98
32 61 243
32 62 273
32 63 214
32 64 155
32 65 273
32 66 121
32 67 242
32 68 239
32 69 231
32 70 270
32 71 259
32 72 118
32 73 259
32 74 103
32 75 147
32 76 120
32 77 254
32 78 283
32 79 36
32 80 2
32 81 101
32 82 115
32 83 190
32 84 48
32 85 195
32 86 261
32 87 112
32 88 8
32 89 199
32 90 41
32 91 225
32 92 23
32 93 129
32 94 288
32 95 88
32 96 82
32 97 113
32 98 18
32 99 32
32 100 101
33 34 78
33 35 70
33 36 92
33 37 84
33 38 235
33 39 284
33 40 43
33 41 227
33 42 251
33 43 67
33 44 39
33 45 49
33 46 248
33 47 88
33 48 287
33 49 200
33 50 179
33 51 171
33 52 25
33 53 223
33 54 206
33 55 270
33 56 221
33 57 98
33 58 204
33 59 126
33 60 202
33 61 250
33 62 181
33 63 10
33 64 256
33 65 76
33 66 91
33 67 162
33 68 241
33 69 249
33 70 231
33 71 109
33 72 160
33 73 118
33 74 248
33 75 19
33 76 145
33 77 298
33 78 51
33 79 242
33 80 126
33 81 17
33 82 132
33 83 194
33 84 13
33 85 155
33 86 121
33 87 208
33 88 63
33 89 37
33 90 39
33 91 173
33 92 239
33 93 6
33 94 71
33 95 235
33 96 226
33 97 200
33 98 54
33 99 20
33 100 111
34 35 120
34 36 116
34 37 100
34 38 262
34 39 42
34 40 133
34 41 39
34 42 16
34 43 299
34 44 61
34 45 201
34 46 190
34 47 191
34 48 53
34 49 173
34 50 222
34 51 221
34 52 92
34 53 138
34 54 172
34 55 35
34 56 51
34 57 175
34 58 45
34 59 154
34 60 132
34 61 78
34 62 56
34 63 173
34 64 55
34 65 60
34 66 269
34 67 167
34 68 41
34 69 203
34 70 299
34 71 225
34 72 148
34 73 40
34 74 90
34 75 141
34 76 227
34 77 3
34 78 188
34 79 84
34 80 173
34 81 174
34 82 281
34 83 165
34 84 292
34 85 153
34 86 62
34 87 47
34 88 95
34 89 70
34 90 91
34 91 161
34 92 46
34 93 275
34 94 272
34 95 298
34 96 189
34 97 122
34 98 284
34 99 258
34 100 199
35 36 176
35 37 299
35 38 157
35 39 39
35 40 231
35 41 286
35 42 15
35 43 75
35 44 269
35 45 258
35 46 7
35 47 252
35 48 205
35 49 0
35 50 247
35 51 115
35 52 134
35 53 116
35 54 186
35 55 130
35 56 6
35 57 157
35 58 228
35 59 64
35 60 283
35 61 259
35 62 295
35 63 287
35 64 219
35 65 110
35 66 94
35 67 285
35 68 282
35 69 268
35 70 34
35 71 262
35 72 191
35 73 97
35 74 263
35 75 294
35 76 182
35 77 142
35 78 226
35 79 70
35 80 253
35 81 123
35 82 227
35 83 222
35 84 210
35 85 207
35 86 14
35 87 246
35 88 184
35 89 189
35 90 73
35 91 160
35 92 75
35 93 209
35 94 93
35 95 121
35 96 232
35 97 161
35 98 139
35 99 258
35 100 111
36 37 12
36 38 265
36 39 197
36 40 275
36 41 162
36 42 168
36 43 66
36 44 199
36 45 172
36 46 11
36 47 174
36 48 131
36 49 281
36 50 37
36 51 53
36 52 287
36 53 16
36 54 20
36 55 79
36 56 159
36 57 96
36 58 293
36 59 157
36 60 41
36 61 100
36 62 294
36 63 74
36 64 89
36 65 214
36 66 292
36 67 241
36 68 103
36 69 125
36 70 283
36 71 241
36 72 167
36 73 196
36 74 12
36 75 139
36 76 125
36 77 119
36 78 296
36 79 120
36 80 193
36 81 118
36 82 13
36 83 78
36 84 175
36 85 39
36 86 279
36 87 206
36 88 227
36 89 235
36 90 298
36 91 178
36 92 93
36 93 285
36 94 75
36 95 110
36 96 180
36 97 76
36 98 100
36 99 243
36 100 295
37 38 265
37 39 107
37 40 233
37 41 241
37 42 165
37 43 141
37 44 111
37 45 51
37 46 165
37 47 273
37 48 154
37 49 229
37 50 93
37 51 142
37 52 259
37 53 210
37 54 190
37 55 10
37 56 2
37 57 59
37 58 63
37 59 150
37 60 256
37 61 170
37 62 263
37 63 165
37 64 51
37 65 253
37 66 70
37 67 25
37 68 247
37 69 65
37 70 184
37 71 290
37 72 169
37 73 185
37 74 162
37 75 134
37 76 257
37 77 10
37 78 111
37 79 62
37 80 42
37 81 182
37 82 284
37 83 288
37 84 154
37 85 80
37 86 203
37 87 224
37 88 290
37 89 274
37 90 271
37 91 256
37 92 215
37 93 27
37 94 141
37 95 98
37 96 68
37 97 101
37 98 247
37 99 102
37 100 187
38 39 140
38 40 75
38 41 249
38 42 266
38 43 38
38 44 289
38 45 126
38 46 142
38 47 136
38 48 2
38 49 198
38 50 77
38 51 274
38 52 173
38 53 188
38 54 201
38 55 219
38 56 266
38 57 212
38 58 155
38 59 273
38 60 275
38 61 104
38 62 99
38 63 119
38 64 129
38 65 185
38 66 41
38 67 11
38 68 236
38 69 263
38 70 231
38 71 16
38 72 264
38 73 272
38 74 34
38 75 72
38 76 41
38 77 216
38 78 202
38 79 110
38 80 37
38 81 66
38 82 168
38 83 297
38 84 172
38 85 155
38 86 56
38 87 11
38 88 234
38 89 45
38 90 245
38 91 112
38 92 264
38 93 96
38 94 60
38 95 86
38 96 76
38 97 138
38 98 72
38 99 239
38 100 66
39 40 241
39 41 218
39 42 4
39 43 54
39 44 230
39 45 72
39 46 24
39 47 191
39 48 18
39 49 127
39 50 78
39 51 245
39 52 170
39 53 66
39 54 172
39 55 87
39 56 222
39 57 163
39 58 96
39 59 118
39 60 159
39 61 75
39 62 255
39 63 90
39 64 7
39 65 7
39 66 241
39 67 151
39 68 197
39 69 252
39 70 178
39 71 184
39 72 166
39 73 160
39 74 131
39 75 164
39 76 37
39 77 206
39 78 105
39 79 37
39 80 106
39 81 105
39 82 96
39 83 135
39 84 240
39 85 237
39 86 169
39 87 92
39 88 247
39 89 49
39 90 228
39 91 222
39 92 215
39 93 100
39 94 162
39 95 213
39 96 240
39 97 24
39 98 118
39 99 125
39 100 186
40 41 156
40 42 242
40 43 31
40 44 127
40 45 93
40 46 11
40 47 32
40 48 135
40 49 66
40 50 284
40 51 29
40 52 199
40 53 146
40 54 250
40 55 122
40 56 292
40 57 143
40 58 49
40 59 142
40 60 56
40 61 60
40 62 64
40 63 39
40 64 163
40 65 247
40 66 237
40 67 13
40 68 78
40 69 220
40 70 78
40 71 82
40 72 114
40 73 131
40 74 230
40 75 240
40 76 126
40 77 176
40 78 258
40 79 119
40 80 133
40 81 285
40 82 124
40 83 14
40 84 215
40 85 174
40 86 26
40 87 228
40 88 220
40 89 85
40 90 135
40 91 69
40 92 188
40 93 240
40 94 85
40 95 261
40 96 263
40 97 114
40 98 87
40 99 109
40 100 26
41 42 149
41 43 168
41 44 82
41 45 173
41 46 4
41 47 178
41 48 224
41 49 124
41 50 147
41 51 208
41 52 131
41 53 282
41 54 67
41 55 3
41 56 211
41 57 107
41 58 88
41 59 19
41 60 85
41 61 4
41 62 146
41 63 181
41 64 90
41 65 85
41 66 222
41 67 230
41 68 261
41 69 91
41 70 175
41 71 224
41 72 1
41 73 217
41 74 143
41 75 272
41 76 215
41 77 61
41 78 8
41 79 116
41 80 37
41 81 126
41 82 299
41 83 209
41 84 75
41 85 183
41 86 210
41 87 205
41 88 205
41 89 160
41 90 101
41 91 211
41 92 93
41 93 111
41 94 162
41 95 3
41 96 239
41 97 27
41 98 121
41 99 129
41 100 214
42 43 98
42 44 224
42 45 223
42 46 232
42 47 67
42 48 236
42 49 292
42 50 232
42 51 214
42 52 68
42 53 246
42 54 78
42 55 108
42 56 88
42 57 204
42 58 76
42 59 10
42 60 236
42 61 121
42 62 88
42 63 235
42 64 175
42 65 234
42 66 47
42 67 148
42 68 269
42 69 279
42 70 136
42 71 32
42 72 100
42 73 160
42 74 188
42 75 58
42 76 16
42 77 128
42 78 62
42 79 138
42 80 204
42 81 21
42 82 208
42 83 113
42 84 98
42 85 42
42 86 266
42 87 277
42 88 265
42 89 35
42 90 221
42 91 231
42 92 292
42 93 239
42 94 10
42 95 144
42 96 206
42 97 147
42 98 0
42 99 187
42 100 97
43 44 2
43 45 296
43 46 42
43 47 123
43 48 32
43 49 194
43 50 181
43 51 20
43 52 189
43 53 297
43 54 42
43 55 71
43 56 177
43 57 10
43 58 271
43 59 122
43 60 288
43 61 18
43 62 230
43 63 240
43 64 106
43 65 133
43 66 107
43 67 255
43 68 244
43 69 16
43 70 299
43 71 143
43 72 247
43 73 263
43 74 54
43 75 83
43 76 98
43 77 243
43 78 77
43 79 64
43 80 200
43 81 168
43 82 200
43 83 101
43 84 145
43 85 254
43 86 143
43 87 180
43 88 189
43 89 133
43 90 239
43 91 104
43 92 5
43 93 173
43 94 137
43 95 65
43 96 1
43 97 145
43 98 25
43 99 77
43 100 257
44 45 80
44 46 34
44 47 244
44 48 94
44 49 153
44 50 265
44 51 93
44 52 270
44 53 190
44 54 19
44 55 29
44 56 245
44 57 294
44 58 202
44 59 125
44 60 34
44 61 128
44 62 201
44 63 126
44 64 200
44 65 251
44 66 287
44 67 88
44 68 74
44 69 116
44 70 271
44 71 116
44 72 131
44 73 293
44 74 178
44 75 214
44 76 147
44 77 172
44 78 238
44 79 79
44 80 229
44 81 87
44 82 99
44 83 298
44 84 148
44 85 238
44 86 160
44 87 122
44 88 120
44 89 199
44 90 30
44 91 119
44 92 241
44 93 147
44 94 34
44 95 113
44 96 188
44 97 137
44 98 34
44 99 5
44 100 39
45 46 173
45 47 50
45 48 105
45 49 69
45 50 146
45 51 206
45 52 33
45 53 11
45 54 163
45 55 128
45 56 196
45 57 242
45 58 21
45 59 35
45 60 208
45 61 295
45 62 220
45 63 112
45 64 15
45 65 269
45 66 272
45 67 26
45 68 185
45 69 155
45 70 110
45 71 74
45 72 100
45 73 99
45 74 222
45 75 243
45 76 101
45 77 225
45 78 166
45 79 185
45 80 71
45 81 184
45 82 187
45 83 16
45 84 25
45 85 281
45 86 244
45 87 66
45 88 189
45 89 201
45 90 95
45 91 201
45 92 240
45 93 159
45 94 186
45 95 32
45 96 296
45 97 104
45 98 270
45 99 279
45 100 293
46 47 69
46 48 2
46 49 283
46 50 267
46 51 180
46 52 262
46 53 183
46 54 140
46 55 39
46 56 129
46 57 169
46 58 268
46 59 35
46 60 107
46 61 135
46 62 74
46 63 170
46 64 187
46 65 40
46 66 87
46 67 267
46 68 73
46 69 32
46 70 173
46 71 227
46 72 18
46 73 140
46 74 264
46 75 229
46 76 14
46 77 274
46 78 90
46 79 131
46 80 122
46 81 278
46 82 205
46 83 94
46 84 114
46 85 183
46 86 116
46 87 250
46 88 189
46 89 111
46 90 105
46 91 218
46 92 77
46 93 128
46 94 249
46 95 58
46 96 106
46 97 273
46 98 160
46 99 240
46 100 21
47 48 34
47 49 35
47 50 156
47 51 160
47 52 284
47 53 115
47 54 10
47 55 207
47 56 290
47 57 186
47 58 57
47 59 275
47 60 112
47 61 131
47 62 232
47 63 152
47 64 116
47 65 282
47 66 293
47 67 168
47 68 210
47 69 223
47 70 33
47 71 141
47 72 89
47 73 255
47 74 86
47 75 255
47 76 186
47 77 40
47 78 161
47 79 162
47 80 134
47 81 1
47 82 25
47 83 269
47 84 125
47 85 63
47 86 201
47 87 122
47 88 179
47 89 33
47 90 6
47 91 233
47 92 138
47 93 18
47 94 49
47 95 70
47 96 78
47 97 247
47 98 157
47 99 76
47 100 160
48 49 132
48 50 168
48 51 42
48 52 93
48 53 72
48 54 54
48 55 298
48 56 269
48 57 173
48 58 14
48 59 55
48 60 164
48 61 284
48 62 278
48 63 8
48 64 166
48 65 247
48 66 257
48 67 147
48 68 114
48 69 209
48 70 249
48 71 151
48 72 282
48 73 279
48 74 44
48 75 280
48 76 136
48 77 293
48 78 103
48 79 294
48 80 77
48 81 152
48 82 264
48 83 96
48 84 268
48 85 103
48 86 71
48 87 59
48 88 173
48 89 124
48 90 251
48 91 71
48 92 235
48 93 49
48 94 10
48 95 100
48 96 203
48 97 269
48 98 206
48 99 189
48 100 156
49 50 83
49 51 249
49 52 155
49 53 136
49 54 53
49 55 73
49 56 91
49 57 63
49 58 38
49 59 224
49 60 110
49 61 68
49 62 49
49 63 190
49 64 213
49 65 210
49 66 148
49 67 8
49 68 74
49 69 133
49 70 58
49 71 284
49 72 26
49 73 137
49 74 202
49 75 264
49 76 259
49 77 224
49 78 111
49 79 212
49 80 46
49 81 242
49 82 2
49 83 192
49 84 108
49 85 105
49 86 256
49 87 240
49 88 172
49 89 195
49 90 67
49 91 16
49 92 237
49 93 24
49 94 85
49 95 297
49 96 83
49 97 127
49 98 4
49 99 6
49 100 92
50 51 141
50 52 59
50 53 102
50 54 128
50 55 207
50 56 64
50 57 62
50 58 242
50 59 199
50 60 245
50 61 259
50 62 286
50 63 224
50 64 4
50 65 81
50 66 106
50 67 122
50 68 149
50 69 202
50 70 236
50 71 117
50 72 180
50 73 187
50 74 162
50 75 116
50 76 18
50 77 226
50 78 288
50 79 78
50 80 34
50 81 20
50 82 92
50 83 119
50 84 229
50 85 271
50 86 207
50 87 144
50 88 63
50 89 8
50 90 12
50 91 82
50 92 208
50 93 199
50 94 68
50 95 92
50 96 103
50 97 240
50 98 54
50 99 288
50 100 72
51 52 215
51 53 254
51 54 234
51 55 178
51 56 133
51 57 5
51 58 104
51 59 192
51 60 262
51 61 203
51 62 100
51 63 83
51 64 142
51 65 271
51 66 77
51 67 241
51 68 108
51 69 280
51 70 171
51 71 83
51 72 34
51 73 71
51 74 45
51 75 204
51 76 5
51 77 164
51 78 117
51 79 61
51 80 78
51 81 67
51 82 62
51 83 271
51 84 186
51 85 77
51 86 217
51 87 258
51 88 238
51 89 164
51 90 51
51 91 260
51 92 69
51 93 140
51 94 130
51 95 264
51 96 200
51 97 256
51 98 208
51 99 198
51 100 133
52 53 34
52 54 229
52 55 188
52 56 264
52 57 104
52 58 189
52 59 282
52 60 19
52 61 99
52 62 56
52 63 78
52 64 226
52 65 268
52 66 257
52 67 167
52 68 247
52 69 36
52 70 131
52 71 49
52 72 99
52 73 270
52 74 119
52 75 75
52 76 2
52 77 195
52 78 23
52 79 17
52 80 48
52 81 133
52 82 44
52 83 262
52 84 280
52 85 17
52 86 73
52 87 5
52 88 51
52 89 132
52 90 272
52 91 53
52 92 131
52 93 94
52 94 290
52 95 168
52 96 250
52 97 281
52 98 42
52 99 115
52 100 175
53 54 197
53 55 214
53 56 210
53 57 221
53 58 140
53 59 165
53 60 31
53 61 269
53 62 293
53 63 182
53 64 231
53 65 88
53 66 246
53 67 127
53 68 196
53 69 155
53 70 267
53 71 180
53 72 25
53 73 253
53 74 255
53 75 71
53 76 248
53 77 9
53 78 204
53 79 43
53 80 104
53 81 175
53 82 7
53 83 111
53 84 171
53 85 292
53 86 47
53 87 226
53 88 133
53 89 119
53 90 73
53 91 290
53 92 227
53 93 232
53 94 111
53 95 222
53 96 105
53 97 266
53 98 201
53 99 258
53 100 136
54 55 132
54 56 15
54 57 97
54 58 5
54 59 259
54 60 176
54 61 102
54 62 225
54 63 209
54 64 265
54 65 107
54 66 107
54 67 246
54 68 217
54 69 53
54 70 5
54 71 195
54 72 65
54 73 273
54 74 77
54 75 75
54 76 196
54 77 16
54 78 224
54 79 175
54 80 3
54 81 45
54 82 250
54 83 230
54 84 17
54 85 76
54 86 106
54 87 109
54 88 272
54 89 149
54 90 293
54 91 23
54 92 104
54 93 80
54 94 92
54 95 136
54 96 130
54 97 269
54 98 296
54 99 266
54 100 205
55 56 259
55 57 85
55 58 297
55 59 197
55 60 152
55 61 72
55 62 197
55 63 202
55 64 149
55 65 51
55 66 44
55 67 196
55 68 165
55 69 270
55 70 88
55 71 297
55 72 284
55 73 185
55 74 255
55 75 227
55 76 208
55 77 156
55 78 257
55 79 49
55 80 14
55 81 166
55 82 73
55 83 107
55 84 271
55 85 210
55 86 249
55 87 39
55 88 219
55 89 90
55 90 90
55 91 53
55 92 104
55 93 188
55 94 186
55 95 22
55 96 50
55 97 226
55 98 113
55 99 289
55 100 249
56 57 277
56 58 89
56 59 231
56 60 217
56 61 273
56 62 6
56 63 57
56 64 119
56 65 245
56 66 183
56 67 151
56 68 224
56 69 198
56 70 93
56 71 77
56 72 58
56 73 240
56 74 110
56 75 210
56 76 257
56 77 276
56 78 289
56 79 284
56 80 160
56 81 213
56 82 32
56 83 106
56 84 244
56 85 284
56 86 247
56 87 222
56 88 255
56 89 219
56 90 223
56 91 168
56 92 156
56 93 210
56 94 55
56 95 28
56 96 295
56 97 45
56 98 39
56 99 187
56 100 43
57 58 151
57 59 195
57 60 81
57 61 62
57 62 195
57 63 50
57 64 132
57 65 107
57 66 223
57 67 232
57 68 248
57 69 280
57 70 264
57 71 89
57 72 92
57 73 249
57 74 174
57 75 93
57 76 265
57 77 278
57 78 170
57 79 59
57 80 170
57 81 64
57 82 115
57 83 132
57 84 184
57 85 23
57 86 286
57 87 91
57 88 94
57 89 32
57 90 251
57 91 82
57 92 238
57 93 268
57 94 113
57 95 141
57 96 230
57 97 269
57 98 37
57 99 72
57 100 34
58 59 138
58 60 98
58 61 147
58 62 297
58 63 264
58 64 86
58 65 166
58 66 166
58 67 194
58 68 141
58 69 207
58 70 19
58 71 114
58 72 17
58 73 39
58 74 23
58 75 89
58 76 124
58 77 262
58 78 298
58 79 34
58 80 54
58 81 261
58 82 216
58 83 175
58 84 4
58 85 163
58 86 85
58 87 299
58 88 38
58 89 267
58 90 268
58 91 20
58 92 45
58 93 157
58 94 73
58 95 267
58 96 20
58 97 298
58 98 248
58 99 185
58 100 54
59 60 195
59 61 85
59 62 123
59 63 116
59 64 252
59 65 127
59 66 193
59 67 226
59 68 5
59 69 30
59 70 160
59 71 160
59 72 196
59 73 263
59 74 71
59 75 243
59 76 264
59 77 268
59 78 216
59 79 26
59 80 164
59 81 118
59 82 197
59 83 34
59 84 249
59 85 118
59 86 136
59 87 153
59 88 190
59 89 31
59 90 190
59 91 294
59 92 154
59 93 147
59 94 85
59 95 226
59 96 136
59 97 29
59 98 94
59 99 48
59 100 280
60 61 146
60 62 28
60 63 191
60 64 160
60 65 57
60 66 83
60 67 297
60 68 26
60 69 4
60 70 38
60 71 52
60 72 93
60 73 187
60 74 160
60 75 91
60 76 232
60 77 153
60 78 214
60 79 221
60 80 232
60 81 17
60 82 233
60 83 34
60 84 160
60 85 48
60 86 162
60 87 208
60 88 132
60 89 39
60 90 104
60 91 218
60 92 251
60 93 299
60 94 279
60 95 57
60 96 3
60 97 278
60 98 100
60 99 64
60 100 232
61 62 42
61 63 112
61 64 255
61 65 152
61 66 213
61 67 52
61 68 170
61 69 259
61 70 164
61 71 225
61 72 198
61 73 14
61 74 112
61 75 54
61 76 239
61 77 5
61 78 132
61 79 290
61 80 291
61 81 18
61 82 229
61 83 45
61 84 177
61 85 244
61 86 284
61 87 27
61 88 222
61 89 145
61 90 48
61 91 145
61 92 212
61 93 93
61 94 66
61 95 157
61 96 73
61 97 65
61 98 224
61 99 38
61 100 158
62 63 291
62 64 175
62 65 112
62 66 61
62 67 60
62 68 190
62 69 28
62 70 266
62 71 236
62 72 196
62 73 201
62 74 296
62 75 185
62 76 247
62 77 193
62 78 125
62 79 51
62 80 213
62 81 112
62 82 21
62 83 269
62 84 294
62 85 216
62 86 55
62 87 122
62 88 133
62 89 281
62 90 159
62 91 232
62 92 185
62 93 256
62 94 243
62 95 175
62 96 127
62 97 244
62 98 111
62 99 202
62 100 241
63 64 71
63 65 288
63 66 38
63 67 233
63 68 10
63 69 150
63 70 274
63 71 227
63 72 170
63 73 213
63 74 198
63 75 295
63 76 131
63 77 142
63 78 155
63 79 40
63 80 219
63 81 181
63 82 112
63 83 258
63 84 33
63 85 217
63 86 85
63 87 56
63 88 204
63 89 72
63 90 63
63 91 71
63 92 73
63 93 278
63 94 207
63 95 111
63 96 285
63 97 102
63 98 273
63 99 183
63 100 173
64 65 110
64 66 76
64 67 29
64 68 256
64 69 71
64 70 291
64 71 8
64 72 11
64 73 195
64 74 24
64 75 95
64 76 250
64 77 266
64 78 297
64 79 295
64 80 226
64 81 57
64 82 179
64 83 114
64 84 192
64 85 81
64 86 285
64 87 117
64 88 138
64 89 137
64 90 215
64 91 171
64 92 169
64 93 210
64 94 247
64 95 225
64 96 34
64 97 187
64 98 45
64 99 11
64 100 154
65 66 269
65 67 110
65 68 196
65 69 48
65 70 221
65 71 58
65 72 138
65 73 43
65 74 137
65 75 85
65 76 189
65 77 296
65 78 256
65 79 110
65 80 162
65 81 202
65 82 103
65 83 194
65 84 51
65 85 189
65 86 171
65 87 168
65 88 29
65 89 33
65 90 149
65 91 200
65 92 225
65 93 61
65 94 196
65 95 102
65 96 252
65 97 206
65 98 166
65 99 200
65 100 184
66 67 286
66 68 295
66 69 126
66 70 179
66 71 76
66 72 50
66 73 185
66 74 178
66 75 181
66 76 0
66 77 59
66 78 54
66 79 219
66 80 208
66 81 221
66 82 156
66 83 148
66 84 100
66 85 72
66 86 15
66 87 216
66 88 11
66 89 80
66 90 113
66 91 209
66 92 158
66 93 70
66 94 256
66 95 92
66 96 105
66 97 88
66 98 247
66 99 49
66 100 158
67 68 238
67 69 38
67 70 84
67 71 113
67 72 173
67 73 8
67 74 48
67 75 89
67 76 100
67 77 187
67 78 192
67 79 94
67 80 54
67 81 189
67 82 92
67 83 29
67 84 102
67 85 89
67 86 3
67 87 150
67 88 158
67 89 123
67 90 144
67 91 258
67 92 0
67 93 91
67 94 218
67 95 166
67 96 272
67 97 134
67 98 212
67 99 255
67 100 259
68 69 150
68 70 105
68 71 296
68 72 181
68 73 125
68 74 152
68 75 31
68 76 125
68 77 289
68 78 297
68 79 129
68 80 9
68 81 104
68 82 37
68 83 198
68 84 247
68 85 143
68 86 228
68 87 295
68 88 252
68 89 55
68 90 268
68 91 293
68 92 191
68 93 80
68 94 247
68 95 19
68 96 62
68 97 171
68 98 89
68 99 62
68 100 53
69 70 84
69 71 36
69 72 232
69 73 3
69 74 87
69 75 11
69 76 51
69 77 181
69 78 109
69 79 278
69 80 157
69 81 259
69 82 278
69 83 264
69 84 111
69 85 41
69 86 216
69 87 91
69 88 150
69 89 203
69 90 252
69 91 163
69 92 86
69 93 244
69 94 126
69 95 211
69 96 11
69 97 200
69 98 81
69 99 116
69 100 290
70 71 146
70 72 32
70 73 279
70 74 36
70 75 136
70 76 140
70 77 157
70 78 64
70 79 45
70 80 265
70 81 195
70 82 18
70 83 188
70 84 68
70 85 2
70 86 5
70 87 146
70 88 30
70 89 28
70 90 181
70 91 257
70 92 288
70 93 175
70 94 41
70 95 175
70 96 237
70 97 296
70 98 276
70 99 209
70 100 117
71 72 137
71 73 115
71 74 71
71 75 21
71 76 23
71 77 190
71 78 48
71 79 73
71 80 193
71 81 90
71 82 15
71 83 7
71 84 79
71 85 56
71 86 228
71 87 210
71 88 45
71 89 147
71 90 229
71 91 115
71 92 50
71 93 121
71 94 136
71 95 13
71 96 86
71 97 101
71 98 237
71 99 106
71 100 232
72 73 147
72 74 99
72 75 241
72 76 228
72 77 215
72 78 109
72 79 184
72 80 85
72 81 134
72 82 253
72 83 133
72 84 273
72 85 297
72 86 74
72 87 2
72 88 260
72 89 297
72 90 18
72 91 151
72 92 282
72 93 58
72 94 245
72 95 224
72 96 104
72 97 96
72 98 152
72 99 145
72 100 279
73 74 298
73 75 107
73 76 25
73 77 60
73 78 236
73 79 274
73 80 41
73 81 134
73 82 21
73 83 268
73 84 280
73 85 243
73 86 211
73 87 254
73 88 153
73 89 171
73 90 117
73 91 81
73 92 219
73 93 152
73 94 7
73 95 54
73 96 284
73 97 278
73 98 197
73 99 7
73 100 264
74 75 86
74 76 60
74 77 61
74 78 138
74 79 99
74 80 295
74 81 171
74 82 24
74 83 227
74 84 109
74 85 32
74 86 99
74 87 81
74 88 162
74 89 107
74 90 3
74 91 45
74 92 18
74 93 58
74 94 150
74 95 145
74 96 249
74 97 195
74 98 299
74 99 28
74 100 108
75 76 296
75 77 229
75 78 288
75 79 257
75 80 38
75 81 50
75 82 229
75 83 267
75 84 283
75 85 214
75 86 112
75 87 78
75 88 32
75 89 109
75 90 293
75 91 14
75 92 294
75 93 98
75 94 295
75 95 17
75 96 71
75 97 74
75 98 52
75 99 157
75 100 91
76 77 231
76 78 155
76 79 298
76 80 142
76 81 146
76 82 91
76 83 264
76 84 17
76 85 16
76 86 140
76 87 294
76 88 121
76 89 197
76 90 213
76 91 55
76 92 164
76 93 92
76 94 141
76 95 32
76 96 140
76 97 75
76 98 139
76 99 256
76 100 124
77 78 284
77 79 33
77 80 126
77 81 50
77 82 82
77 83 173
77 84 193
77 85 210
77 86 45
77 87 255
77 88 91
77 89 133
77 90 24
77 91 148
77 92 288
77 93 184
77 94 18
77 95 68
77 96 207
77 97 134
77 98 189
77 99 135
77 100 207
78 79 106
78 80 73
78 81 77
78 82 246
78 83 89
78 84 289
78 85 220
78 86 14
78 87 145
78 88 86
78 89 148
78 90 69
78 91 245
78 92 193
78 93 98
78 94 200
78 95 124
78 96 239
78 97 135
78 98 104
78 99 55
78 100 26
79 80 258
79 81 212
79 82 243
79 83 249
79 84 38
79 85 142
79 86 46
79 87 99
79 88 34
79 89 9
79 90 42
79 91 22
79 92 258
79 93 63
79 94 252
79 95 180
79 96 26
79 97 20
79 98 132
79 99 77
79 100 252
80 81 109
80 82 93
80 83 157
80 84 61
80 85 31
80 86 62
80 87 45
80 88 43
80 89 299
80 90 6
80 91 13
80 92 153
80 93 5
80 94 177
80 95 54
80 96 16
80 97 49
80 98 189
80 99 241
80 100 78
81 82 45
81 83 96
81 84 225
81 85 299
81 86 198
81 87 257
81 88 290
81 89 134
81 90 40
81 91 110
81 92 253
81 93 266
81 94 78
81 95 34
81 96 171
81 97 6
81 98 119
81 99 213
81 100 19
82 83 131
82 84 225
82 85 235
82 86 55
82 87 35
82 88 74
82 89 179
82 90 37
82 91 149
82 92 17
82 93 281
82 94 267
82 95 257
82 96 167
82 97 269
82 98 223
82 99 127
82 100 174
83 84 97
83 85 218
83 86 285
83 87 116
83 88 221
83 89 172
83 90 87
83 91 90
83 92 92
83 93 66
83 94 244
83 95 135
83 96 59
83 97 86
83 98 130
83 99 281
83 100 283
84 85 282
84 86 36
84 87 62
84 88 111
84 89 104
84 90 127
84 91 34
84 92 250
84 93 195
84 94 152
84 95 287
84 96 46
84 97 82
84 98 26
84 99 250
84 100 76
85 86 184
85 87 167
85 88 286
85 89 212
85 90 75
85 91 71
85 92 198
85 93 3
85 94 50
85 95 18
85 96 240
85 97 155
85 98 7
85 99 211
85 100 215
86 87 73
86 88 124
86 89 128
86 90 53
86 91 137
86 92 298
86 93 295
86 94 228
86 95 129
86 96 268
86 97 203
86 98 230
86 99 287
86 100 285
87 88 297
87 89 220
87 90 164
87 91 24
87 92 36
87 93 50
87 94 257
87 95 19
87 96 296
87 97 238
87 98 118
87 99 200
87 100 188
88 89 137
88 90 190
88 91 140
88 92 40
88 93 271
88 94 38
88 95 70
88 96 90
88 97 117
88 98 217
88 99 139
88 100 14
89 90 167
89 91 142
89 92 251
89 93 250
89 94 73
89 95 100
89 96 214
89 97 65
89 98 168
89 99 174
89 100 58
90 91 213
90 92 10
90 93 131
90 94 55
90 95 198
90 96 191
90 97 295
90 98 286
90 99 42
90 100 120
91 92 146
91 93 108
91 94 183
91 95 171
91 96 45
91 97 271
91 98 133
91 99 140
91 100 57
92 93 252
92 94 170
92 95 247
92 96 157
92 97 37
92 98 109
92 99 114
92 100 101
93 94 126
93 95 92
93 96 197
93 97 103
93 98 219
93 99 107
93 100 204
94 95 83
94 96 136
94 97 289
94 98 83
94 99 251
94 100 155
95 96 10
95 97 24
95 98 257
95 99 239
95 100 26
96 97 154
96 98 164
96 99 16
96 100 282
97 98 166
97 99 145
97 100 221
98 99 20
98 100 44
99 100 135
