100 4950
1 2 271
1 3 223
1 4 218
1 5 278
1 6 71
1 7 162
1 8 118
1 9 40
1 10 282
1 11 251
1 12 272
1 13 253
1 14 230
1 15 230
1 16 190
1 17 144
1 18 105
1 19 263
1 20 255
1 21 6
1 22 282
1 23 141
1 24 25
1 25 202
1 26 203
1 27 288
1 28 266
1 29 262
1 30 274
1 31 259
1 32 248
1 33 43
1 34 144
1 35 274
1 36 79
1 37 187
1 38 75
1 39 118
1 40 6
1 41 191
1 42 280
1 43 289
1 44 42
1 45 3
1 46 70
1 47 180
1 48 22
1 49 142
1 50 4
1 51 27
1 52 264
1 53 262
1 54 26
1 55 78
1 56 138
1 57 234
1 58 213
1 59 114
1 60 273
1 61 296
1 62 82
1 63 298
1 64 123
1 65 127
1 66 158
1 67 292
1 68 136
1 69 246
1 70 176
1 71 275
1 72 244
1 73 253
1 74 223
1 75 266
1 76 294
1 77 265
1 78 188
1 79 151
1 80 52
1 81 224
1 82 54
1 83 201
1 84 155
1 85 234
1 86 233
1 87 215
1 88 246
1 89 265
1 90 270
1 91 159
1 92 184
1 93 155
1 94 178
1 95 126
1 96 236
1 97 202
1 98 242
1 99 69
1 100 57
2 3 151
2 4 223
2 5 101
2 6 245
2 7 252
2 8 153
2 9 41
2 10 137
2 11 245
2 12 194
2 13 143
2 14 249
2 15 193
2 16 286
2 17 88
2 18 168
2 19 139
2 20 186
2 21 86
2 22 37
2 23 68
2 24 146
2 25 265
2 26 142
2 27 101
2 28 291
2 29 151
2 30 188
2 31 97
2 32 86
2 33 173
2 34 212
2 35 60
2 36 152
2 37 203
2 38 55
2 39 65
2 40 233
2 41 210
2 42 51
2 43 100
2 44 116
2 45 12
2 46 292
2 47 96
2 48 223
2 49 239
2 50 287
2 51 111
2 52 100
2 53 67
2 54 170
2 55 258
2 56 96
2 57 207
2 58 11
2 59 125
2 60 27
2 61 199
2 62 37
2 63 161
2 64 134
2 65 164
2 66 220
2 67 134
2 68 64
2 69 135
2 70 130
2 71 154
2 72 50
2 73 203
2 74 275
2 75 168
2 76 251
2 77 75
2 78 70
2 79 225
2 80 278
2 81 208
2 82 44
2 83 297
2 84 215
2 85 244
2 86 177
2 87 50
2 88 1
2 89 133
2 90 196
2 91 138
2 92 192
2 93 4
2 94 111
2 95 232
2 96 139
2 97 4
2 98 125
2 99 262
2 100 231
3 4 73
3 5 139
3 6 274
3 7 180
3 8 99
3 9 192
3 10 64
3 11 164
3 12 48
3 13 39
3 14 37
3 15 220
3 16 124
3 17 5
3 18 15
3 19 183
3 20 69
3 21 48
3 22 85
3 23 120
3 24 294
3 25 54
3 26 241
3 27 161
3 28 279
3 29 205
3 30 174
3 31 125
3 32 103
3 33 250
3 34 171
3 35 158
3 36 161
3 37 240
3 38 36
3 39 155
3 40 162
3 41 225
3 42 160
3 43 5
3 44 295
3 45 111
3 46 126
3 47 126
3 48 212
3 49 289
3 50 227
3 51 149
3 52 108
3 53 196
3 54 134
3 55 113
3 56 255
3 57 112
3 58 288
3 59 122
3 60 280
3 61 276
3 62 264
3 63 200
3 64 190
3 65 255
3 66 157
3 67 83
3 68 144
3 69 54
3 70 109
3 71 66
3 72 158
3 73 100
3 74 54
3 75 65
3 76 237
3 77 44
3 78 223
3 79 254
3 80 112
3 81 58
3 82 163
3 83 40
3 84 277
3 85 37
3 86 274
3 87 126
3 88 98
3 89 256
3 90 296
3 91 228
3 92 28
3 93 223
3 94 25
3 95 167
3 96 282
3 97 192
3 98 289
3 99 39
3 100 11
4 5 243
4 6 229
4 7 104
4 8 245
4 9 198
4 10 103
4 11 43
4 12 227
4 13 295
4 14 210
4 15 144
4 16 277
4 17 38
4 18 61
4 19 249
4 20 230
4 21 64
4 22 87
4 23 256
4 24 278
4 25 153
4 26 88
4 27 200
4 28 103
4 29 220
4 30 107
4 31 101
4 32 248
4 33 185
4 34 118
4 35 245
4 36 113
4 37 170
4 38 264
4 39 50
4 40 131
4 41 27
4 42 183
4 43 64
4 44 203
4 45 149
4 46 79
4 47 238
4 48 158
4 49 208
4 50 271
4 51 135
4 52 195
4 53 168
4 54 137
4 55 236
4 56 66
4 57 160
4 58 179
4 59 19
4 60 220
4 61 295
4 62 200
4 63 5
4 64 190
4 65 162
4 66 179
4 67 154
4 68 275
4 69 102
4 70 246
4 71 117
4 72 55
4 73 109
4 74 22
4 75 132
4 76 242
4 77 12
4 78 217
4 79 268
4 80 72
4 81 169
4 82 26
4 83 167
4 84 47
4 85 50
4 86 212
4 87 153
4 88 271
4 89 61
4 90 257
4 91 97
4 92 6
4 93 144
4 94 174
4 95 124
4 96 284
4 97 134
4 98 258
4 99 236
4 100 114
5 6 265
5 7 84
5 8 65
5 9 263
5 10 263
5 11 299
5 12 294
5 13 68
5 14 185
5 15 99
5 16 142
5 17 264
5 18 38
5 19 123
5 20 81
5 21 104
5 22 67
5 23 108
5 24 271
5 25 165
5 26 2
5 27 152
5 28 247
5 29 42
5 30 67
5 31 110
5 32 142
5 33 50
5 34 0
5 35 145
5 36 100
5 37 263
5 38 207
5 39 221
5 40 181
5 41 176
5 42 113
5 43 83
5 44 55
5 45 138
5 46 51
5 47 33
5 48 93
5 49 282
5 50 135
5 51 135
5 52 149
5 53 209
5 54 209
5 55 161
5 56 165
5 57 76
5 58 43
5 59 231
5 60 98
5 61 17
5 62 236
5 63 238
5 64 258
5 65 146
5 66 255
5 67 148
5 68 198
5 69 65
5 70 203
5 71 72
5 72 35
5 73 290
5 74 95
5 75 130
5 76 193
5 77 174
5 78 168
5 79 115
5 80 201
5 81 196
5 82 196
5 83 290
5 84 284
5 85 276
5 86 293
5 87 111
5 88 167
5 89 4
5 90 51
5 91 50
5 92 31
5 93 281
5 94 70
5 95 134
5 96 54
5 97 298
5 98 65
5 99 280
5 100 23
6 7 50
6 8 21
6 9 255
6 10 76
6 11 160
6 12 107
6 13 268
6 14 207
6 15 251
6 16 249
6 17 273
6 18 52
6 19 179
6 20 15
6 21 212
6 22 154
6 23 97
6 24 74
6 25 259
6 26 3
6 27 72
6 28 199
6 29 166
6 30 208
6 31 82
6 32 129
6 33 260
6 34 243
6 35 288
6 36 152
6 37 3
6 38 3
6 39 123
6 40 25
6 41 247
6 42 268
6 43 107
6 44 289
6 45 247
6 46 75
6 47 177
6 48 242
6 49 102
6 50 60
6 51 233
6 52 114
6 53 76
6 54 107
6 55 157
6 56 234
6 57 136
6 58 88
6 59 48
6 60 209
6 61 256
6 62 31
6 63 61
6 64 222
6 65 47
6 66 299
6 67 77
6 68 81
6 69 246
6 70 71
6 71 97
6 72 228
6 73 235
6 74 27
6 75 273
6 76 16
6 77 298
6 78 91
6 79 174
6 80 273
6 81 225
6 82 112
6 83 219
6 84 166
6 85 249
6 86 170
6 87 260
6 88 220
6 89 54
6 90 194
6 91 77
6 92 30
6 93 187
6 94 73
6 95 178
6 96 63
6 97 50
6 98 140
6 99 57
6 100 108
7 8 178
7 9 50
7 10 257
7 11 216
7 12 261
7 13 91
7 14 223
7 15 124
7 16 167
7 17 280
7 18 221
7 19 53
7 20 162
7 21 102
7 22 199
7 23 253
7 24 170
7 25 230
7 26 207
7 27 49
7 28 29
7 29 15
7 30 44
7 31 246
7 32 204
7 33 191
7 34 294
7 35 37
7 36 24
7 37 126
7 38 89
7 39 230
7 40 26
7 41 2
7 42 294
7 43 125
7 44 9
7 45 38
7 46 222
7 47 234
7 48 242
7 49 286
7 50 89
7 51 208
7 52 163
7 53 240
7 54 15
7 55 171
7 56 250
7 57 186
7 58 172
7 59 299
7 60 241
7 61 191
7 62 279
7 63 167
7 64 89
7 65 162
7 66 259
7 67 171
7 68 149
7 69 149
7 70 66
7 71 176
7 72 220
7 73 17
7 74 129
7 75 242
7 76 47
7 77 65
7 78 29
7 79 82
7 80 298
7 81 46
7 82 149
7 83 70
7 84 146
7 85 173
7 86 158
7 87 228
7 88 31
7 89 156
7 90 265
7 91 248
7 92 170
7 93 81
7 94 117
7 95 150
7 96 277
7 97 209
7 98 211
7 99 124
7 100 225
8 9 122
8 10 132
8 11 36
8 12 86
8 13 38
8 14 200
8 15 233
8 16 92
8 17 210
8 18 114
8 19 290
8 20 201
8 21 44
8 22 258
8 23 254
8 24 219
8 25 266
8 26 72
8 27 179
8 28 65
8 29 148
8 30 110
8 31 225
8 32 217
8 33 263
8 34 165
8 35 114
8 36 99
8 37 182
8 38 97
8 39 60
8 40 8
8 41 43
8 42 50
8 43 236
8 44 77
8 45 122
8 46 185
8 47 232
8 48 61
8 49 116
8 50 23
8 51 242
8 52 202
8 53 15
8 54 189
8 55 146
8 56 88
8 57 210
8 58 242
8 59 261
8 60 158
8 61 228
8 62 95
8 63 256
8 64 260
8 65 50
8 66 218
8 67 268
8 68 294
8 69 176
8 70 7
8 71 250
8 72 91
8 73 46
8 74 210
8 75 146
8 76 15
8 77 281
8 78 160
8 79 107
8 80 150
8 81 78
8 82 261
8 83 134
8 84 145
8 85 38
8 86 229
8 87 95
8 88 184
8 89 217
8 90 91
8 91 102
8 92 99
8 93 178
8 94 224
8 95 257
8 96 196
8 97 88
8 98 167
8 99 122
8 100 150
9 10 252
9 11 278
9 12 203
9 13 68
9 14 34
9 15 217
9 16 210
9 17 106
9 18 162
9 19 234
9 20 27
9 21 178
9 22 216
9 23 105
9 24 208
9 25 215
9 26 234
9 27 156
9 28 202
9 29 197
9 30 22
9 31 136
9 32 124
9 33 94
9 34 283
9 35 70
9 36 193
9 37 174
9 38 111
9 39 10
9 40 42
9 41 199
9 42 7
9 43 239
9 44 81
9 45 32
9 46 40
9 47 9
9 48 64
9 49 12
9 50 112
9 51 160
9 52 154
9 53 48
9 54 114
9 55 55
9 56 292
9 57 233
9 58 144
9 59 27
9 60 12
9 61 270
9 62 114
9 63 72
9 64 23
9 65 4
9 66 171
9 67 194
9 68 133
9 69 251
9 70 240
9 71 268
9 72 177
9 73 249
9 74 134
9 75 213
9 76 149
9 77 34
9 78 94
9 79 38
9 80 174
9 81 45
9 82 205
9 83 178
9 84 20
9 85 134
9 86 278
9 87 110
9 88 237
9 89 156
9 90 198
9 91 4
9 92 91
9 93 15
9 94 1
9 95 76
9 96 263
9 97 138
9 98 106
9 99 51
9 100 248
10 11 0
10 12 211
10 13 117
10 14 221
10 15 154
10 16 133
10 17 77
10 18 127
10 19 124
10 20 16
10 21 188
10 22 114
10 23 44
10 24 267
10 25 259
10 26 111
10 27 198
10 28 247
10 29 151
10 30 119
10 31 94
10 32 192
10 33 52
10 34 72
10 35 271
10 36 80
10 37 289
10 38 34
10 39 263
10 40 5
10 41 32
10 42 286
10 43 184
10 44 168
10 45 169
10 46 192
10 47 59
10 48 189
10 49 85
10 50 253
10 51 75
10 52 43
10 53 212
10 54 46
10 55 242
10 56 108
10 57 32
10 58 86
10 59 258
10 60 156
10 61 186
10 62 31
10 63 196
10 64 183
10 65 184
10 66 50
10 67 135
10 68 48
10 69 238
10 70 87
10 71 60
10 72 168
10 73 182
10 74 233
10 75 85
10 76 144
10 77 179
10 78 249
10 79 295
10 80 188
10 81 70
10 82 174
10 83 296
10 84 232
10 85 0
10 86 259
10 87 24
10 88 213
10 89 153
10 90 232
10 91 239
10 92 193
10 93 286
10 94 284
10 95 111
10 96 215
10 97 117
10 98 124
10 99 228
10 100 143
11 12 62
11 13 77
11 14 274
11 15 208
11 16 165
11 17 145
11 18 190
11 19 210
11 20 177
11 21 11
11 22 7
11 23 96
11 24 267
11 25 209
11 26 264
11 27 271
11 28 109
11 29 263
11 30 234
11 31 292
11 32 88
11 33 48
11 34 90
11 35 23
11 36 239
11 37 20
11 38 259
11 39 183
11 40 79
11 41 30
11 42 162
11 43 90
11 44 87
11 45 201
11 46 34
11 47 50
11 48 122
11 49 15
11 50 112
11 51 43
11 52 275
11 53 122
11 54 6
11 55 48
11 56 298
11 57 267
11 58 1
11 59 18
11 60 248
11 61 271
11 62 252
11 63 69
11 64 172
11 65 13
11 66 4
11 67 172
11 68 23
11 69 299
11 70 271
11 71 180
11 72 190
11 73 264
11 74 135
11 75 224
11 76 185
11 77 29
11 78 30
11 79 42
11 80 149
11 81 86
11 82 142
11 83 185
11 84 53
11 85 93
11 86 275
11 87 195
11 88 243
11 89 294
11 90 111
11 91 49
11 92 107
11 93 162
11 94 67
11 95 109
11 96 148
11 97 33
11 98 160
11 99 48
11 100 189
12 13 94
12 14 63
12 15 139
12 16 133
12 17 206
12 18 276
12 19 0
12 20 0
12 21 49
12 22 8
12 23 159
12 24 285
12 25 21
12 26 239
12 27 224
12 28 215
12 29 169
12 30 195
12 31 106
12 32 239
12 33 255
12 34 268
12 35 138
12 36 251
12 37 287
12 38 132
12 39 280
12 40 244
12 41 273
12 42 202
12 43 35
12 44 238
12 45 228
12 46 115
12 47 153
12 48 122
12 49 177
12 50 97
12 51 285
12 52 239
12 53 101
12 54 238
12 55 114
12 56 151
12 57 43
12 58 293
12 59 191
12 60 252
12 61 283
12 62 195
12 63 210
12 64 232
12 65 299
12 66 207
12 67 207
12 68 103
12 69 218
12 70 194
12 71 14
12 72 110
12 73 137
12 74 291
12 75 110
12 76 299
12 77 139
12 78 169
12 79 71
12 80 223
12 81 232
12 82 21
12 83 4
12 84 59
12 85 209
12 86 150
12 87 76
12 88 144
12 89 55
12 90 259
12 91 272
12 92 80
12 93 166
12 94 42
12 95 32
12 96 233
12 97 178
12 98 38
12 99 47
12 100 155
13 14 207
13 15 48
13 16 239
13 17 290
13 18 150
13 19 85
13 20 216
13 21 127
13 22 0
13 23 291
13 24 0
13 25 283
13 26 202
13 27 261
13 28 294
13 29 125
13 30 298
13 31 91
13 32 33
13 33 219
13 34 142
13 35 246
13 36 159
13 37 117
13 38 226
13 39 293
13 40 117
13 41 191
13 42 132
13 43 279
13 44 248
13 45 2
13 46 156
13 47 17
13 48 229
13 49 203
13 50 221
13 51 37
13 52 42
13 53 276
13 54 147
13 55 134
13 56 51
13 57 69
13 58 60
13 59 123
13 60 108
13 61 119
13 62 165
13 63 89
13 64 105
13 65 154
13 66 2
13 67 48
13 68 75
13 69 176
13 70 90
13 71 94
13 72 244
13 73 10
13 74 166
13 75 287
13 76 54
13 77 290
13 78 41
13 79 72
13 80 47
13 81 154
13 82 140
13 83 197
13 84 95
13 85 122
13 86 70
13 87 129
13 88 36
13 89 85
13 90 214
13 91 274
13 92 185
13 93 185
13 94 247
13 95 272
13 96 59
13 97 36
13 98 203
13 99 76
13 100 269
14 15 153
14 16 3
14 17 6
14 18 54
14 19 299
14 20 228
14 21 2
14 22 194
14 23 117
14 24 15
14 25 273
14 26 212
14 27 46
14 28 196
14 29 258
14 30 271
14 31 89
14 32 206
14 33 10
14 34 141
14 35 226
14 36 171
14 37 26
14 38 246
14 39 35
14 40 94
14 41 22
14 42 65
14 43 142
14 44 151
14 45 65
14 46 11
14 47 229
14 48 69
14 49 92
14 50 86
14 51 192
14 52 198
14 53 145
14 54 172
14 55 182
14 56 242
14 57 51
14 58 49
14 59 284
14 60 62
14 61 277
14 62 24
14 63 182
14 64 206
14 65 62
14 66 155
14 67 47
14 68 88
14 69 228
14 70 76
14 71 96
14 72 218
14 73 137
14 74 22
14 75 221
14 76 63
14 77 297
14 78 63
14 79 176
14 80 11
14 81 67
14 82 108
14 83 72
14 84 71
14 85 26
14 86 144
14 87 203
14 88 207
14 89 28
14 90 86
14 91 271
14 92 244
14 93 144
14 94 224
14 95 195
14 96 61
14 97 127
14 98 21
14 99 121
14 100 284
15 16 251
15 17 251
15 18 193
15 19 133
15 20 54
15 21 192
15 22 76
15 23 147
15 24 96
15 25 34
15 26 126
15 27 14
15 28 67
15 29 182
15 30 242
15 31 0
15 32 12
15 33 217
15 34 50
15 35 237
15 36 124
15 37 219
15 38 109
15 39 281
15 40 258
15 41 76
15 42 98
15 43 0
15 44 120
15 45 262
15 46 5
15 47 86
15 48 147
15 49 46
15 50 196
15 51 176
15 52 42
15 53 247
15 54 46
15 55 122
15 56 210
15 57 274
15 58 224
15 59 8
15 60 76
15 61 283
15 62 284
15 63 106
15 64 193
15 65 122
15 66 178
15 67 62
15 68 285
15 69 88
15 70 92
15 71 52
15 72 179
15 73 154
15 74 184
15 75 151
15 76 19
15 77 81
15 78 196
15 79 81
15 80 221
15 81 298
15 82 287
15 83 268
15 84 196
15 85 129
15 86 49
15 87 246
15 88 60
15 89 67
15 90 286
15 91 153
15 92 160
15 93 78
15 94 10
15 95 100
15 96 180
15 97 8
15 98 205
15 99 262
15 100 30
16 17 280
16 18 166
16 19 274
16 20 16
16 21 1
16 22 33
16 23 107
16 24 184
16 25 70
16 26 97
16 27 24
16 28 295
16 29 231
16 30 226
16 31 21
16 32 240
16 33 211
16 34 107
16 35 235
16 36 295
16 37 81
16 38 57
16 39 123
16 40 178
16 41 203
16 42 293
16 43 57
16 44 41
16 45 167
16 46 267
16 47 96
16 48 148
16 49 19
16 50 230
16 51 210
16 52 275
16 53 12
16 54 51
16 55 158
16 56 234
16 57 28
16 58 168
16 59 214
16 60 211
16 61 181
16 62 33
16 63 241
16 64 223
16 65 122
16 66 264
16 67 5
16 68 170
16 69 155
16 70 152
16 71 228
16 72 70
16 73 152
16 74 80
16 75 271
16 76 169
16 77 71
16 78 90
16 79 61
16 80 212
16 81 137
16 82 39
16 83 240
16 84 169
16 85 245
16 86 77
16 87 287
16 88 7
16 89 53
16 90 12
16 91 60
16 92 44
16 93 175
16 94 121
16 95 261
16 96 194
16 97 156
16 98 150
16 99 44
16 100 171
17 18 7
17 19 146
17 20 96
17 21 259
17 22 103
17 23 226
17 24 249
17 25 230
17 26 212
17 27 78
17 28 280
17 29 272
17 30 212
17 31 37
17 32 260
17 33 129
17 34 57
17 35 212
17 36 43
17 37 34
17 38 80
17 39 173
17 40 226
17 41 286
17 42 137
17 43 230
17 44 202
17 45 84
17 46 121
17 47 282
17 48 276
17 49 158
17 50 186
17 51 295
17 52 277
17 53 273
17 54 276
17 55 40
17 56 81
17 57 78
17 58 102
17 59 291
17 60 75
17 61 36
17 62 194
17 63 268
17 64 34
17 65 195
17 66 84
17 67 258
17 68 104
17 69 251
17 70 67
17 71 288
17 72 103
17 73 261
17 74 2
17 75 147
17 76 237
17 77 239
17 78 1
17 79 59
17 80 178
17 81 177
17 82 258
17 83 264
17 84 258
17 85 160
17 86 61
17 87 74
17 88 7
17 89 275
17 90 143
17 91 42
17 92 181
17 93 48
17 94 198
17 95 227
17 96 234
17 97 81
17 98 265
17 99 51
17 100 190
18 19 193
18 20 187
18 21 90
18 22 248
18 23 150
18 24 50
18 25 193
18 26 168
18 27 293
18 28 190
18 29 223
18 30 234
18 31 87
18 32 213
18 33 51
18 34 111
18 35 55
18 36 119
18 37 285
18 38 232
18 39 4
18 40 237
18 41 278
18 42 187
18 43 90
18 44 133
18 45 38
18 46 295
18 47 133
18 48 271
18 49 104
18 50 107
18 51 68
18 52 244
18 53 3
18 54 167
18 55 94
18 56 77
18 57 145
18 58 49
18 59 239
18 60 116
18 61 204
18 62 167
18 63 131
18 64 58
18 65 104
18 66 8
18 67 83
18 68 180
18 69 210
18 70 189
18 71 39
18 72 93
18 73 262
18 74 115
18 75 43
18 76 283
18 77 13
18 78 94
18 79 186
18 80 170
18 81 98
18 82 232
18 83 169
18 84 105
18 85 219
18 86 9
18 87 108
18 88 186
18 89 8
18 90 16
18 91 230
18 92 166
18 93 17
18 94 255
18 95 42
18 96 63
18 97 124
18 98 89
18 99 136
18 100 165
19 20 44
19 21 198
19 22 218
19 23 43
19 24 282
19 25 259
19 26 248
19 27 141
19 28 18
19 29 125
19 30 221
19 31 242
19 32 17
19 33 10
19 34 21
19 35 277
19 36 118
19 37 107
19 38 154
19 39 46
19 40 73
19 41 234
19 42 152
19 43 95
19 44 294
19 45 204
19 46 121
19 47 218
19 48 85
19 49 251
19 50 140
19 51 98
19 52 283
19 53 235
19 54 213
19 55 167
19 56 132
19 57 144
19 58 246
19 59 68
19 60 46
19 61 282
19 62 92
19 63 54
19 64 216
19 65 81
19 66 281
19 67 32
19 68 279
19 69 172
19 70 123
19 71 13
19 72 268
19 73 76
19 74 126
19 75 175
19 76 127
19 77 183
19 78 206
19 79 99
19 80 149
19 81 261
19 82 117
19 83 148
19 84 36
19 85 21
19 86 187
19 87 105
19 88 128
19 89 71
19 90 111
19 91 230
19 92 145
19 93 135
19 94 116
19 95 7
19 96 287
19 97 14
19 98 36
19 99 54
19 100 196
20 21 94
20 22 112
20 23 158
20 24 246
20 25 211
20 26 285
20 27 149
20 28 221
20 29 14
20 30 123
20 31 240
20 32 299
20 33 293
20 34 63
20 35 122
20 36 191
20 37 159
20 38 28
20 39 40
20 40 119
20 41 46
20 42 134
20 43 98
20 44 97
20 45 191
20 46 56
20 47 69
20 48 87
20 49 164
20 50 231
20 51 68
20 52 38
20 53 280
20 54 158
20 55 191
20 56 127
20 57 80
20 58 203
20 59 170
20 60 146
20 61 161
20 62 199
20 63 182
20 64 121
20 65 235
20 66 139
20 67 208
20 68 241
20 69 221
20 70 1
20 71 164
20 72 120
20 73 225
20 74 43
20 75 8
20 76 53
20 77 187
20 78 100
20 79 56
20 80 260
20 81 43
20 82 291
20 83 31
20 84 243
20 85 97
20 86 26
20 87 86
20 88 140
20 89 208
20 90 293
20 91 205
20 92 91
20 93 86
20 94 108
20 95 19
20 96 254
20 97 252
20 98 13
20 99 157
20 100 280
21 22 45
21 23 295
21 24 285
21 25 185
21 26 25
21 27 70
21 28 201
21 29 227
21 30 178
21 31 244
21 32 261
21 33 20
21 34 83
21 35 295
21 36 291
21 37 185
21 38 126
21 39 47
21 40 51
21 41 202
21 42 94
21 43 55
21 44 232
21 45 195
21 46 18
21 47 83
21 48 50
21 49 164
21 50 42
21 51 135
21 52 150
21 53 241
21 54 6
21 55 49
21 56 141
21 57 121
21 58 112
21 59 285
21 60 190
21 61 131
21 62 219
21 63 194
21 64 150
21 65 227
21 66 192
21 67 289
21 68 112
21 69 260
21 70 210
21 71 184
21 72 7
21 73 144
21 74 258
21 75 48
21 76 167
21 77 291
21 78 139
21 79 251
21 80 74
21 81 23
21 82 256
21 83 195
21 84 131
21 85 49
21 86 220
21 87 262
21 88 36
21 89 215
21 90 209
21 91 234
21 92 61
21 93 188
21 94 50
21 95 220
21 96 89
21 97 96
21 98 88
21 99 116
21 100 284
22 23 126
22 24 173
22 25 156
22 26 275
22 27 196
22 28 280
22 29 176
22 30 283
22 31 109
22 32 244
22 33 264
22 34 220
22 35 85
22 36 25
22 37 297
22 38 271
22 39 45
22 40 295
22 41 49
22 42 274
22 43 20
22 44 295
22 45 273
22 46 199
22 47 107
22 48 264
22 49 10
22 50 45
22 51 24
22 52 217
22 53 61
22 54 99
22 55 47
22 56 106
22 57 222
22 58 124
22 59 10
22 60 23
22 61 59
22 62 159
22 63 160
22 64 89
22 65 115
22 66 214
22 67 15
22 68 95
22 69 10
22 70 52
22 71 89
22 72 40
22 73 147
22 74 45
22 75 249
22 76 79
22 77 268
22 78 13
22 79 92
22 80 137
22 81 35
22 82 193
22 83 0
22 84 20
22 85 177
22 86 198
22 87 297
22 88 179
22 89 40
22 90 164
22 91 271
22 92 40
22 93 81
22 94 245
22 95 169
22 96 14
22 97 9
22 98 73
22 99 228
22 100 276
23 24 88
23 25 295
23 26 145
23 27 222
23 28 211
23 29 127
23 30 206
23 31 270
23 32 69
23 33 74
23 34 199
23 35 101
23 36 271
23 37 292
23 38 122
23 39 181
23 40 115
23 41 22
23 42 61
23 43 7
23 44 110
23 45 97
23 46 5
23 47 129
23 48 93
23 49 121
23 50 205
23 51 80
23 52 21
23 53 54
23 54 8
23 55 139
23 56 93
23 57 133
23 58 286
23 59 8
23 60 141
23 61 235
23 62 129
23 63 172
23 64 92
23 65 166
23 66 281
23 67 79
23 68 20
23 69 88
23 70 1
23 71 72
23 72 199
23 73 133
23 74 105
23 75 98
23 76 16
23 77 49
23 78 65
23 79 137
23 80 106
23 81 151
23 82 175
23 83 83
23 84 37
23 85 87
23 86 96
23 87 115
23 88 212
23 89 194
23 90 165
23 91 79
23 92 261
23 93 41
23 94 66
23 95 59
23 96 156
23 97 73
23 98 294
23 99 19
23 100 289
24 25 111
24 26 273
24 27 73
24 28 206
24 29 45
24 30 3
24 31 248
24 32 91
24 33 204
24 34 147
24 35 59
24 36 183
24 37 268
24 38 38
24 39 8
24 40 35
24 41 268
24 42 31
24 43 131
24 44 88
24 45 32
24 46 260
24 47 278
24 48 76
24 49 161
24 50 96
24 51 241
24 52 130
24 53 289
24 54 228
24 55 91
24 56 258
24 57 263
24 58 40
24 59 6
24 60 234
24 61 52
24 62 186
24 63 267
24 64 1
24 65 149
24 66 230
24 67 241
24 68 285
24 69 226
24 70 35
24 71 131
24 72 113
24 73 67
24 74 232
24 75 182
24 76 21
24 77 118
24 78 173
24 79 232
24 80 148
24 81 296
24 82 233
24 83 15
24 84 187
24 85 230
24 86 158
24 87 32
24 88 25
24 89 292
24 90 242
24 91 222
24 92 154
24 93 21
24 94 209
24 95 225
24 96 31
24 97 253
24 98 276
24 99 191
24 100 298
25 26 285
25 27 147
25 28 113
25 29 25
25 30 284
25 31 93
25 32 33
25 33 263
25 34 88
25 35 281
25 36 184
25 37 224
25 38 19
25 39 100
25 40 170
25 41 144
25 42 151
25 43 123
25 44 76
25 45 177
25 46 288
25 47 172
25 48 123
25 49 61
25 50 109
25 51 104
25 52 287
25 53 172
25 54 66
25 55 287
25 56 140
25 57 291
25 58 98
25 59 241
25 60 234
25 61 200
25 62 182
25 63 289
25 64 284
25 65 215
25 66 44
25 67 82
25 68 135
25 69 146
25 70 294
25 71 22
25 72 248
25 73 3
25 74 225
25 75 146
25 76 83
25 77 228
25 78 8
25 79 187
25 80 283
25 81 184
25 82 2
25 83 166
25 84 72
25 85 202
25 86 282
25 87 265
25 88 235
25 89 263
25 90 270
25 91 126
25 92 215
25 93 175
25 94 161
25 95 169
25 96 184
25 97 37
25 98 102
25 99 144
25 100 6
26 27 3
26 28 186
26 29 131
26 30 144
26 31 141
26 32 156
26 33 7
26 34 279
26 35 248
26 36 247
26 37 109
26 38 182
26 39 222
26 40 174
26 41 243
26 42 35
26 43 65
26 44 109
26 45 185
26 46 10
26 47 295
26 48 254
26 49 128
26 50 290
26 51 250
26 52 115
26 53 131
26 54 220
26 55 29
26 56 86
26 57 110
26 58 251
26 59 248
26 60 86
26 61 135
26 62 268
26 63 272
26 64 146
26 65 70
26 66 96
26 67 35
26 68 114
26 69 157
26 70 18
26 71 292
26 72 221
26 73 286
26 74 252
26 75 280
26 76 285
26 77 64
26 78 244
26 79 86
26 80 43
26 81 24
26 82 241
26 83 95
26 84 22
26 85 290
26 86 235
26 87 202
26 88 119
26 89 251
26 90 23
26 91 259
26 92 63
26 93 35
26 94 166
26 95 84
26 96 127
26 97 67
26 98 204
26 99 28
26 100 160
27 28 197
27 29 123
27 30 131
27 31 229
27 32 248
27 33 116
27 34 183
27 35 288
27 36 27
27 37 99
27 38 211
27 39 66
27 40 174
27 41 191
27 42 239
27 43 132
27 44 141
27 45 57
27 46 221
27 47 27
27 48 72
27 49 34
27 50 30
27 51 153
27 52 112
27 53 169
27 54 128
27 55 209
27 56 74
27 57 134
27 58 47
27 59 222
27 60 230
27 61 25
27 62 255
27 63 101
27 64 20
27 65 25
27 66 196
27 67 97
27 68 218
27 69 298
27 70 180
27 71 40
27 72 86
27 73 51
27 74 255
27 75 144
27 76 76
27 77 79
27 78 93
27 79 208
27 80 59
27 81 124
27 82 151
27 83 220
27 84 43
27 85 224
27 86 160
27 87 148
27 88 70
27 89 16
27 90 275
27 91 234
27 92 19
27 93 122
27 94 273
27 95 24
27 96 213
27 97 136
27 98 255
27 99 62
27 100 132
28 29 170
28 30 260
28 31 243
28 32 42
28 33 240
28 34 283
28 35 10
28 36 16
28 37 162
28 38 151
28 39 129
28 40 254
28 41 81
28 42 257
28 43 176
28 44 175
28 45 299
28 46 238
28 47 192
28 48 71
28 49 206
28 50 149
28 51 80
28 52 293
28 53 258
28 54 124
28 55 37
28 56 46
28 57 217
28 58 271
28 59 24
28 60 251
28 61 232
28 62 5
28 63 108
28 64 197
28 65 287
28 66 92
28 67 59
28 68 204
28 69 204
28 70 130
28 71 206
28 72 98
28 73 215
28 74 243
28 75 290
28 76 174
28 77 51
28 78 196
28 79 209
28 80 177
28 81 50
28 82 141
28 83 82
28 84 11
28 85 180
28 86 138
28 87 79
28 88 264
28 89 27
28 90 61
28 91 109
28 92 201
28 93 78
28 94 121
28 95 60
28 96 188
28 97 72
28 98 70
28 99 151
28 100 194
29 30 65
29 31 248
29 32 79
29 33 212
29 34 185
29 35 266
29 36 3
29 37 210
29 38 24
29 39 114
29 40 53
29 41 125
29 42 0
29 43 160
29 44 286
29 45 214
29 46 243
29 47 112
29 48 4
29 49 242
29 50 59
29 51 247
29 52 27
29 53 1
29 54 161
29 55 58
29 56 190
29 57 90
29 58 286
29 59 110
29 60 144
29 61 55
29 62 275
29 63 158
29 64 179
29 65 205
29 66 293
29 67 21
29 68 287
29 69 167
29 70 56
29 71 153
29 72 289
29 73 38
29 74 229
29 75 9
29 76 228
29 77 13
29 78 259
29 79 172
29 80 43
29 81 288
29 82 10
29 83 87
29 84 65
29 85 160
29 86 277
29 87 267
29 88 256
29 89 180
29 90 6
29 91 118
29 92 171
29 93 153
29 94 135
29 95 31
29 96 114
29 97 20
29 98 46
29 99 70
29 100 277
30 31 169
30 32 94
30 33 196
30 34 101
30 35 182
30 36 289
30 37 145
30 38 41
30 39 0
30 40 83
30 41 149
30 42 117
30 43 79
30 44 66
30 45 133
30 46 235
30 47 98
30 48 167
30 49 64
30 50 251
30 51 294
30 52 10
30 53 202
30 54 255
30 55 80
30 56 87
30 57 213
30 58 105
30 59 199
30 60 185
30 61 283
30 62 57
30 63 56
30 64 152
30 65 64
30 66 220
30 67 11
30 68 173
30 69 98
30 70 20
30 71 289
30 72 235
30 73 119
30 74 175
30 75 203
30 76 16
30 77 251
30 78 61
30 79 296
30 80 179
30 81 22
30 82 115
30 83 76
30 84 185
30 85 225
30 86 157
30 87 83
30 88 214
30 89 99
30 90 97
30 91 255
30 92 199
30 93 238
30 94 91
30 95 13
30 96 236
30 97 0
30 98 177
30 99 263
30 100 91
31 32 29
31 33 206
31 34 177
31 35 120
31 36 24
31 37 62
31 38 31
31 39 21
31 40 141
31 41 49
31 42 276
31 43 12
31 44 196
31 45 23
31 46 35
31 47 1
31 48 207
31 49 299
31 50 37
31 51 175
31 52 77
31 53 11
31 54 207
31 55 295
31 56 99
31 57 81
31 58 133
31 59 135
31 60 121
31 61 117
31 62 228
31 63 105
31 64 176
31 65 203
31 66 15
31 67 63
31 68 104
31 69 271
31 70 10
31 71 162
31 72 132
31 73 125
31 74 154
31 75 74
31 76 70
31 77 77
31 78 128
31 79 128
31 80 117
31 81 80
31 82 182
31 83 216
31 84 109
31 85 119
31 86 290
31 87 45
31 88 69
31 89 190
31 90 219
31 91 278
31 92 69
31 93 29
31 94 95
31 95 18
31 96 64
31 97 51
31 98 171
31 99 52
31 100 18
32 33 6
32 34 43
32 35 57
32 36 63
32 37 68
32 38 259
32 39 64
32 40 156
32 41 244
32 42 177
32 43 278
32 44 107
32 45 153
32 46 194
32 47 275
32 48 65
32 49 179
32 50 33
32 51 148
32 52 92
32 53 5
32 54 199
32 55 249
32 56 137
32 57 79
32 58 126
32 59 62
32 60 122
32 61 24
32 62 16
32 63 203
32 64 50
32 65 150
32 66 183
32 67 277
32 68 150
32 69 67
32 70 235
32 71 183
32 72 167
32 73 199
32 74 138
32 75 176
32 76 65
32 77 37
32 78 269
32 79 187
32 80 58
32 81 260
32 82 78
32 83 189
32 84 273
32 85 180
32 86 289
32 87 79
32 88 65
32 89 242
32 90 146
32 91 193
32 92 171
32 93 45
32 94 26
32 95 23
32 96 167
32 97 110
32 98 89
32 99 252
32 100 103
33 34 66
33 35 167
33 36 37
33 37 70
33 38 265
33 39 241
33 40 79
33 41 208
33 42 295
33 43 185
33 44 13
33 45 152
33 46 80
33 47 136
33 48 117
33 49 256
33 50 84
33 51 85
33 52 13
33 53 169
33 54 240
33 55 161
33 56 82
33 57 238
33 58 135
33 59 83
33 60 162
33 61 20
33 62 255
33 63 229
33 64 179
33 65 28
33 66 93
33 67 12
33 68 55
33 69 15
33 70 149
33 71 226
33 72 118
33 73 89
33 74 230
33 75 73
33 76 115
33 77 208
33 78 244
33 79 172
33 80 289
33 81 69
33 82 8
33 83 83
33 84 53
33 85 133
33 86 223
33 87 175
33 88 176
33 89 126
33 90 230
33 91 110
33 92 284
33 93 287
33 94 9
33 95 185
33 96 149
33 97 78
33 98 32
33 99 289
33 100 139
34 35 34
34 36 18
34 37 98
34 38 50
34 39 166
34 40 255
34 41 108
34 42 86
34 43 238
34 44 74
34 45 160
34 46 207
34 47 96
34 48 250
34 49 244
34 50 201
34 51 13
34 52 274
34 53 49
34 54 294
34 55 120
34 56 56
34 57 220
34 58 150
34 59 52
34 60 143
34 61 10
34 62 275
34 63 4
34 64 151
34 65 145
34 66 146
34 67 151
34 68 61
34 69 245
34 70 255
34 71 88
34 72 50
34 73 31
34 74 12
34 75 198
34 76 210
34 77 40
34 78 27
34 79 144
34 80 6
34 81 221
34 82 31
34 83 288
34 84 17
34 85 272
34 86 123
34 87 96
34 88 234
34 89 200
34 90 43
34 91 159
34 92 226
34 93 181
34 94 127
34 95 27
34 96 90
34 97 134
34 98 253
34 99 138
34 100 293
35 36 22
35 37 137
35 38 75
35 39 219
35 40 190
35 41 6
35 42 208
35 43 242
35 44 60
35 45 56
35 46 157
35 47 26
35 48 35
35 49 72
35 50 141
35 51 219
35 52 288
35 53 141
35 54 129
35 55 225
35 56 261
35 57 104
35 58 223
35 59 289
35 60 238
35 61 217
35 62 133
35 63 77
35 64 211
35 65 62
35 66 60
35 67 34
35 68 296
35 69 115
35 70 252
35 71 45
35 72 205
35 73 177
35 74 27
35 75 27
35 76 234
35 77 48
35 78 282
35 79 231
35 80 160
35 81 43
35 82 158
35 83 219
35 84 110
35 85 112
35 86 49
35 87 111
35 88 206
35 89 153
35 90 39
35 91 15
35 92 150
35 93 5
35 94 112
35 95 256
35 96 168
35 97 206
35 98 107
35 99 240
35 100 141
36 37 102
36 38 169
36 39 256
36 40 282
36 41 146
36 42 13
36 43 16
36 44 85
36 45 61
36 46 158
36 47 176
36 48 224
36 49 155
36 50 251
36 51 116
36 52 72
36 53 299
36 54 293
36 55 252
36 56 287
36 57 148
36 58 299
36 59 198
36 60 224
36 61 244
36 62 0
36 63 181
36 64 35
36 65 159
36 66 88
36 67 63
36 68 225
36 69 159
36 70 192
36 71 114
36 72 44
36 73 121
36 74 296
36 75 282
36 76 39
36 77 233
36 78 295
36 79 289
36 80 194
36 81 21
36 82 186
36 83 97
36 84 66
36 85 28
36 86 221
36 87 51
36 88 22
36 89 191
36 90 204
36 91 6
36 92 21
36 93 246
36 94 243
36 95 217
36 96 11
36 97 219
36 98 205
36 99 143
36 100 275
37 38 182
37 39 258
37 40 55
37 41 274
37 42 117
37 43 48
37 44 114
37 45 182
37 46 243
37 47 184
37 48 123
37 49 195
37 50 138
37 51 54
37 52 133
37 53 141
37 54 152
37 55 236
37 56 17
37 57 235
37 58 267
37 59 44
37 60 131
37 61 55
37 62 106
37 63 280
37 64 173
37 65 270
37 66 59
37 67 144
37 68 118
37 69 227
37 70 143
37 71 291
37 72 116
37 73 45
37 74 183
37 75 101
37 76 289
37 77 223
37 78 122
37 79 134
37 80 183
37 81 285
37 82 39
37 83 183
37 84 195
37 85 164
37 86 187
37 87 17
37 88 197
37 89 296
37 90 110
37 91 180
37 92 42
37 93 44
37 94 103
37 95 56
37 96 134
37 97 149
37 98 186
37 99 244
37 100 59
38 39 109
38 40 66
38 41 240
38 42 31
38 43 287
38 44 54
38 45 290
38 46 204
38 47 119
38 48 105
38 49 60
38 50 231
38 51 12
38 52 165
38 53 65
38 54 60
38 55 57
38 56 64
38 57 137
38 58 23
38 59 38
38 60 295
38 61 270
38 62 25
38 63 167
38 64 267
38 65 298
38 66 110
38 67 237
38 68 213
38 69 106
38 70 43
38 71 128
38 72 157
38 73 241
38 74 7
38 75 233
38 76 219
38 77 12
38 78 206
38 79 202
38 80 45
38 81 203
38 82 20
38 83 142
38 84 252
38 85 214
38 86 147
38 87 38
38 88 17
38 89 63
38 90 205
38 91 122
38 92 187
38 93 285
38 94 270
38 95 114
38 96 11
38 97 281
38 98 169
38 99 144
38 100 144
39 40 1
39 41 158
39 42 19
39 43 267
39 44 170
39 45 168
39 46 129
39 47 80
39 48 170
39 49 256
39 50 244
39 51 193
39 52 190
39 53 118
39 54 156
39 55 82
39 56 166
39 57 223
39 58 154
39 59 26
39 60 109
39 61 225
39 62 203
39 63 110
39 64 24
39 65 72
39 66 281
39 67 210
39 68 14
39 69 153
39 70 298
39 71 2
39 72 10
39 73 26
39 74 159
39 75 201
39 76 67
39 77 194
39 78 13
39 79 100
39 80 182
39 81 187
39 82 278
39 83 31
39 84 91
39 85 243
39 86 73
39 87 68
39 88 217
39 89 1
39 90 243
39 91 32
39 92 199
39 93 217
39 94 284
39 95 115
39 96 220
39 97 112
39 98 70
39 99 243
39 100 5
40 41 111
40 42 128
40 43 51
40 44 20
40 45 252
40 46 90
40 47 287
40 48 297
40 49 235
40 50 287
40 51 235
40 52 34
40 53 54
40 54 62
40 55 196
40 56 113
40 57 43
40 58 101
40 59 265
40 60 261
40 61 207
40 62 17
40 63 181
40 64 78
40 65 240
40 66 87
40 67 256
40 68 145
40 69 151
40 70 287
40 71 262
40 72 59
40 73 217
40 74 124
40 75 43
40 76 247
40 77 101
40 78 150
40 79 240
40 80 62
40 81 52
40 82 118
40 83 82
40 84 157
40 85 86
40 86 243
40 87 187
40 88 210
40 89 113
40 90 274
40 91 93
40 92 266
40 93 165
40 94 214
40 95 101
40 96 148
40 97 113
40 98 234
40 99 203
40 100 205
41 42 193
41 43 215
41 44 294
41 45 75
41 46 106
41 47 265
41 48 4
41 49 116
41 50 293
41 51 292
41 52 227
41 53 157
41 54 213
41 55 199
41 56 290
41 57 150
41 58 160
41 59 68
41 60 16
41 61 120
41 62 149
41 63 179
41 64 160
41 65 262
41 66 75
41 67 87
41 68 122
41 69 75
41 70 190
41 71 232
41 72 295
41 73 130
41 74 2
41 75 207
41 76 126
41 77 59
41 78 174
41 79 259
41 80 65
41 81 139
41 82 61
41 83 236
41 84 62
41 85 251
41 86 122
41 87 22
41 88 101
41 89 13
41 90 27
41 91 15
41 92 148
41 93 250
41 94 130
41 95 271
41 96 180
41 97 194
41 98 117
41 99 295
41 100 291
42 43 296
42 44 107
42 45 164
42 46 6
42 47 107
42 48 105
42 49 179
42 50 236
42 51 117
42 52 264
42 53 39
42 54 204
42 55 142
42 56 217
42 57 183
42 58 16
42 59 265
42 60 85
42 61 278
42 62 99
42 63 65
42 64 80
42 65 265
42 66 250
42 67 282
42 68 183
42 69 291
42 70 102
42 71 121
42 72 24
42 73 46
42 74 146
42 75 275
42 76 235
42 77 230
42 78 6
42 79 243
42 80 27
42 81 86
42 82 136
42 83 279
42 84 20
42 85 88
42 86 4
42 87 215
42 88 255
42 89 119
42 90 202
42 91 245
42 92 2
42 93 86
42 94 190
42 95 84
42 96 166
42 97 91
42 98 12
42 99 271
42 100 245
43 44 220
43 45 226
43 46 298
43 47 65
43 48 107
43 49 117
43 50 236
43 51 282
43 52 55
43 53 37
43 54 266
43 55 148
43 56 224
43 57 248
43 58 145
43 59 284
43 60 197
43 61 55
43 62 5
43 63 286
43 64 16
43 65 259
43 66 76
43 67 159
43 68 298
43 69 169
43 70 20
43 71 80
43 72 44
43 73 204
43 74 88
43 75 163
43 76 20
43 77 110
43 78 77
43 79 114
43 80 112
43 81 47
43 82 63
43 83 114
43 84 153
43 85 117
43 86 191
43 87 104
43 88 216
43 89 232
43 90 52
43 91 264
43 92 221
43 93 126
43 94 42
43 95 199
43 96 210
43 97 116
43 98 149
43 99 29
43 100 151
44 45 210
44 46 171
44 47 216
44 48 138
44 49 160
44 50 146
44 51 168
44 52 277
44 53 26
44 54 248
44 55 111
44 56 44
44 57 237
44 58 46
44 59 251
44 60 230
44 61 230
44 62 286
44 63 37
44 64 155
44 65 256
44 66 222
44 67 137
44 68 135
44 69 199
44 70 74
44 71 171
44 72 104
44 73 121
44 74 112
44 75 184
44 76 122
44 77 122
44 78 89
44 79 294
44 80 87
44 81 114
44 82 222
44 83 71
44 84 205
44 85 93
44 86 211
44 87 20
44 88 247
44 89 221
44 90 187
44 91 78
44 92 270
44 93 6
44 94 97
44 95 89
44 96 220
44 97 195
44 98 100
44 99 280
44 100 31
45 46 210
45 47 95
45 48 99
45 49 96
45 50 76
45 51 266
45 52 108
45 53 225
45 54 297
45 55 149
45 56 86
45 57 29
45 58 186
45 59 224
45 60 232
45 61 249
45 62 46
45 63 240
45 64 291
45 65 82
45 66 55
45 67 227
45 68 19
45 69 32
45 70 227
45 71 274
45 72 58
45 73 31
45 74 14
45 75 163
45 76 259
45 77 214
45 78 2
45 79 267
45 80 41
45 81 240
45 82 110
45 83 184
45 84 48
45 85 126
45 86 263
45 87 88
45 88 154
45 89 182
45 90 191
45 91 90
45 92 76
45 93 200
45 94 123
45 95 263
45 96 120
45 97 204
45 98 107
45 99 48
45 100 90
46 47 3
46 48 76
46 49 24
46 50 135
46 51 4
46 52 53
46 53 222
46 54 251
46 55 282
46 56 289
46 57 40
46 58 299
46 59 117
46 60 60
46 61 66
46 62 75
46 63 19
46 64 201
46 65 143
46 66 221
46 67 276
46 68 297
46 69 22
46 70 167
46 71 173
46 72 21
46 73 280
46 74 233
46 75 261
46 76 14
46 77 248
46 78 155
46 79 82
46 80 279
46 81 192
46 82 296
46 83 186
46 84 9
46 85 48
46 86 247
46 87 153
46 88 58
46 89 239
46 90 161
46 91 88
46 92 199
46 93 10
46 94 45
46 95 6
46 96 294
46 97 164
46 98 243
46 99 115
46 100 264
47 48 30
47 49 226
47 50 154
47 51 126
47 52 38
47 53 153
47 54 120
47 55 133
47 56 95
47 57 157
47 58 148
47 59 109
47 60 19
47 61 219
47 62 142
47 63 8
47 64 282
47 65 157
47 66 250
47 67 94
47 68 151
47 69 16
47 70 49
47 71 108
47 72 162
47 73 256
47 74 248
47 75 237
47 76 80
47 77 208
47 78 281
47 79 121
47 80 138
47 81 82
47 82 222
47 83 176
47 84 14
47 85 265
47 86 259
47 87 10
47 88 167
47 89 5
47 90 99
47 91 218
47 92 269
47 93 223
47 94 229
47 95 147
47 96 168
47 97 230
47 98 94
47 99 127
47 100 119
48 49 68
48 50 240
48 51 251
48 52 283
48 53 59
48 54 227
48 55 199
48 56 249
48 57 75
48 58 233
48 59 160
48 60 83
48 61 296
48 62 150
48 63 54
48 64 32
48 65 125
48 66 161
48 67 36
48 68 248
48 69 229
48 70 1
48 71 163
48 72 133
48 73 261
48 74 2
48 75 190
48 76 151
48 77 246
48 78 109
48 79 292
48 80 291
48 81 282
48 82 142
48 83 194
48 84 7
48 85 224
48 86 254
48 87 299
48 88 152
48 89 117
48 90 159
48 91 90
48 92 223
48 93 251
48 94 287
48 95 123
48 96 244
48 97 282
48 98 13
48 99 131
48 100 194
49 50 14
49 51 8
49 52 40
49 53 170
49 54 129
49 55 207
49 56 7
49 57 13
49 58 188
49 59 243
49 60 239
49 61 57
49 62 194
49 63 204
49 64 222
49 65 232
49 66 16
49 67 4
49 68 154
49 69 2
49 70 165
49 71 53
49 72 213
49 73 123
49 74 1
49 75 222
49 76 79
49 77 5
49 78 252
49 79 130
49 80 211
49 81 82
49 82 130
49 83 289
49 84 247
49 85 0
49 86 285
49 87 121
49 88 95
49 89 231
49 90 150
49 91 96
49 92 189
49 93 100
49 94 213
49 95 98
49 96 276
49 97 103
49 98 265
49 99 24
49 100 195
50 51 194
50 52 289
50 53 57
50 54 54
50 55 168
50 56 2
50 57 117
50 58 41
50 59 49
50 60 29
50 61 200
50 62 284
50 63 273
50 64 286
50 65 229
50 66 199
50 67 148
50 68 191
50 69 223
50 70 14
50 71 273
50 72 72
50 73 6
50 74 21
50 75 123
50 76 116
50 77 221
50 78 33
50 79 128
50 80 84
50 81 131
50 82 266
50 83 73
50 84 34
50 85 124
50 86 55
50 87 35
50 88 244
50 89 280
50 90 153
50 91 54
50 92 22
50 93 91
50 94 130
50 95 223
50 96 173
50 97 278
50 98 198
50 99 286
50 100 47
51 52 128
51 53 232
51 54 42
51 55 64
51 56 108
51 57 113
51 58 42
51 59 267
51 60 80
51 61 124
51 62 54
51 63 25
51 64 223
51 65 215
51 66 261
51 67 93
51 68 229
51 69 93
51 70 296
51 71 51
51 72 203
51 73 135
51 74 38
51 75 206
51 76 233
51 77 16
51 78 245
51 79 141
51 80 108
51 81 104
51 82 179
51 83 297
51 84 268
51 85 134
51 86 211
51 87 206
51 88 155
51 89 112
51 90 157
51 91 132
51 92 234
51 93 175
51 94 225
51 95 298
51 96 24
51 97 275
51 98 274
51 99 255
51 100 161
52 53 241
52 54 293
52 55 102
52 56 140
52 57 152
52 58 57
52 59 167
52 60 224
52 61 1
52 62 265
52 63 165
52 64 243
52 65 13
52 66 31
52 67 285
52 68 278
52 69 58
52 70 41
52 71 73
52 72 30
52 73 167
52 74 171
52 75 189
52 76 84
52 77 193
52 78 234
52 79 273
52 80 48
52 81 115
52 82 208
52 83 296
52 84 224
52 85 143
52 86 248
52 87 260
52 88 107
52 89 114
52 90 268
52 91 72
52 92 225
52 93 159
52 94 97
52 95 147
52 96 11
52 97 30
52 98 203
52 99 257
52 100 41
53 54 249
53 55 111
53 56 139
53 57 77
53 58 164
53 59 253
53 60 266
53 61 59
53 62 34
53 63 233
53 64 43
53 65 184
53 66 107
53 67 292
53 68 261
53 69 167
53 70 74
53 71 27
53 72 173
53 73 215
53 74 264
53 75 28
53 76 213
53 77 39
53 78 0
53 79 68
53 80 268
53 81 121
53 82 184
53 83 190
53 84 75
53 85 130
53 86 108
53 87 101
53 88 289
53 89 83
53 90 139
53 91 74
53 92 242
53 93 228
53 94 171
53 95 88
53 96 168
53 97 272
53 98 270
53 99 276
53 100 198
54 55 208
54 56 268
54 57 150
54 58 74
54 59 5
54 60 80
54 61 219
54 62 127
54 63 116
54 64 41
54 65 26
54 66 187
54 67 79
54 68 195
54 69 17
54 70 14
54 71 63
54 72 159
54 73 239
54 74 70
54 75 0
54 76 101
54 77 154
54 78 2
54 79 144
54 80 281
54 81 206
54 82 244
54 83 283
54 84 136
54 85 98
54 86 69
54 87 231
54 88 196
54 89 68
54 90 128
54 91 126
54 92 261
54 93 36
54 94 289
54 95 99
54 96 6
54 97 225
54 98 293
54 99 225
54 100 192
55 56 0
55 57 97
55 58 54
55 59 137
55 60 237
55 61 190
55 62 206
55 63 30
55 64 69
55 65 226
55 66 119
55 67 84
55 68 252
55 69 236
55 70 247
55 71 96
55 72 229
55 73 210
55 74 61
55 75 155
55 76 84
55 77 188
55 78 224
55 79 297
55 80 186
55 81 133
55 82 35
55 83 179
55 84 171
55 85 72
55 86 213
55 87 175
55 88 133
55 89 46
55 90 99
55 91 140
55 92 242
55 93 145
55 94 4
55 95 0
55 96 87
55 97 295
55 98 194
55 99 108
55 100 36
56 57 201
56 58 31
56 59 72
56 60 236
56 61 235
56 62 135
56 63 119
56 64 154
56 65 295
56 66 86
56 67 56
56 68 284
56 69 125
56 70 124
56 71 271
56 72 36
56 73 278
56 74 157
56 75 105
56 76 56
56 77 142
56 78 173
56 79 203
56 80 186
56 81 126
56 82 109
56 83 16
56 84 110
56 85 112
56 86 15
56 87 30
56 88 3
56 89 243
56 90 133
56 91 167
56 92 135
56 93 175
56 94 40
56 95 228
56 96 287
56 97 78
56 98 130
56 99 53
56 100 275
57 58 133
57 59 94
57 60 18
57 61 38
57 62 182
57 63 88
57 64 229
57 65 108
57 66 84
57 67 29
57 68 67
57 69 39
57 70 264
57 71 27
57 72 21
57 73 208
57 74 133
57 75 162
57 76 277
57 77 299
57 78 297
57 79 174
57 80 90
57 81 228
57 82 37
57 83 76
57 84 229
57 85 232
57 86 76
57 87 207
57 88 276
57 89 86
57 90 153
57 91 291
57 92 261
57 93 284
57 94 265
57 95 255
57 96 121
57 97 110
57 98 63
57 99 213
57 100 37
58 59 57
58 60 157
58 61 163
58 62 62
58 63 140
58 64 245
58 65 68
58 66 58
58 67 103
58 68 189
58 69 83
58 70 14
58 71 133
58 72 110
58 73 24
58 74 22
58 75 22
58 76 3
58 77 92
58 78 153
58 79 245
58 80 25
58 81 255
58 82 151
58 83 70
58 84 22
58 85 72
58 86 2
58 87 32
58 88 272
58 89 227
58 90 232
58 91 257
58 92 23
58 93 153
58 94 207
58 95 33
58 96 119
58 97 195
58 98 282
58 99 167
58 100 187
59 60 54
59 61 240
59 62 150
59 63 138
59 64 109
59 65 243
59 66 259
59 67 11
59 68 155
59 69 5
59 70 25
59 71 203
59 72 84
59 73 170
59 74 66
59 75 8
59 76 167
59 77 16
59 78 207
59 79 216
59 80 85
59 81 8
59 82 186
59 83 24
59 84 131
59 85 82
59 86 100
59 87 114
59 88 233
59 89 214
59 90 1
59 91 16
59 92 206
59 93 229
59 94 174
59 95 264
59 96 140
59 97 239
59 98 219
59 99 144
59 100 156
60 61 67
60 62 206
60 63 43
60 64 69
60 65 161
60 66 105
60 67 172
60 68 190
60 69 147
60 70 199
60 71 293
60 72 142
60 73 27
60 74 160
60 75 78
60 76 23
60 77 83
60 78 131
60 79 182
60 80 51
60 81 163
60 82 96
60 83 8
60 84 121
60 85 64
60 86 115
60 87 9
60 88 222
60 89 63
60 90 248
60 91 240
60 92 84
60 93 98
60 94 57
60 95 176
60 96 185
60 97 222
60 98 87
60 99 232
60 100 214
61 62 63
61 63 55
61 64 124
61 65 207
61 66 42
61 67 269
61 68 91
61 69 151
61 70 83
61 71 14
61 72 62
61 73 91
61 74 222
61 75 224
61 76 5
61 77 142
61 78 129
61 79 244
61 80 204
61 81 252
61 82 41
61 83 233
61 84 243
61 85 296
61 86 195
61 87 167
61 88 80
61 89 29
61 90 98
61 91 230
61 92 107
61 93 13
61 94 218
61 95 181
61 96 235
61 97 52
61 98 102
61 99 43
61 100 228
62 63 294
62 64 244
62 65 285
62 66 298
62 67 85
62 68 206
62 69 75
62 70 87
62 71 90
62 72 129
62 73 16
62 74 273
62 75 203
62 76 40
62 77 271
62 78 175
62 79 47
62 80 226
62 81 19
62 82 23
62 83 123
62 84 145
62 85 8
62 86 290
62 87 93
62 88 176
62 89 275
62 90 228
62 91 221
62 92 103
62 93 52
62 94 147
62 95 216
62 96 243
62 97 181
62 98 281
62 99 131
62 100 85
63 64 198
63 65 272
63 66 207
63 67 133
63 68 299
63 69 176
63 70 108
63 71 165
63 72 139
63 73 271
63 74 55
63 75 21
63 76 28
63 77 83
63 78 125
63 79 33
63 80 43
63 81 216
63 82 6
63 83 96
63 84 105
63 85 86
63 86 114
63 87 9
63 88 238
63 89 201
63 90 190
63 91 243
63 92 227
63 93 123
63 94 252
63 95 263
63 96 218
63 97 19
63 98 262
63 99 252
63 100 58
64 65 272
64 66 99
64 67 102
64 68 78
64 69 233
64 70 258
64 71 141
64 72 33
64 73 158
64 74 51
64 75 163
64 76 226
64 77 67
64 78 90
64 79 210
64 80 257
64 81 82
64 82 27
64 83 88
64 84 206
64 85 211
64 86 279
64 87 264
64 88 49
64 89 12
64 90 94
64 91 84
64 92 127
64 93 195
64 94 157
64 95 256
64 96 77
64 97 298
64 98 31
64 99 25
64 100 146
65 66 231
65 67 91
65 68 175
65 69 34
65 70 165
65 71 299
65 72 96
65 73 88
65 74 173
65 75 104
65 76 215
65 77 105
65 78 298
65 79 74
65 80 288
65 81 229
65 82 277
65 83 185
65 84 165
65 85 53
65 86 112
65 87 175
65 88 165
65 89 3
65 90 263
65 91 225
65 92 118
65 93 161
65 94 279
65 95 86
65 96 210
65 97 95
65 98 38
65 99 248
65 100 294
66 67 226
66 68 266
66 69 163
66 70 214
66 71 95
66 72 7
66 73 20
66 74 21
66 75 73
66 76 274
66 77 40
66 78 264
66 79 135
66 80 107
66 81 82
66 82 268
66 83 258
66 84 168
66 85 220
66 86 127
66 87 91
66 88 243
66 89 0
66 90 30
66 91 62
66 92 243
66 93 122
66 94 24
66 95 146
66 96 131
66 97 215
66 98 19
66 99 116
66 100 228
67 68 211
67 69 55
67 70 79
67 71 24
67 72 22
67 73 31
67 74 27
67 75 87
67 76 126
67 77 245
67 78 88
67 79 107
67 80 290
67 81 287
67 82 270
67 83 77
67 84 234
67 85 87
67 86 66
67 87 270
67 88 30
67 89 51
67 90 266
67 91 120
67 92 18
67 93 270
67 94 272
67 95 176
67 96 194
67 97 209
67 98 275
67 99 16
67 100 224
68 69 86
68 70 34
68 71 287
68 72 199
68 73 275
68 74 185
68 75 284
68 76 255
68 77 211
68 78 55
68 79 48
68 80 248
68 81 68
68 82 20
68 83 132
68 84 182
68 85 92
68 86 240
68 87 77
68 88 71
68 89 64
68 90 223
68 91 235
68 92 210
68 93 189
68 94 227
68 95 216
68 96 87
68 97 274
68 98 14
68 99 78
68 100 22
69 70 134
69 71 9
69 72 87
69 73 207
69 74 265
69 75 50
69 76 31
69 77 125
69 78 181
69 79 18
69 80 128
69 81 162
69 82 10
69 83 179
69 84 105
69 85 179
69 86 47
69 87 213
69 88 102
69 89 129
69 90 0
69 91 279
69 92 256
69 93 110
69 94 190
69 95 19
69 96 47
69 97 0
69 98 5
69 99 67
69 100 13
70 71 214
70 72 71
70 73 80
70 74 163
70 75 115
70 76 245
70 77 240
70 78 273
70 79 149
70 80 40
70 81 259
70 82 56
70 83 295
70 84 237
70 85 165
70 86 174
70 87 168
70 88 219
70 89 182
70 90 238
70 91 268
70 92 72
70 93 236
70 94 166
70 95 199
70 96 217
70 97 197
70 98 180
70 99 41
70 100 83
71 72 124
71 73 80
71 74 18
71 75 171
71 76 182
71 77 223
71 78 180
71 79 31
71 80 149
71 81 202
71 82 1
71 83 213
71 84 112
71 85 299
71 86 42
71 87 260
71 88 264
71 89 215
71 90 190
71 91 36
71 92 116
71 93 168
71 94 12
71 95 23
71 96 259
71 97 183
71 98 109
71 99 95
71 100 83
72 73 35
72 74 212
72 75 123
72 76 170
72 77 228
72 78 158
72 79 25
72 80 153
72 81 118
72 82 231
72 83 110
72 84 153
72 85 101
72 86 102
72 87 173
72 88 214
72 89 192
72 90 272
72 91 58
72 92 139
72 93 199
72 94 274
72 95 6
72 96 135
72 97 4
72 98 136
72 99 94
72 100 253
73 74 204
73 75 144
73 76 152
73 77 125
73 78 110
73 79 223
73 80 160
73 81 69
73 82 139
73 83 209
73 84 193
73 85 192
73 86 152
73 87 176
73 88 204
73 89 73
73 90 126
73 91 138
73 92 189
73 93 138
73 94 94
73 95 91
73 96 208
73 97 153
73 98 64
73 99 164
73 100 165
74 75 125
74 76 187
74 77 171
74 78 299
74 79 266
74 80 273
74 81 231
74 82 5
74 83 32
74 84 62
74 85 287
74 86 168
74 87 167
74 88 74
74 89 115
74 90 158
74 91 100
74 92 274
74 93 271
74 94 143
74 95 251
74 96 75
74 97 95
74 98 273
74 99 237
74 100 137
75 76 242
75 77 16
75 78 45
75 79 68
75 80 121
75 81 222
75 82 203
75 83 231
75 84 198
75 85 186
75 86 183
75 87 118
75 88 259
75 89 163
75 90 40
75 91 132
75 92 235
75 93 23
75 94 119
75 95 44
75 96 216
75 97 204
75 98 236
75 99 295
75 100 228
76 77 256
76 78 12
76 79 226
76 80 146
76 81 110
76 82 260
76 83 93
76 84 144
76 85 115
76 86 289
76 87 7
76 88 275
76 89 31
76 90 292
76 91 89
76 92 298
76 93 91
76 94 8
76 95 258
76 96 165
76 97 54
76 98 115
76 99 202
76 100 83
77 78 36
77 79 294
77 80 6
77 81 96
77 82 33
77 83 185
77 84 13
77 85 174
77 86 9
77 87 29
77 88 86
77 89 134
77 90 288
77 91 292
77 92 264
77 93 44
77 94 90
77 95 132
77 96 222
77 97 55
77 98 176
77 99 92
77 100 38
78 79 139
78 80 225
78 81 215
78 82 73
78 83 241
78 84 241
78 85 286
78 86 161
78 87 299
78 88 270
78 89 148
78 90 218
78 91 81
78 92 19
78 93 237
78 94 65
78 95 209
78 96 91
78 97 261
78 98 144
78 99 238
78 100 101
79 80 36
79 81 277
79 82 223
79 83 58
79 84 61
79 85 180
79 86 227
79 87 176
79 88 58
79 89 191
79 90 11
79 91 212
79 92 290
79 93 0
79 94 89
79 95 262
79 96 148
79 97 126
79 98 120
79 99 153
79 100 237
80 81 227
80 82 184
80 83 208
80 84 15
80 85 11
80 86 8
80 87 57
80 88 215
80 89 219
80 90 39
80 91 92
80 92 164
80 93 51
80 94 16
80 95 277
80 96 113
80 97 76
80 98 224
80 99 154
80 100 199
81 82 16
81 83 194
81 84 68
81 85 202
81 86 89
81 87 132
81 88 109
81 89 207
81 90 158
81 91 85
81 92 102
81 93 144
81 94 93
81 95 236
81 96 79
81 97 129
81 98 23
81 99 110
81 100 128
82 83 147
82 84 10
82 85 111
82 86 169
82 87 93
82 88 172
82 89 141
82 90 39
82 91 11
82 92 141
82 93 231
82 94 149
82 95 297
82 96 78
82 97 57
82 98 253
82 99 36
82 100 45
83 84 253
83 85 285
83 86 76
83 87 286
83 88 25
83 89 156
83 90 5
83 91 157
83 92 70
83 93 2
83 94 21
83 95 49
83 96 162
83 97 103
83 98 71
83 99 152
83 100 212
84 85 88
84 86 254
84 87 42
84 88 283
84 89 119
84 90 272
84 91 97
84 92 264
84 93 154
84 94 234
84 95 11
84 96 214
84 97 21
84 98 153
84 99 7
84 100 290
85 86 267
85 87 19
85 88 10
85 89 106
85 90 133
85 91 171
85 92 20
85 93 225
85 94 136
85 95 162
85 96 201
85 97 282
85 98 245
85 99 63
85 100 137
86 87 17
86 88 130
86 89 104
86 90 126
86 91 107
86 92 197
86 93 62
86 94 106
86 95 118
86 96 129
86 97 294
86 98 260
86 99 116
86 100 63
87 88 249
87 89 171
87 90 116
87 91 70
87 92 6
87 93 51
87 94 159
87 95 78
87 96 240
87 97 281
87 98 93
87 99 249
87 100 0
88 89 240
88 90 162
88 91 6
88 92 64
88 93 261
88 94 203
88 95 80
88 96 67
88 97 72
88 98 20
88 99 194
88 100 262
89 90 291
89 91 115
89 92 97
89 93 71
89 94 245
89 95 188
89 96 15
89 97 108
89 98 115
89 99 147
89 100 241
90 91 30
90 92 77
90 93 17
90 94 74
90 95 103
90 96 14
90 97 40
90 98 73
90 99 196
90 100 223
91 92 10
91 93 248
91 94 270
91 95 58
91 96 269
91 97 148
91 98 126
91 99 262
91 100 172
92 93 256
92 94 280
92 95 264
92 96 136
92 97 38
92 98 121
92 99 120
92 100 103
93 94 158
93 95 264
93 96 265
93 97 58
93 98 299
93 99 70
93 100 277
94 95 12
94 96 186
94 97 224
94 98 28
94 99 56
94 100 12
95 96 17
95 97 176
95 98 99
95 99 147
95 100 270
96 97 42
96 98 74
96 99 182
96 100 13
97 98 153
97 99 70
97 100 64
98 99 272
98 100 106
99 100 229
