100 4950
1 2 262
1 3 102
1 4 211
1 5 77
1 6 160
1 7 183
1 8 115
1 9 217
1 10 110
1 11 216
1 12 158
1 13 151
1 14 230
1 15 175
1 16 219
1 17 56
1 18 82
1 19 12
1 20 16
1 21 250
1 22 12
1 23 76
1 24 147
1 25 157
1 26 99
1 27 44
1 28 180
1 29 112
1 30 168
1 31 78
1 32 119
1 33 219
1 34 102
1 35 156
1 36 140
1 37 46
1 38 296
1 39 236
1 40 186
1 41 202
1 42 54
1 43 24
1 44 101
1 45 232
1 46 22
1 47 201
1 48 193
1 49 227
1 50 230
1 51 57
1 52 64
1 53 267
1 54 279
1 55 211
1 56 102
1 57 106
1 58 7
1 59 123
1 60 289
1 61 156
1 62 24
1 63 253
1 64 183
1 65 163
1 66 134
1 67 68
1 68 160
1 69 3
1 70 295
1 71 240
1 72 132
1 73 15
1 74 109
1 75 7
1 76 137
1 77 174
1 78 75
1 79 62
1 80 167
1 81 89
1 82 38
1 83 41
1 84 202
1 85 252
1 86 293
1 87 151
1 88 293
1 89 73
1 90 292
1 91 297
1 92 6
1 93 75
1 94 107
1 95 225
1 96 182
1 97 17
1 98 77
1 99 8
1 100 186
2 3 221
2 4 29
2 5 260
2 6 4
2 7 262
2 8 250
2 9 78
2 10 13
2 11 38
2 12 268
2 13 18
2 14 28
2 15 250
2 16 299
2 17 295
2 18 10
2 19 194
2 20 95
2 21 157
2 22 183
2 23 177
2 24 206
2 25 161
2 26 169
2 27 232
2 28 73
2 29 265
2 30 288
2 31 122
2 32 252
2 33 169
2 34 131
2 35 96
2 36 20
2 37 291
2 38 146
2 39 43
2 40 140
2 41 202
2 42 60
2 43 83
2 44 94
2 45 57
2 46 191
2 47 86
2 48 97
2 49 33
2 50 172
2 51 293
2 52 109
2 53 2
2 54 97
2 55 265
2 56 41
2 57 75
2 58 91
2 59 23
2 60 288
2 61 0
2 62 127
2 63 183
2 64 213
2 65 174
2 66 234
2 67 53
2 68 172
2 69 131
2 70 124
2 71 113
2 72 39
2 73 85
2 74 29
2 75 290
2 76 243
2 77 299
2 78 60
2 79 178
2 80 284
2 81 78
2 82 44
2 83 247
2 84 128
2 85 283
2 86 185
2 87 31
2 88 204
2 89 83
2 90 88
2 91 256
2 92 184
2 93 53
2 94 52
2 95 220
2 96 209
2 97 164
2 98 225
2 99 245
2 100 136
3 4 235
3 5 183
3 6 97
3 7 274
3 8 79
3 9 226
3 10 291
3 11 156
3 12 162
3 13 281
3 14 143
3 15 120
3 16 168
3 17 255
3 18 90
3 19 85
3 20 45
3 21 98
3 22 96
3 23 166
3 24 291
3 25 160
3 26 168
3 27 132
3 28 170
3 29 9
3 30 65
3 31 160
3 32 193
3 33 228
3 34 277
3 35 100
3 36 216
3 37 84
3 38 250
3 39 241
3 40 118
3 41 114
3 42 190
3 43 249
3 44 11
3 45 28
3 46 171
3 47 47
3 48 213
3 49 37
3 50 78
3 51 146
3 52 196
3 53 242
3 54 73
3 55 230
3 56 119
3 57 204
3 58 54
3 59 274
3 60 191
3 61 230
3 62 246
3 63 142
3 64 1
3 65 13
3 66 84
3 67 266
3 68 267
3 69 213
3 70 227
3 71 117
3 72 201
3 73 160
3 74 82
3 75 141
3 76 80
3 77 280
3 78 190
3 79 183
3 80 199
3 81 102
3 82 74
3 83 279
3 84 290
3 85 231
3 86 41
3 87 87
3 88 249
3 89 257
3 90 275
3 91 177
3 92 235
3 93 192
3 94 238
3 95 194
3 96 287
3 97 203
3 98 247
3 99 24
3 100 16
4 5 57
4 6 150
4 7 161
4 8 62
4 9 182
4 10 95
4 11 282
4 12 67
4 13 48
4 14 74
4 15 169
4 16 252
4 17 168
4 18 296
4 19 107
4 20 208
4 21 9
4 22 98
4 23 260
4 24 170
4 25 17
4 26 282
4 27 256
4 28 30
4 29 6
4 30 122
4 31 165
4 32 52
4 33 214
4 34 104
4 35 99
4 36 76
4 37 198
4 38 24
4 39 258
4 40 253
4 41 279
4 42 45
4 43 132
4 44 3
4 45 139
4 46 22
4 47 208
4 48 59
4 49 20
4 50 148
4 51 237
4 52 148
4 53 263
4 54 65
4 55 126
4 56 296
4 57 150
4 58 47
4 59 185
4 60 105
4 61 151
4 62 193
4 63 209
4 64 37
4 65 287
4 66 230
4 67 208
4 68 263
4 69 143
4 70 12
4 71 259
4 72 34
4 73 45
4 74 142
4 75 51
4 76 177
4 77 280
4 78 55
4 79 86
4 80 257
4 81 217
4 82 268
4 83 88
4 84 128
4 85 37
4 86 215
4 87 135
4 88 277
4 89 34
4 90 127
4 91 203
4 92 132
4 93 168
4 94 133
4 95 56
4 96 96
4 97 227
4 98 196
4 99 28
4 100 137
5 6 51
5 7 86
5 8 202
5 9 30
5 10 176
5 11 296
5 12 88
5 13 52
5 14 254
5 15 213
5 16 126
5 17 193
5 18 217
5 19 119
5 20 243
5 21 253
5 22 41
5 23 263
5 24 254
5 25 52
5 26 15
5 27 189
5 28 30
5 29 243
5 30 165
5 31 210
5 32 282
5 33 17
5 34 243
5 35 171
5 36 23
5 37 92
5 38 205
5 39 198
5 40 231
5 41 179
5 42 281
5 43 6
5 44 29
5 45 178
5 46 148
5 47 280
5 48 278
5 49 88
5 50 254
5 51 195
5 52 213
5 53 237
5 54 66
5 55 91
5 56 232
5 57 54
5 58 19
5 59 226
5 60 126
5 61 21
5 62 115
5 63 169
5 64 140
5 65 29
5 66 208
5 67 82
5 68 7
5 69 61
5 70 256
5 71 88
5 72 253
5 73 16
5 74 188
5 75 99
5 76 238
5 77 262
5 78 82
5 79 95
5 80 7
5 81 216
5 82 187
5 83 32
5 84 221
5 85 232
5 86 54
5 87 15
5 88 119
5 89 173
5 90 115
5 91 33
5 92 131
5 93 219
5 94 119
5 95 197
5 96 82
5 97 177
5 98 160
5 99 225
5 100 209
6 7 108
6 8 228
6 9 21
6 10 237
6 11 271
6 12 277
6 13 196
6 14 161
6 15 42
6 16 47
6 17 9
6 18 31
6 19 250
6 20 142
6 21 253
6 22 237
6 23 151
6 24 96
6 25 128
6 26 223
6 27 68
6 28 72
6 29 91
6 30 193
6 31 54
6 32 36
6 33 180
6 34 165
6 35 73
6 36 240
6 37 154
6 38 263
6 39 171
6 40 87
6 41 24
6 42 43
6 43 106
6 44 139
6 45 78
6 46 77
6 47 287
6 48 197
6 49 216
6 50 65
6 51 30
6 52 241
6 53 248
6 54 110
6 55 279
6 56 59
6 57 297
6 58 279
6 59 9
6 60 60
6 61 91
6 62 224
6 63 279
6 64 165
6 65 31
6 66 293
6 67 22
6 68 242
6 69 254
6 70 26
6 71 42
6 72 81
6 73 43
6 74 215
6 75 134
6 76 124
6 77 215
6 78 282
6 79 127
6 80 61
6 81 79
6 82 34
6 83 266
6 84 291
6 85 22
6 86 7
6 87 36
6 88 191
6 89 284
6 90 236
6 91 256
6 92 208
6 93 171
6 94 43
6 95 294
6 96 119
6 97 241
6 98 27
6 99 230
6 100 208
7 8 203
7 9 253
7 10 293
7 11 222
7 12 78
7 13 103
7 14 269
7 15 40
7 16 42
7 17 230
7 18 28
7 19 14
7 20 90
7 21 219
7 22 166
7 23 255
7 24 277
7 25 100
7 26 230
7 27 66
7 28 85
7 29 39
7 30 261
7 31 103
7 32 288
7 33 261
7 34 2
7 35 253
7 36 269
7 37 262
7 38 28
7 39 12
7 40 166
7 41 261
7 42 149
7 43 259
7 44 161
7 45 75
7 46 246
7 47 251
7 48 280
7 49 250
7 50 126
7 51 294
7 52 259
7 53 282
7 54 292
7 55 228
7 56 132
7 57 291
7 58 51
7 59 92
7 60 217
7 61 252
7 62 191
7 63 243
7 64 122
7 65 143
7 66 186
7 67 16
7 68 140
7 69 219
7 70 142
7 71 298
7 72 46
7 73 200
7 74 78
7 75 74
7 76 87
7 77 294
7 78 213
7 79 171
7 80 237
7 81 294
7 82 102
7 83 154
7 84 92
7 85 73
7 86 48
7 87 77
7 88 295
7 89 175
7 90 182
7 91 34
7 92 111
7 93 136
7 94 288
7 95 137
7 96 273
7 97 200
7 98 21
7 99 94
7 100 280
8 9 278
8 10 292
8 11 140
8 12 21
8 13 192
8 14 177
8 15 192
8 16 128
8 17 212
8 18 160
8 19 209
8 20 173
8 21 174
8 22 19
8 23 87
8 24 112
8 25 200
8 26 250
8 27 1
8 28 278
8 29 76
8 30 42
8 31 30
8 32 296
8 33 266
8 34 58
8 35 238
8 36 158
8 37 123
8 38 88
8 39 95
8 40 26
8 41 25
8 42 123
8 43 267
8 44 125
8 45 19
8 46 31
8 47 116
8 48 179
8 49 152
8 50 202
8 51 70
8 52 115
8 53 179
8 54 268
8 55 1
8 56 160
8 57 144
8 58 293
8 59 92
8 60 177
8 61 213
8 62 22
8 63 77
8 64 125
8 65 203
8 66 156
8 67 121
8 68 283
8 69 214
8 70 261
8 71 146
8 72 229
8 73 11
8 74 107
8 75 223
8 76 269
8 77 90
8 78 1
8 79 243
8 80 66
8 81 289
8 82 201
8 83 86
8 84 250
8 85 236
8 86 267
8 87 165
8 88 25
8 89 290
8 90 183
8 91 117
8 92 161
8 93 222
8 94 92
8 95 265
8 96 18
8 97 84
8 98 205
8 99 275
8 100 121
9 10 45
9 11 138
9 12 132
9 13 19
9 14 11
9 15 179
9 16 173
9 17 46
9 18 288
9 19 42
9 20 35
9 21 115
9 22 265
9 23 70
9 24 265
9 25 10
9 26 169
9 27 120
9 28 188
9 29 70
9 30 130
9 31 282
9 32 256
9 33 106
9 34 6
9 35 271
9 36 97
9 37 114
9 38 198
9 39 131
9 40 260
9 41 221
9 42 90
9 43 86
9 44 146
9 45 270
9 46 26
9 47 182
9 48 235
9 49 260
9 50 196
9 51 254
9 52 293
9 53 64
9 54 20
9 55 53
9 56 122
9 57 245
9 58 201
9 59 219
9 60 157
9 61 275
9 62 48
9 63 122
9 64 258
9 65 198
9 66 161
9 67 207
9 68 65
9 69 62
9 70 100
9 71 219
9 72 177
9 73 178
9 74 68
9 75 26
9 76 239
9 77 255
9 78 163
9 79 22
9 80 145
9 81 162
9 82 248
9 83 184
9 84 76
9 85 109
9 86 221
9 87 148
9 88 265
9 89 173
9 90 107
9 91 242
9 92 115
9 93 146
9 94 67
9 95 39
9 96 0
9 97 89
9 98 47
9 99 114
9 100 2
10 11 270
10 12 202
10 13 267
10 14 207
10 15 270
10 16 139
10 17 46
10 18 15
10 19 200
10 20 223
10 21 175
10 22 242
10 23 206
10 24 299
10 25 112
10 26 208
10 27 104
10 28 240
10 29 251
10 30 73
10 31 201
10 32 193
10 33 16
10 34 145
10 35 296
10 36 223
10 37 177
10 38 143
10 39 61
10 40 135
10 41 2
10 42 87
10 43 14
10 44 146
10 45 254
10 46 118
10 47 141
10 48 238
10 49 293
10 50 114
10 51 146
10 52 288
10 53 162
10 54 183
10 55 176
10 56 195
10 57 257
10 58 134
10 59 72
10 60 220
10 61 225
10 62 206
10 63 80
10 64 246
10 65 211
10 66 198
10 67 276
10 68 210
10 69 39
10 70 128
10 71 90
10 72 283
10 73 286
10 74 186
10 75 55
10 76 40
10 77 16
10 78 249
10 79 200
10 80 269
10 81 186
10 82 217
10 83 128
10 84 274
10 85 236
10 86 124
10 87 178
10 88 244
10 89 203
10 90 226
10 91 135
10 92 262
10 93 11
10 94 78
10 95 253
10 96 142
10 97 119
10 98 94
10 99 71
10 100 188
11 12 154
11 13 113
11 14 89
11 15 224
11 16 283
11 17 61
11 18 167
11 19 49
11 20 157
11 21 217
11 22 100
11 23 124
11 24 240
11 25 64
11 26 239
11 27 211
11 28 211
11 29 5
11 30 64
11 31 238
11 32 286
11 33 2
11 34 73
11 35 261
11 36 19
11 37 285
11 38 218
11 39 85
11 40 293
11 41 262
11 42 229
11 43 263
11 44 149
11 45 200
11 46 287
11 47 156
11 48 70
11 49 34
11 50 218
11 51 290
11 52 203
11 53 31
11 54 293
11 55 42
11 56 117
11 57 5
11 58 192
11 59 76
11 60 173
11 61 91
11 62 136
11 63 197
11 64 280
11 65 191
11 66 195
11 67 49
11 68 154
11 69 17
11 70 205
11 71 150
11 72 34
11 73 29
11 74 120
11 75 226
11 76 149
11 77 224
11 78 102
11 79 125
11 80 200
11 81 156
11 82 170
11 83 100
11 84 112
11 85 236
11 86 231
11 87 202
11 88 57
11 89 267
11 90 46
11 91 207
11 92 156
11 93 275
11 94 123
11 95 189
11 96 219
11 97 145
11 98 270
11 99 298
11 100 211
12 13 214
12 14 128
12 15 246
12 16 82
12 17 202
12 18 169
12 19 121
12 20 287
12 21 204
12 22 220
12 23 290
12 24 177
12 25 2
12 26 245
12 27 81
12 28 61
12 29 280
12 30 136
12 31 236
12 32 137
12 33 74
12 34 21
12 35 227
12 36 231
12 37 54
12 38 93
12 39 130
12 40 53
12 41 66
12 42 76
12 43 81
12 44 8
12 45 100
12 46 195
12 47 258
12 48 115
12 49 293
12 50 37
12 51 120
12 52 278
12 53 24
12 54 188
12 55 32
12 56 233
12 57 267
12 58 235
12 59 83
12 60 3
12 61 19
12 62 217
12 63 190
12 64 6
12 65 53
12 66 57
12 67 176
12 68 290
12 69 267
12 70 2
12 71 23
12 72 150
12 73 261
12 74 36
12 75 98
12 76 86
12 77 216
12 78 77
12 79 8
12 80 152
12 81 106
12 82 288
12 83 156
12 84 104
12 85 260
12 86 277
12 87 79
12 88 153
12 89 292
12 90 145
12 91 132
12 92 245
12 93 226
12 94 144
12 95 225
12 96 186
12 97 129
12 98 223
12 99 269
12 100 176
13 14 111
13 15 271
13 16 160
13 17 28
13 18 19
13 19 210
13 20 176
13 21 254
13 22 83
13 23 75
13 24 232
13 25 277
13 26 4
13 27 123
13 28 189
13 29 254
13 30 166
13 31 155
13 32 298
13 33 22
13 34 154
13 35 118
13 36 131
13 37 115
13 38 182
13 39 224
13 40 267
13 41 123
13 42 20
13 43 142
13 44 210
13 45 220
13 46 19
13 47 80
13 48 279
13 49 241
13 50 138
13 51 245
13 52 47
13 53 40
13 54 164
13 55 20
13 56 133
13 57 157
13 58 123
13 59 252
13 60 119
13 61 98
13 62 34
13 63 260
13 64 225
13 65 2
13 66 241
13 67 236
13 68 125
13 69 293
13 70 192
13 71 123
13 72 31
13 73 127
13 74 122
13 75 254
13 76 199
13 77 77
13 78 274
13 79 135
13 80 295
13 81 257
13 82 118
13 83 149
13 84 164
13 85 76
13 86 146
13 87 118
13 88 84
13 89 280
13 90 130
13 91 266
13 92 42
13 93 70
13 94 293
13 95 287
13 96 206
13 97 214
13 98 277
13 99 93
13 100 92
14 15 16
14 16 169
14 17 195
14 18 174
14 19 56
14 20 167
14 21 61
14 22 173
14 23 194
14 24 33
14 25 261
14 26 171
14 27 219
14 28 207
14 29 158
14 30 9
14 31 191
14 32 299
14 33 64
14 34 67
14 35 61
14 36 289
14 37 278
14 38 292
14 39 175
14 40 2
14 41 105
14 42 0
14 43 162
14 44 204
14 45 248
14 46 88
14 47 38
14 48 116
14 49 200
14 50 171
14 51 187
14 52 51
14 53 51
14 54 221
14 55 158
14 56 214
14 57 79
14 58 152
14 59 225
14 60 98
14 61 165
14 62 100
14 63 298
14 64 162
14 65 124
14 66 196
14 67 203
14 68 101
14 69 252
14 70 101
14 71 282
14 72 95
14 73 8
14 74 286
14 75 68
14 76 47
14 77 213
14 78 23
14 79 185
14 80 111
14 81 217
14 82 176
14 83 13
14 84 256
14 85 162
14 86 85
14 87 188
14 88 297
14 89 89
14 90 217
14 91 227
14 92 67
14 93 16
14 94 247
14 95 110
14 96 120
14 97 249
14 98 65
14 99 145
14 100 265
15 16 54
15 17 214
15 18 183
15 19 159
15 20 122
15 21 56
15 22 101
15 23 285
15 24 102
15 25 173
15 26 240
15 27 142
15 28 235
15 29 272
15 30 291
15 31 36
15 32 23
15 33 96
15 34 248
15 35 165
15 36 158
15 37 167
15 38 281
15 39 214
15 40 93
15 41 153
15 42 21
15 43 26
15 44 146
15 45 127
15 46 172
15 47 91
15 48 159
15 49 266
15 50 192
15 51 11
15 52 183
15 53 288
15 54 213
15 55 296
15 56 280
15 57 212
15 58 278
15 59 51
15 60 58
15 61 13
15 62 288
15 63 220
15 64 105
15 65 222
15 66 92
15 67 231
15 68 158
15 69 199
15 70 14
15 71 89
15 72 127
15 73 126
15 74 191
15 75 150
15 76 36
15 77 52
15 78 298
15 79 235
15 80 192
15 81 260
15 82 51
15 83 199
15 84 222
15 85 298
15 86 199
15 87 2
15 88 255
15 89 5
15 90 92
15 91 72
15 92 266
15 93 42
15 94 88
15 95 107
15 96 231
15 97 276
15 98 174
15 99 93
15 100 288
16 17 123
16 18 192
16 19 52
16 20 159
16 21 257
16 22 247
16 23 119
16 24 12
16 25 12
16 26 80
16 27 65
16 28 29
16 29 214
16 30 296
16 31 270
16 32 293
16 33 117
16 34 125
16 35 230
16 36 284
16 37 187
16 38 42
16 39 259
16 40 69
16 41 252
16 42 217
16 43 279
16 44 259
16 45 277
16 46 36
16 47 83
16 48 1
16 49 68
16 50 76
16 51 226
16 52 158
16 53 57
16 54 157
16 55 19
16 56 127
16 57 52
16 58 221
16 59 244
16 60 41
16 61 255
16 62 220
16 63 246
16 64 50
16 65 78
16 66 287
16 67 290
16 68 236
16 69 55
16 70 228
16 71 67
16 72 4
16 73 230
16 74 48
16 75 114
16 76 271
16 77 30
16 78 64
16 79 234
16 80 235
16 81 182
16 82 75
16 83 198
16 84 169
16 85 117
16 86 48
16 87 173
16 88 131
16 89 238
16 90 263
16 91 90
16 92 89
16 93 246
16 94 144
16 95 280
16 96 158
16 97 146
16 98 263
16 99 207
16 100 162
17 18 69
17 19 255
17 20 44
17 21 203
17 22 110
17 23 199
17 24 190
17 25 8
17 26 262
17 27 189
17 28 270
17 29 79
17 30 260
17 31 0
17 32 181
17 33 136
17 34 112
17 35 57
17 36 155
17 37 231
17 38 154
17 39 171
17 40 253
17 41 252
17 42 111
17 43 230
17 44 240
17 45 114
17 46 98
17 47 246
17 48 157
17 49 76
17 50 265
17 51 191
17 52 244
17 53 224
17 54 114
17 55 54
17 56 115
17 57 236
17 58 280
17 59 158
17 60 190
17 61 226
17 62 33
17 63 2
17 64 46
17 65 18
17 66 20
17 67 164
17 68 114
17 69 71
17 70 56
17 71 69
17 72 110
17 73 40
17 74 260
17 75 150
17 76 39
17 77 148
17 78 231
17 79 62
17 80 266
17 81 242
17 82 280
17 83 3
17 84 107
17 85 206
17 86 34
17 87 1
17 88 40
17 89 79
17 90 78
17 91 73
17 92 296
17 93 247
17 94 130
17 95 40
17 96 51
17 97 217
17 98 293
17 99 287
17 100 104
18 19 203
18 20 30
18 21 22
18 22 178
18 23 226
18 24 75
18 25 29
18 26 274
18 27 178
18 28 12
18 29 256
18 30 228
18 31 30
18 32 52
18 33 176
18 34 226
18 35 216
18 36 214
18 37 188
18 38 108
18 39 24
18 40 55
18 41 68
18 42 113
18 43 66
18 44 115
18 45 190
18 46 44
18 47 225
18 48 82
18 49 274
18 50 257
18 51 80
18 52 34
18 53 8
18 54 176
18 55 30
18 56 274
18 57 90
18 58 182
18 59 228
18 60 164
18 61 100
18 62 174
18 63 115
18 64 149
18 65 275
18 66 130
18 67 55
18 68 175
18 69 95
18 70 21
18 71 259
18 72 262
18 73 184
18 74 210
18 75 62
18 76 145
18 77 236
18 78 195
18 79 147
18 80 121
18 81 26
18 82 223
18 83 124
18 84 292
18 85 69
18 86 272
18 87 277
18 88 165
18 89 23
18 90 276
18 91 276
18 92 127
18 93 101
18 94 177
18 95 193
18 96 254
18 97 67
18 98 199
18 99 50
18 100 34
19 20 51
19 21 267
19 22 192
19 23 269
19 24 26
19 25 229
19 26 128
19 27 224
19 28 209
19 29 19
19 30 216
19 31 29
19 32 144
19 33 68
19 34 2
19 35 194
19 36 131
19 37 89
19 38 52
19 39 64
19 40 66
19 41 288
19 42 284
19 43 143
19 44 20
19 45 176
19 46 282
19 47 296
19 48 185
19 49 177
19 50 81
19 51 193
19 52 158
19 53 238
19 54 118
19 55 231
19 56 262
19 57 104
19 58 167
19 59 184
19 60 200
19 61 127
19 62 149
19 63 254
19 64 291
19 65 224
19 66 4
19 67 244
19 68 98
19 69 20
19 70 46
19 71 97
19 72 65
19 73 116
19 74 209
19 75 56
19 76 246
19 77 187
19 78 154
19 79 193
19 80 281
19 81 256
19 82 284
19 83 130
19 84 14
19 85 252
19 86 233
19 87 148
19 88 295
19 89 213
19 90 119
19 91 215
19 92 91
19 93 31
19 94 2
19 95 279
19 96 239
19 97 203
19 98 237
19 99 142
19 100 2
20 21 156
20 22 226
20 23 64
20 24 194
20 25 253
20 26 43
20 27 41
20 28 180
20 29 84
20 30 135
20 31 285
20 32 193
20 33 164
20 34 163
20 35 197
20 36 278
20 37 57
20 38 213
20 39 9
20 40 166
20 41 192
20 42 11
20 43 146
20 44 283
20 45 280
20 46 185
20 47 130
20 48 76
20 49 36
20 50 247
20 51 253
20 52 180
20 53 166
20 54 103
20 55 22
20 56 130
20 57 171
20 58 206
20 59 232
20 60 294
20 61 22
20 62 67
20 63 210
20 64 89
20 65 250
20 66 248
20 67 126
20 68 73
20 69 135
20 70 220
20 71 178
20 72 25
20 73 247
20 74 238
20 75 284
20 76 6
20 77 181
20 78 139
20 79 39
20 80 73
20 81 43
20 82 104
20 83 154
20 84 176
20 85 13
20 86 172
20 87 170
20 88 120
20 89 97
20 90 262
20 91 200
20 92 68
20 93 181
20 94 13
20 95 252
20 96 210
20 97 188
20 98 92
20 99 136
20 100 138
21 22 219
21 23 196
21 24 92
21 25 176
21 26 107
21 27 231
21 28 106
21 29 67
21 30 257
21 31 181
21 32 24
21 33 110
21 34 55
21 35 15
21 36 148
21 37 22
21 38 249
21 39 205
21 40 186
21 41 17
21 42 290
21 43 221
21 44 31
21 45 123
21 46 39
21 47 145
21 48 238
21 49 91
21 50 224
21 51 253
21 52 199
21 53 297
21 54 94
21 55 231
21 56 219
21 57 262
21 58 227
21 59 290
21 60 241
21 61 298
21 62 295
21 63 40
21 64 17
21 65 1
21 66 228
21 67 168
21 68 84
21 69 112
21 70 145
21 71 293
21 72 218
21 73 173
21 74 152
21 75 137
21 76 151
21 77 36
21 78 86
21 79 5
21 80 285
21 81 113
21 82 111
21 83 121
21 84 240
21 85 9
21 86 134
21 87 54
21 88 213
21 89 188
21 90 284
21 91 25
21 92 93
21 93 259
21 94 58
21 95 280
21 96 223
21 97 76
21 98 31
21 99 212
21 100 292
22 23 212
22 24 61
22 25 36
22 26 78
22 27 156
22 28 113
22 29 142
22 30 52
22 31 279
22 32 26
22 33 45
22 34 205
22 35 111
22 36 259
22 37 184
22 38 145
22 39 263
22 40 200
22 41 157
22 42 266
22 43 48
22 44 234
22 45 262
22 46 284
22 47 44
22 48 114
22 49 272
22 50 198
22 51 273
22 52 211
22 53 239
22 54 60
22 55 128
22 56 194
22 57 155
22 58 161
22 59 223
22 60 96
22 61 98
22 62 153
22 63 87
22 64 1
22 65 176
22 66 242
22 67 102
22 68 10
22 69 201
22 70 81
22 71 36
22 72 133
22 73 266
22 74 113
22 75 97
22 76 291
22 77 50
22 78 272
22 79 4
22 80 186
22 81 202
22 82 160
22 83 168
22 84 290
22 85 206
22 86 126
22 87 167
22 88 92
22 89 118
22 90 206
22 91 152
22 92 65
22 93 65
22 94 137
22 95 95
22 96 200
22 97 264
22 98 114
22 99 113
22 100 271
23 24 73
23 25 180
23 26 188
23 27 254
23 28 62
23 29 66
23 30 12
23 31 114
23 32 292
23 33 220
23 34 54
23 35 30
23 36 7
23 37 273
23 38 16
23 39 133
23 40 45
23 41 131
23 42 118
23 43 210
23 44 226
23 45 136
23 46 193
23 47 189
23 48 132
23 49 32
23 50 79
23 51 71
23 52 82
23 53 56
23 54 258
23 55 49
23 56 97
23 57 131
23 58 281
23 59 146
23 60 125
23 61 223
23 62 261
23 63 93
23 64 44
23 65 172
23 66 61
23 67 160
23 68 2
23 69 286
23 70 292
23 71 131
23 72 26
23 73 103
23 74 192
23 75 175
23 76 167
23 77 94
23 78 2
23 79 2
23 80 206
23 81 56
23 82 146
23 83 286
23 84 137
23 85 239
23 86 209
23 87 170
23 88 90
23 89 238
23 90 143
23 91 104
23 92 208
23 93 186
23 94 298
23 95 75
23 96 256
23 97 89
23 98 297
23 99 138
23 100 261
24 25 32
24 26 148
24 27 229
24 28 134
24 29 255
24 30 181
24 31 33
24 32 75
24 33 190
24 34 264
24 35 133
24 36 104
24 37 145
24 38 53
24 39 152
24 40 7
24 41 101
24 42 231
24 43 176
24 44 121
24 45 23
24 46 131
24 47 184
24 48 108
24 49 286
24 50 124
24 51 168
24 52 253
24 53 175
24 54 120
24 55 221
24 56 31
24 57 262
24 58 158
24 59 7
24 60 132
24 61 227
24 62 294
24 63 151
24 64 168
24 65 235
24 66 50
24 67 32
24 68 77
24 69 189
24 70 282
24 71 260
24 72 57
24 73 193
24 74 37
24 75 91
24 76 138
24 77 293
24 78 144
24 79 110
24 80 14
24 81 295
24 82 213
24 83 53
24 84 44
24 85 130
24 86 97
24 87 8
24 88 151
24 89 294
24 90 295
24 91 185
24 92 240
24 93 42
24 94 154
24 95 27
24 96 39
24 97 121
24 98 260
24 99 200
24 100 143
25 26 285
25 27 153
25 28 296
25 29 284
25 30 261
25 31 186
25 32 205
25 33 116
25 34 219
25 35 258
25 36 186
25 37 48
25 38 192
25 39 11
25 40 106
25 41 65
25 42 188
25 43 152
25 44 153
25 45 63
25 46 58
25 47 137
25 48 141
25 49 4
25 50 245
25 51 93
25 52 249
25 53 93
25 54 281
25 55 117
25 56 264
25 57 247
25 58 284
25 59 58
25 60 85
25 61 177
25 62 179
25 63 3
25 64 141
25 65 112
25 66 94
25 67 296
25 68 286
25 69 213
25 70 83
25 71 258
25 72 8
25 73 89
25 74 133
25 75 149
25 76 86
25 77 83
25 78 78
25 79 96
25 80 226
25 81 138
25 82 128
25 83 229
25 84 78
25 85 161
25 86 79
25 87 68
25 88 13
25 89 61
25 90 143
25 91 222
25 92 125
25 93 235
25 94 137
25 95 107
25 96 4
25 97 104
25 98 25
25 99 50
25 100 159
26 27 66
26 28 110
26 29 169
26 30 148
26 31 123
26 32 15
26 33 34
26 34 187
26 35 117
26 36 81
26 37 118
26 38 268
26 39 275
26 40 170
26 41 78
26 42 109
26 43 174
26 44 90
26 45 263
26 46 298
26 47 285
26 48 220
26 49 168
26 50 43
26 51 184
26 52 260
26 53 243
26 54 2
26 55 78
26 56 260
26 57 146
26 58 71
26 59 48
26 60 18
26 61 104
26 62 139
26 63 107
26 64 74
26 65 65
26 66 165
26 67 280
26 68 1
26 69 65
26 70 133
26 71 222
26 72 187
26 73 230
26 74 148
26 75 296
26 76 267
26 77 264
26 78 187
26 79 296
26 80 294
26 81 277
26 82 64
26 83 155
26 84 226
26 85 271
26 86 64
26 87 191
26 88 82
26 89 141
26 90 111
26 91 235
26 92 254
26 93 182
26 94 66
26 95 220
26 96 184
26 97 226
26 98 105
26 99 147
26 100 40
27 28 78
27 29 11
27 30 107
27 31 99
27 32 9
27 33 62
27 34 266
27 35 56
27 36 103
27 37 254
27 38 261
27 39 122
27 40 85
27 41 87
27 42 68
27 43 128
27 44 187
27 45 43
27 46 287
27 47 15
27 48 171
27 49 144
27 50 79
27 51 71
27 52 110
27 53 229
27 54 2
27 55 242
27 56 102
27 57 33
27 58 157
27 59 117
27 60 293
27 61 235
27 62 158
27 63 247
27 64 288
27 65 176
27 66 31
27 67 274
27 68 135
27 69 83
27 70 277
27 71 279
27 72 62
27 73 30
27 74 212
27 75 51
27 76 46
27 77 78
27 78 163
27 79 259
27 80 76
27 81 246
27 82 222
27 83 103
27 84 32
27 85 97
27 86 97
27 87 287
27 88 214
27 89 166
27 90 93
27 91 287
27 92 271
27 93 70
27 94 31
27 95 21
27 96 59
27 97 40
27 98 274
27 99 94
27 100 98
28 29 254
28 30 112
28 31 164
28 32 292
28 33 19
28 34 184
28 35 73
28 36 238
28 37 298
28 38 16
28 39 124
28 40 219
28 41 285
28 42 36
28 43 223
28 44 33
28 45 296
28 46 168
28 47 180
28 48 48
28 49 69
28 50 72
28 51 50
28 52 61
28 53 211
28 54 71
28 55 276
28 56 296
28 57 127
28 58 262
28 59 101
28 60 5
28 61 105
28 62 217
28 63 7
28 64 279
28 65 161
28 66 298
28 67 28
28 68 294
28 69 128
28 70 73
28 71 247
28 72 221
28 73 114
28 74 86
28 75 93
28 76 150
28 77 14
28 78 35
28 79 292
28 80 157
28 81 211
28 82 223
28 83 298
28 84 139
28 85 44
28 86 178
28 87 43
28 88 180
28 89 221
28 90 42
28 91 269
28 92 58
28 93 163
28 94 12
28 95 283
28 96 49
28 97 212
28 98 8
28 99 108
28 100 68
29 30 55
29 31 137
29 32 28
29 33 226
29 34 106
29 35 119
29 36 280
29 37 124
29 38 80
29 39 26
29 40 287
29 41 210
29 42 42
29 43 296
29 44 20
29 45 238
29 46 58
29 47 294
29 48 165
29 49 38
29 50 29
29 51 137
29 52 169
29 53 130
29 54 113
29 55 274
29 56 36
29 57 73
29 58 262
29 59 211
29 60 292
29 61 77
29 62 67
29 63 182
29 64 128
29 65 275
29 66 274
29 67 295
29 68 22
29 69 108
29 70 56
29 71 96
29 72 83
29 73 236
29 74 116
29 75 82
29 76 62
29 77 44
29 78 117
29 79 9
29 80 181
29 81 276
29 82 204
29 83 138
29 84 193
29 85 103
29 86 128
29 87 216
29 88 207
29 89 94
29 90 195
29 91 292
29 92 254
29 93 22
29 94 164
29 95 8
29 96 157
29 97 262
29 98 175
29 99 21
29 100 257
30 31 49
30 32 173
30 33 151
30 34 157
30 35 94
30 36 182
30 37 259
30 38 52
30 39 41
30 40 41
30 41 48
30 42 181
30 43 230
30 44 243
30 45 196
30 46 267
30 47 115
30 48 33
30 49 94
30 50 3
30 51 77
30 52 118
30 53 243
30 54 135
30 55 254
30 56 272
30 57 25
30 58 120
30 59 248
30 60 182
30 61 86
30 62 229
30 63 217
30 64 278
30 65 76
30 66 170
30 67 240
30 68 106
30 69 2
30 70 40
30 71 6
30 72 145
30 73 7
30 74 1
30 75 272
30 76 38
30 77 190
30 78 167
30 79 146
30 80 126
30 81 38
30 82 111
30 83 73
30 84 207
30 85 262
30 86 174
30 87 269
30 88 61
30 89 235
30 90 287
30 91 246
30 92 15
30 93 272
30 94 299
30 95 131
30 96 160
30 97 213
30 98 67
30 99 193
30 100 243
31 32 202
31 33 125
31 34 246
31 35 227
31 36 261
31 37 187
31 38 197
31 39 36
31 40 276
31 41 243
31 42 218
31 43 210
31 44 208
31 45 233
31 46 152
31 47 167
31 48 39
31 49 73
31 50 284
31 51 205
31 52 108
31 53 38
31 54 178
31 55 26
31 56 244
31 57 48
31 58 2
31 59 96
31 60 94
31 61 289
31 62 172
31 63 211
31 64 174
31 65 99
31 66 61
31 67 248
31 68 250
31 69 105
31 70 178
31 71 6
31 72 52
31 73 101
31 74 155
31 75 256
31 76 118
31 77 239
31 78 130
31 79 45
31 80 292
31 81 44
31 82 292
31 83 267
31 84 96
31 85 136
31 86 134
31 87 125
31 88 206
31 89 112
31 90 149
31 91 132
31 92 253
31 93 154
31 94 138
31 95 163
31 96 178
31 97 52
31 98 267
31 99 47
31 100 40
32 33 189
32 34 137
32 35 37
32 36 126
32 37 67
32 38 117
32 39 125
32 40 246
32 41 77
32 42 245
32 43 155
32 44 0
32 45 180
32 46 265
32 47 43
32 48 176
32 49 35
32 50 273
32 51 192
32 52 145
32 53 269
32 54 66
32 55 277
32 56 14
32 57 60
32 58 203
32 59 255
32 60 91
32 61 16
32 62 85
32 63 238
32 64 111
32 65 91
32 66 148
32 67 143
32 68 9
32 69 252
32 70 168
32 71 243
32 72 267
32 73 92
32 74 180
32 75 118
32 76 249
32 77 94
32 78 104
32 79 10
32 80 239
32 81 270
32 82 159
32 83 37
32 84 33
32 85 195
32 86 175
32 87 232
32 88 122
32 89 24
32 90 48
32 91 123
32 92 174
32 93 218
32 94 296
32 95 189
32 96 140
32 97 231
32 98 227
32 99 9
32 100 200
33 34 293
33 35 80
33 36 37
33 37 236
33 38 42
33 39 270
33 40 68
33 41 192
33 42 296
33 43 38
33 44 130
33 45 104
33 46 239
33 47 32
33 48 35
33 49 181
33 50 289
33 51 13
33 52 296
33 53 255
33 54 167
33 55 241
33 56 209
33 57 152
33 58 7
33 59 196
33 60 149
33 61 263
33 62 78
33 63 203
33 64 101
33 65 2
33 66 251
33 67 258
33 68 170
33 69 250
33 70 297
33 71 12
33 72 196
33 73 33
33 74 295
33 75 78
33 76 81
33 77 251
33 78 44
33 79 56
33 80 87
33 81 156
33 82 166
33 83 257
33 84 225
33 85 156
33 86 150
33 87 40
33 88 76
33 89 25
33 90 137
33 91 100
33 92 207
33 93 165
33 94 157
33 95 15
33 96 130
33 97 65
33 98 166
33 99 270
33 100 21
34 35 209
34 36 93
34 37 192
34 38 6
34 39 13
34 40 100
34 41 220
34 42 42
34 43 243
34 44 45
34 45 292
34 46 234
34 47 260
34 48 3
34 49 259
34 50 28
34 51 110
34 52 267
34 53 275
34 54 4
34 55 209
34 56 231
34 57 252
34 58 244
34 59 114
34 60 114
34 61 135
34 62 155
34 63 71
34 64 277
34 65 76
34 66 146
34 67 74
34 68 274
34 69 95
34 70 58
34 71 257
34 72 201
34 73 205
34 74 230
34 75 289
34 76 294
34 77 299
34 78 294
34 79 28
34 80 293
34 81 39
34 82 38
34 83 112
34 84 123
34 85 233
34 86 226
34 87 62
34 88 259
34 89 1
34 90 79
34 91 245
34 92 285
34 93 10
34 94 125
34 95 32
34 96 8
34 97 147
34 98 220
34 99 256
34 100 249
35 36 142
35 37 15
35 38 189
35 39 53
35 40 106
35 41 266
35 42 88
35 43 52
35 44 149
35 45 86
35 46 39
35 47 142
35 48 267
35 49 182
35 50 287
35 51 15
35 52 20
35 53 106
35 54 127
35 55 95
35 56 101
35 57 58
35 58 268
35 59 129
35 60 233
35 61 145
35 62 294
35 63 231
35 64 132
35 65 106
35 66 48
35 67 87
35 68 232
35 69 95
35 70 187
35 71 123
35 72 139
35 73 264
35 74 87
35 75 295
35 76 207
35 77 50
35 78 112
35 79 190
35 80 256
35 81 221
35 82 269
35 83 272
35 84 138
35 85 27
35 86 170
35 87 110
35 88 142
35 89 19
35 90 117
35 91 138
35 92 142
35 93 3
35 94 92
35 95 214
35 96 211
35 97 84
35 98 10
35 99 295
35 100 249
36 37 287
36 38 252
36 39 41
36 40 150
36 41 115
36 42 207
36 43 124
36 44 177
36 45 272
36 46 9
36 47 110
36 48 153
36 49 75
36 50 49
36 51 275
36 52 90
36 53 107
36 54 277
36 55 260
36 56 62
36 57 263
36 58 277
36 59 53
36 60 265
36 61 198
36 62 52
36 63 291
36 64 122
36 65 32
36 66 186
36 67 174
36 68 273
36 69 42
36 70 129
36 71 271
36 72 208
36 73 223
36 74 2
36 75 199
36 76 83
36 77 33
36 78 111
36 79 216
36 80 270
36 81 9
36 82 36
36 83 208
36 84 135
36 85 169
36 86 93
36 87 63
36 88 132
36 89 156
36 90 273
36 91 166
36 92 221
36 93 183
36 94 16
36 95 269
36 96 151
36 97 195
36 98 43
36 99 182
36 100 267
37 38 283
37 39 109
37 40 271
37 41 222
37 42 225
37 43 210
37 44 145
37 45 116
37 46 88
37 47 295
37 48 25
37 49 189
37 50 225
37 51 276
37 52 111
37 53 111
37 54 25
37 55 56
37 56 299
37 57 223
37 58 212
37 59 158
37 60 57
37 61 170
37 62 184
37 63 135
37 64 155
37 65 245
37 66 298
37 67 246
37 68 118
37 69 76
37 70 68
37 71 272
37 72 270
37 73 128
37 74 290
37 75 264
37 76 273
37 77 130
37 78 65
37 79 179
37 80 166
37 81 123
37 82 152
37 83 163
37 84 19
37 85 181
37 86 215
37 87 200
37 88 102
37 89 182
37 90 237
37 91 51
37 92 111
37 93 219
37 94 100
37 95 284
37 96 58
37 97 261
37 98 29
37 99 43
37 100 230
38 39 69
38 40 278
38 41 270
38 42 166
38 43 297
38 44 259
38 45 41
38 46 42
38 47 258
38 48 32
38 49 78
38 50 229
38 51 260
38 52 55
38 53 30
38 54 285
38 55 215
38 56 194
38 57 229
38 58 282
38 59 160
38 60 225
38 61 283
38 62 90
38 63 173
38 64 253
38 65 130
38 66 108
38 67 52
38 68 244
38 69 195
38 70 101
38 71 296
38 72 119
38 73 111
38 74 95
38 75 294
38 76 260
38 77 277
38 78 233
38 79 4
38 80 235
38 81 104
38 82 270
38 83 140
38 84 292
38 85 269
38 86 101
38 87 196
38 88 152
38 89 258
38 90 93
38 91 62
38 92 166
38 93 107
38 94 202
38 95 270
38 96 19
38 97 205
38 98 283
38 99 126
38 100 65
39 40 245
39 41 128
39 42 194
39 43 194
39 44 175
39 45 83
39 46 229
39 47 217
39 48 103
39 49 176
39 50 299
39 51 249
39 52 281
39 53 147
39 54 36
39 55 62
39 56 192
39 57 212
39 58 209
39 59 217
39 60 277
39 61 122
39 62 147
39 63 145
39 64 90
39 65 186
39 66 11
39 67 67
39 68 131
39 69 269
39 70 23
39 71 133
39 72 224
39 73 273
39 74 248
39 75 108
39 76 296
39 77 244
39 78 194
39 79 119
39 80 161
39 81 222
39 82 33
39 83 135
39 84 101
39 85 25
39 86 83
39 87 62
39 88 127
39 89 192
39 90 175
39 91 133
39 92 103
39 93 1
39 94 94
39 95 278
39 96 141
39 97 127
39 98 17
39 99 174
39 100 25
40 41 85
40 42 113
40 43 289
40 44 151
40 45 45
40 46 75
40 47 16
40 48 139
40 49 14
40 50 148
40 51 247
40 52 147
40 53 46
40 54 201
40 55 223
40 56 181
40 57 167
40 58 71
40 59 155
40 60 36
40 61 90
40 62 227
40 63 253
40 64 19
40 65 219
40 66 45
40 67 251
40 68 142
40 69 150
40 70 198
40 71 188
40 72 171
40 73 13
40 74 202
40 75 25
40 76 218
40 77 182
40 78 106
40 79 203
40 80 44
40 81 7
40 82 229
40 83 127
40 84 194
40 85 281
40 86 188
40 87 176
40 88 233
40 89 159
40 90 180
40 91 132
40 92 0
40 93 80
40 94 62
40 95 0
40 96 91
40 97 38
40 98 272
40 99 29
40 100 212
41 42 247
41 43 207
41 44 40
41 45 13
41 46 118
41 47 272
41 48 93
41 49 22
41 50 38
41 51 156
41 52 249
41 53 141
41 54 42
41 55 118
41 56 158
41 57 42
41 58 203
41 59 268
41 60 281
41 61 197
41 62 248
41 63 244
41 64 221
41 65 287
41 66 105
41 67 197
41 68 92
41 69 47
41 70 252
41 71 79
41 72 178
41 73 168
41 74 120
41 75 73
41 76 30
41 77 215
41 78 136
41 79 61
41 80 42
41 81 117
41 82 214
41 83 119
41 84 173
41 85 2
41 86 27
41 87 202
41 88 97
41 89 110
41 90 173
41 91 202
41 92 257
41 93 20
41 94 269
41 95 134
41 96 22
41 97 298
41 98 70
41 99 201
41 100 52
42 43 116
42 44 45
42 45 46
42 46 163
42 47 10
42 48 41
42 49 4
42 50 197
42 51 32
42 52 94
42 53 177
42 54 146
42 55 226
42 56 141
42 57 277
42 58 4
42 59 244
42 60 159
42 61 248
42 62 22
42 63 109
42 64 40
42 65 117
42 66 13
42 67 82
42 68 203
42 69 187
42 70 183
42 71 158
42 72 28
42 73 44
42 74 216
42 75 96
42 76 142
42 77 144
42 78 250
42 79 117
42 80 165
42 81 260
42 82 163
42 83 243
42 84 200
42 85 232
42 86 270
42 87 140
42 88 61
42 89 104
42 90 170
42 91 123
42 92 179
42 93 162
42 94 223
42 95 13
42 96 219
42 97 122
42 98 71
42 99 183
42 100 109
43 44 237
43 45 232
43 46 272
43 47 86
43 48 278
43 49 15
43 50 214
43 51 184
43 52 20
43 53 202
43 54 197
43 55 299
43 56 255
43 57 229
43 58 69
43 59 75
43 60 44
43 61 105
43 62 172
43 63 75
43 64 198
43 65 139
43 66 167
43 67 298
43 68 141
43 69 240
43 70 227
43 71 67
43 72 113
43 73 246
43 74 210
43 75 40
43 76 157
43 77 218
43 78 104
43 79 296
43 80 172
43 81 124
43 82 189
43 83 81
43 84 181
43 85 111
43 86 221
43 87 254
43 88 127
43 89 206
43 90 138
43 91 250
43 92 221
43 93 145
43 94 249
43 95 71
43 96 116
43 97 294
43 98 171
43 99 202
43 100 15
44 45 17
44 46 233
44 47 123
44 48 140
44 49 224
44 50 227
44 51 197
44 52 80
44 53 137
44 54 61
44 55 281
44 56 245
44 57 182
44 58 90
44 59 263
44 60 211
44 61 6
44 62 177
44 63 23
44 64 216
44 65 272
44 66 169
44 67 18
44 68 169
44 69 201
44 70 72
44 71 275
44 72 79
44 73 286
44 74 108
44 75 287
44 76 293
44 77 108
44 78 155
44 79 182
44 80 87
44 81 183
44 82 36
44 83 1
44 84 123
44 85 234
44 86 276
44 87 122
44 88 113
44 89 176
44 90 268
44 91 69
44 92 235
44 93 238
44 94 228
44 95 198
44 96 9
44 97 119
44 98 158
44 99 36
44 100 208
45 46 77
45 47 218
45 48 164
45 49 276
45 50 297
45 51 154
45 52 242
45 53 21
45 54 272
45 55 49
45 56 35
45 57 250
45 58 291
45 59 79
45 60 142
45 61 192
45 62 105
45 63 38
45 64 277
45 65 145
45 66 228
45 67 175
45 68 190
45 69 100
45 70 255
45 71 133
45 72 198
45 73 33
45 74 291
45 75 162
45 76 23
45 77 23
45 78 80
45 79 257
45 80 279
45 81 100
45 82 105
45 83 137
45 84 45
45 85 161
45 86 59
45 87 158
45 88 284
45 89 167
45 90 209
45 91 220
45 92 92
45 93 204
45 94 80
45 95 67
45 96 44
45 97 107
45 98 155
45 99 194
45 100 141
46 47 69
46 48 157
46 49 29
46 50 293
46 51 230
46 52 29
46 53 111
46 54 154
46 55 212
46 56 124
46 57 247
46 58 30
46 59 55
46 60 90
46 61 50
46 62 223
46 63 8
46 64 124
46 65 268
46 66 214
46 67 186
46 68 19
46 69 164
46 70 167
46 71 247
46 72 290
46 73 109
46 74 255
46 75 128
46 76 236
46 77 270
46 78 152
46 79 179
46 80 138
46 81 93
46 82 142
46 83 186
46 84 216
46 85 32
46 86 105
46 87 58
46 88 239
46 89 32
46 90 275
46 91 50
46 92 115
46 93 236
46 94 217
46 95 279
46 96 27
46 97 186
46 98 132
46 99 157
46 100 293
47 48 203
47 49 6
47 50 97
47 51 78
47 52 148
47 53 8
47 54 208
47 55 182
47 56 224
47 57 139
47 58 109
47 59 192
47 60 248
47 61 268
47 62 108
47 63 229
47 64 24
47 65 197
47 66 41
47 67 229
47 68 165
47 69 100
47 70 251
47 71 130
47 72 100
47 73 179
47 74 268
47 75 56
47 76 227
47 77 190
47 78 171
47 79 30
47 80 211
47 81 100
47 82 189
47 83 294
47 84 277
47 85 157
47 86 117
47 87 284
47 88 204
47 89 274
47 90 200
47 91 54
47 92 168
47 93 76
47 94 246
47 95 38
47 96 275
47 97 16
47 98 81
47 99 198
47 100 276
48 49 133
48 50 207
48 51 104
48 52 136
48 53 39
48 54 140
48 55 226
48 56 192
48 57 269
48 58 65
48 59 196
48 60 194
48 61 138
48 62 35
48 63 129
48 64 125
48 65 121
48 66 276
48 67 68
48 68 182
48 69 55
48 70 257
48 71 213
48 72 159
48 73 288
48 74 28
48 75 134
48 76 235
48 77 197
48 78 272
48 79 14
48 80 120
48 81 113
48 82 4
48 83 34
48 84 143
48 85 39
48 86 175
48 87 292
48 88 3
48 89 18
48 90 128
48 91 122
48 92 182
48 93 254
48 94 24
48 95 158
48 96 39
48 97 238
48 98 222
48 99 97
48 100 34
49 50 53
49 51 60
49 52 83
49 53 14
49 54 207
49 55 95
49 56 239
49 57 15
49 58 5
49 59 12
49 60 262
49 61 225
49 62 124
49 63 226
49 64 254
49 65 10
49 66 11
49 67 194
49 68 189
49 69 45
49 70 257
49 71 122
49 72 57
49 73 169
49 74 75
49 75 166
49 76 68
49 77 6
49 78 9
49 79 239
49 80 153
49 81 91
49 82 224
49 83 201
49 84 110
49 85 118
49 86 106
49 87 78
49 88 108
49 89 62
49 90 183
49 91 3
49 92 23
49 93 124
49 94 281
49 95 268
49 96 131
49 97 40
49 98 1
49 99 135
49 100 193
50 51 199
50 52 267
50 53 252
50 54 140
50 55 221
50 56 103
50 57 195
50 58 219
50 59 143
50 60 138
50 61 84
50 62 186
50 63 3
50 64 181
50 65 165
50 66 120
50 67 19
50 68 127
50 69 135
50 70 150
50 71 268
50 72 66
50 73 81
50 74 113
50 75 69
50 76 241
50 77 285
50 78 253
50 79 166
50 80 16
50 81 24
50 82 231
50 83 210
50 84 167
50 85 66
50 86 95
50 87 254
50 88 58
50 89 234
50 90 7
50 91 169
50 92 230
50 93 268
50 94 205
50 95 156
50 96 23
50 97 131
50 98 210
50 99 20
50 100 49
51 52 77
51 53 266
51 54 26
51 55 210
51 56 140
51 57 183
51 58 12
51 59 220
51 60 240
51 61 113
51 62 49
51 63 225
51 64 60
51 65 238
51 66 101
51 67 236
51 68 131
51 69 11
51 70 282
51 71 124
51 72 251
51 73 145
51 74 286
51 75 128
51 76 155
51 77 105
51 78 187
51 79 82
51 80 148
51 81 255
51 82 137
51 83 239
51 84 198
51 85 36
51 86 218
51 87 82
51 88 70
51 89 94
51 90 25
51 91 252
51 92 208
51 93 46
51 94 66
51 95 115
51 96 217
51 97 80
51 98 6
51 99 277
51 100 27
52 53 116
52 54 234
52 55 61
52 56 142
52 57 74
52 58 229
52 59 205
52 60 168
52 61 249
52 62 168
52 63 278
52 64 71
52 65 79
52 66 168
52 67 129
52 68 15
52 69 184
52 70 203
52 71 240
52 72 40
52 73 284
52 74 285
52 75 273
52 76 164
52 77 154
52 78 268
52 79 215
52 80 241
52 81 118
52 82 258
52 83 8
52 84 296
52 85 45
52 86 189
52 87 283
52 88 171
52 89 294
52 90 106
52 91 123
52 92 74
52 93 27
52 94 212
52 95 181
52 96 209
52 97 72
52 98 53
52 99 64
52 100 195
53 54 249
53 55 123
53 56 92
53 57 214
53 58 151
53 59 266
53 60 34
53 61 297
53 62 59
53 63 222
53 64 289
53 65 210
53 66 48
53 67 12
53 68 175
53 69 120
53 70 230
53 71 219
53 72 185
53 73 102
53 74 109
53 75 127
53 76 288
53 77 206
53 78 27
53 79 212
53 80 235
53 81 259
53 82 97
53 83 30
53 84 108
53 85 93
53 86 147
53 87 280
53 88 197
53 89 147
53 90 284
53 91 96
53 92 132
53 93 9
53 94 30
53 95 215
53 96 39
53 97 124
53 98 137
53 99 10
53 100 167
54 55 18
54 56 17
54 57 240
54 58 222
54 59 1
54 60 117
54 61 25
54 62 42
54 63 68
54 64 190
54 65 21
54 66 212
54 67 203
54 68 183
54 69 111
54 70 145
54 71 52
54 72 46
54 73 215
54 74 279
54 75 64
54 76 146
54 77 292
54 78 197
54 79 246
54 80 129
54 81 188
54 82 196
54 83 226
54 84 72
54 85 187
54 86 79
54 87 190
54 88 165
54 89 281
54 90 250
54 91 260
54 92 264
54 93 71
54 94 96
54 95 280
54 96 92
54 97 249
54 98 123
54 99 140
54 100 115
55 56 145
55 57 47
55 58 117
55 59 40
55 60 173
55 61 238
55 62 151
55 63 74
55 64 130
55 65 71
55 66 223
55 67 65
55 68 259
55 69 235
55 70 207
55 71 148
55 72 24
55 73 19
55 74 103
55 75 1
55 76 273
55 77 53
55 78 199
55 79 42
55 80 88
55 81 68
55 82 36
55 83 248
55 84 112
55 85 54
55 86 116
55 87 36
55 88 133
55 89 84
55 90 248
55 91 291
55 92 28
55 93 147
55 94 85
55 95 65
55 96 72
55 97 261
55 98 180
55 99 171
55 100 52
56 57 145
56 58 281
56 59 108
56 60 63
56 61 251
56 62 56
56 63 268
56 64 171
56 65 230
56 66 7
56 67 222
56 68 40
56 69 54
56 70 14
56 71 4
56 72 77
56 73 61
56 74 224
56 75 12
56 76 199
56 77 211
56 78 104
56 79 56
56 80 191
56 81 161
56 82 30
56 83 25
56 84 90
56 85 241
56 86 121
56 87 60
56 88 26
56 89 46
56 90 5
56 91 242
56 92 26
56 93 7
56 94 11
56 95 105
56 96 188
56 97 119
56 98 135
56 99 138
56 100 82
57 58 141
57 59 259
57 60 86
57 61 122
57 62 14
57 63 234
57 64 134
57 65 225
57 66 157
57 67 32
57 68 162
57 69 245
57 70 250
57 71 24
57 72 178
57 73 86
57 74 260
57 75 14
57 76 8
57 77 33
57 78 44
57 79 273
57 80 28
57 81 198
57 82 299
57 83 263
57 84 13
57 85 126
57 86 123
57 87 34
57 88 37
57 89 179
57 90 240
57 91 258
57 92 211
57 93 17
57 94 179
57 95 91
57 96 152
57 97 148
57 98 283
57 99 0
57 100 148
58 59 150
58 60 196
58 61 269
58 62 263
58 63 108
58 64 91
58 65 188
58 66 96
58 67 270
58 68 110
58 69 124
58 70 23
58 71 38
58 72 127
58 73 128
58 74 147
58 75 106
58 76 119
58 77 214
58 78 218
58 79 265
58 80 138
58 81 252
58 82 283
58 83 178
58 84 228
58 85 121
58 86 272
58 87 95
58 88 234
58 89 202
58 90 247
58 91 68
58 92 199
58 93 235
58 94 282
58 95 291
58 96 14
58 97 283
58 98 293
58 99 9
58 100 41
59 60 38
59 61 183
59 62 81
59 63 283
59 64 236
59 65 281
59 66 109
59 67 253
59 68 101
59 69 222
59 70 273
59 71 280
59 72 175
59 73 239
59 74 148
59 75 170
59 76 212
59 77 231
59 78 13
59 79 157
59 80 250
59 81 24
59 82 115
59 83 203
59 84 234
59 85 201
59 86 54
59 87 99
59 88 175
59 89 39
59 90 134
59 91 126
59 92 81
59 93 102
59 94 12
59 95 82
59 96 168
59 97 39
59 98 229
59 99 284
59 100 289
60 61 235
60 62 206
60 63 88
60 64 130
60 65 190
60 66 147
60 67 126
60 68 231
60 69 23
60 70 84
60 71 239
60 72 98
60 73 133
60 74 141
60 75 221
60 76 207
60 77 273
60 78 88
60 79 74
60 80 62
60 81 200
60 82 17
60 83 96
60 84 29
60 85 134
60 86 115
60 87 231
60 88 118
60 89 238
60 90 231
60 91 181
60 92 192
60 93 229
60 94 194
60 95 46
60 96 174
60 97 14
60 98 129
60 99 230
60 100 162
61 62 146
61 63 95
61 64 263
61 65 132
61 66 194
61 67 102
61 68 145
61 69 61
61 70 152
61 71 88
61 72 55
61 73 151
61 74 167
61 75 60
61 76 110
61 77 269
61 78 154
61 79 154
61 80 241
61 81 10
61 82 3
61 83 192
61 84 187
61 85 23
61 86 160
61 87 196
61 88 291
61 89 290
61 90 62
61 91 257
61 92 205
61 93 176
61 94 65
61 95 115
61 96 18
61 97 250
61 98 77
61 99 34
61 100 99
62 63 258
62 64 174
62 65 172
62 66 240
62 67 213
62 68 54
62 69 14
62 70 278
62 71 16
62 72 32
62 73 117
62 74 232
62 75 254
62 76 163
62 77 104
62 78 161
62 79 243
62 80 72
62 81 166
62 82 279
62 83 129
62 84 90
62 85 131
62 86 239
62 87 106
62 88 179
62 89 284
62 90 233
62 91 217
62 92 63
62 93 289
62 94 275
62 95 129
62 96 61
62 97 1
62 98 42
62 99 25
62 100 119
63 64 243
63 65 7
63 66 158
63 67 203
63 68 141
63 69 19
63 70 102
63 71 144
63 72 123
63 73 88
63 74 82
63 75 204
63 76 90
63 77 5
63 78 207
63 79 104
63 80 92
63 81 48
63 82 34
63 83 231
63 84 160
63 85 1
63 86 13
63 87 203
63 88 134
63 89 233
63 90 33
63 91 102
63 92 160
63 93 291
63 94 221
63 95 185
63 96 11
63 97 53
63 98 296
63 99 82
63 100 40
64 65 266
64 66 108
64 67 221
64 68 139
64 69 158
64 70 131
64 71 103
64 72 115
64 73 130
64 74 33
64 75 44
64 76 244
64 77 276
64 78 20
64 79 196
64 80 278
64 81 252
64 82 142
64 83 118
64 84 12
64 85 106
64 86 216
64 87 121
64 88 202
64 89 135
64 90 290
64 91 17
64 92 137
64 93 144
64 94 274
64 95 284
64 96 234
64 97 150
64 98 148
64 99 270
64 100 215
65 66 82
65 67 142
65 68 115
65 69 45
65 70 154
65 71 138
65 72 183
65 73 78
65 74 66
65 75 214
65 76 110
65 77 248
65 78 8
65 79 185
65 80 39
65 81 47
65 82 44
65 83 262
65 84 88
65 85 52
65 86 24
65 87 288
65 88 84
65 89 192
65 90 252
65 91 138
65 92 154
65 93 178
65 94 116
65 95 144
65 96 221
65 97 265
65 98 285
65 99 274
65 100 275
66 67 72
66 68 207
66 69 283
66 70 168
66 71 14
66 72 169
66 73 206
66 74 164
66 75 271
66 76 157
66 77 32
66 78 88
66 79 41
66 80 210
66 81 254
66 82 9
66 83 256
66 84 248
66 85 146
66 86 37
66 87 226
66 88 277
66 89 197
66 90 239
66 91 40
66 92 202
66 93 283
66 94 46
66 95 229
66 96 177
66 97 212
66 98 188
66 99 296
66 100 142
67 68 51
67 69 52
67 70 47
67 71 51
67 72 14
67 73 91
67 74 35
67 75 48
67 76 114
67 77 115
67 78 96
67 79 264
67 80 2
67 81 24
67 82 74
67 83 128
67 84 35
67 85 34
67 86 255
67 87 198
67 88 167
67 89 288
67 90 183
67 91 134
67 92 189
67 93 134
67 94 5
67 95 28
67 96 40
67 97 119
67 98 123
67 99 183
67 100 252
68 69 115
68 70 203
68 71 108
68 72 0
68 73 74
68 74 13
68 75 218
68 76 107
68 77 159
68 78 72
68 79 150
68 80 155
68 81 158
68 82 124
68 83 22
68 84 271
68 85 122
68 86 70
68 87 279
68 88 110
68 89 231
68 90 119
68 91 229
68 92 54
68 93 44
68 94 207
68 95 101
68 96 187
68 97 51
68 98 129
68 99 204
68 100 158
69 70 102
69 71 91
69 72 254
69 73 11
69 74 66
69 75 255
69 76 253
69 77 181
69 78 128
69 79 278
69 80 293
69 81 97
69 82 196
69 83 157
69 84 35
69 85 267
69 86 49
69 87 56
69 88 15
69 89 21
69 90 192
69 91 292
69 92 170
69 93 209
69 94 245
69 95 21
69 96 7
69 97 77
69 98 139
69 99 87
69 100 146
70 71 258
70 72 113
70 73 127
70 74 220
70 75 259
70 76 180
70 77 124
70 78 65
70 79 282
70 80 57
70 81 11
70 82 206
70 83 91
70 84 105
70 85 181
70 86 256
70 87 293
70 88 205
70 89 81
70 90 296
70 91 248
70 92 227
70 93 167
70 94 188
70 95 279
70 96 243
70 97 278
70 98 279
70 99 296
70 100 212
71 72 230
71 73 14
71 74 207
71 75 296
71 76 248
71 77 87
71 78 27
71 79 240
71 80 278
71 81 166
71 82 266
71 83 78
71 84 295
71 85 23
71 86 156
71 87 200
71 88 219
71 89 184
71 90 20
71 91 60
71 92 4
71 93 254
71 94 254
71 95 155
71 96 160
71 97 85
71 98 198
71 99 175
71 100 170
72 73 249
72 74 89
72 75 179
72 76 251
72 77 290
72 78 86
72 79 178
72 80 126
72 81 204
72 82 37
72 83 223
72 84 80
72 85 152
72 86 152
72 87 160
72 88 35
72 89 124
72 90 161
72 91 29
72 92 214
72 93 289
72 94 6
72 95 177
72 96 133
72 97 0
72 98 132
72 99 206
72 100 235
73 74 236
73 75 241
73 76 162
73 77 279
73 78 248
73 79 27
73 80 203
73 81 52
73 82 18
73 83 227
73 84 194
73 85 274
73 86 151
73 87 17
73 88 181
73 89 183
73 90 95
73 91 232
73 92 237
73 93 18
73 94 66
73 95 202
73 96 231
73 97 29
73 98 196
73 99 230
73 100 119
74 75 293
74 76 283
74 77 152
74 78 125
74 79 297
74 80 226
74 81 80
74 82 279
74 83 154
74 84 34
74 85 47
74 86 107
74 87 53
74 88 28
74 89 57
74 90 6
74 91 24
74 92 247
74 93 175
74 94 259
74 95 281
74 96 101
74 97 36
74 98 155
74 99 51
74 100 248
75 76 53
75 77 161
75 78 251
75 79 24
75 80 191
75 81 276
75 82 126
75 83 233
75 84 184
75 85 238
75 86 190
75 87 288
75 88 46
75 89 94
75 90 184
75 91 217
75 92 22
75 93 108
75 94 10
75 95 133
75 96 152
75 97 196
75 98 112
75 99 87
75 100 68
76 77 69
76 78 276
76 79 90
76 80 197
76 81 79
76 82 231
76 83 253
76 84 111
76 85 8
76 86 191
76 87 65
76 88 60
76 89 80
76 90 125
76 91 156
76 92 260
76 93 213
76 94 225
76 95 136
76 96 223
76 97 273
76 98 74
76 99 229
76 100 11
77 78 20
77 79 215
77 80 230
77 81 34
77 82 99
77 83 111
77 84 238
77 85 174
77 86 219
77 87 121
77 88 215
77 89 118
77 90 8
77 91 293
77 92 204
77 93 166
77 94 142
77 95 118
77 96 62
77 97 245
77 98 12
77 99 223
77 100 112
78 79 161
78 80 217
78 81 295
78 82 52
78 83 271
78 84 78
78 85 162
78 86 65
78 87 299
78 88 203
78 89 216
78 90 222
78 91 187
78 92 219
78 93 174
78 94 249
78 95 191
78 96 165
78 97 15
78 98 71
78 99 126
78 100 197
79 80 289
79 81 40
79 82 111
79 83 105
79 84 294
79 85 217
79 86 11
79 87 278
79 88 56
79 89 124
79 90 43
79 91 53
79 92 136
79 93 74
79 94 50
79 95 3
79 96 299
79 97 64
79 98 283
79 99 272
79 100 238
80 81 21
80 82 84
80 83 85
80 84 209
80 85 55
80 86 287
80 87 222
80 88 251
80 89 137
80 90 5
80 91 248
80 92 193
80 93 264
80 94 229
80 95 195
80 96 217
80 97 278
80 98 149
80 99 246
80 100 137
81 82 222
81 83 154
81 84 278
81 85 269
81 86 142
81 87 35
81 88 66
81 89 205
81 90 115
81 91 236
81 92 23
81 93 62
81 94 59
81 95 122
81 96 269
81 97 91
81 98 106
81 99 282
81 100 134
82 83 202
82 84 207
82 85 262
82 86 55
82 87 175
82 88 174
82 89 288
82 90 272
82 91 226
82 92 3
82 93 34
82 94 172
82 95 229
82 96 124
82 97 124
82 98 156
82 99 299
82 100 18
83 84 264
83 85 55
83 86 131
83 87 184
83 88 136
83 89 46
83 90 228
83 91 77
83 92 150
83 93 297
83 94 102
83 95 125
83 96 124
83 97 292
83 98 79
83 99 227
83 100 97
84 85 186
84 86 261
84 87 91
84 88 30
84 89 44
84 90 175
84 91 140
84 92 36
84 93 12
84 94 120
84 95 71
84 96 144
84 97 150
84 98 278
84 99 243
84 100 183
85 86 20
85 87 97
85 88 28
85 89 124
85 90 77
85 91 237
85 92 204
85 93 31
85 94 191
85 95 29
85 96 72
85 97 81
85 98 158
85 99 156
85 100 272
86 87 208
86 88 220
86 89 135
86 90 212
86 91 203
86 92 93
86 93 295
86 94 186
86 95 276
86 96 128
86 97 5
86 98 261
86 99 232
86 100 165
87 88 280
87 89 219
87 90 74
87 91 43
87 92 184
87 93 270
87 94 212
87 95 184
87 96 161
87 97 229
87 98 265
87 99 66
87 100 261
88 89 0
88 90 289
88 91 153
88 92 90
88 93 175
88 94 191
88 95 92
88 96 137
88 97 164
88 98 110
88 99 119
88 100 257
89 90 20
89 91 132
89 92 19
89 93 114
89 94 90
89 95 32
89 96 26
89 97 201
89 98 257
89 99 218
89 100 75
90 91 256
90 92 120
90 93 71
90 94 86
90 95 83
90 96 153
90 97 274
90 98 192
90 99 73
90 100 3
91 92 166
91 93 275
91 94 289
91 95 257
91 96 67
91 97 133
91 98 297
91 99 157
91 100 208
92 93 192
92 94 107
92 95 168
92 96 295
92 97 232
92 98 228
92 99 278
92 100 66
93 94 36
93 95 10
93 96 294
93 97 186
93 98 90
93 99 71
93 100 265
94 95 211
94 96 107
94 97 50
94 98 77
94 99 148
94 100 193
95 96 118
95 97 7
95 98 249
95 99 235
95 100 168
96 97 63
96 98 120
96 99 147
96 100 243
97 98 217
97 99 59
97 100 102
98 99 257
98 100 219
99 100 268
