100 4950
1 2 83
1 3 230
1 4 40
1 5 31
1 6 237
1 7 39
1 8 90
1 9 153
1 10 6
1 11 12
1 12 49
1 13 194
1 14 197
1 15 192
1 16 12
1 17 21
1 18 48
1 19 297
1 20 79
1 21 57
1 22 187
1 23 39
1 24 36
1 25 65
1 26 171
1 27 15
1 28 214
1 29 103
1 30 211
1 31 186
1 32 118
1 33 25
1 34 194
1 35 125
1 36 35
1 37 56
1 38 269
1 39 22
1 40 166
1 41 31
1 42 0
1 43 6
1 44 32
1 45 32
1 46 142
1 47 31
1 48 78
1 49 70
1 50 283
1 51 249
1 52 244
1 53 299
1 54 202
1 55 71
1 56 247
1 57 277
1 58 6
1 59 68
1 60 150
1 61 299
1 62 136
1 63 160
1 64 11
1 65 1
1 66 41
1 67 244
1 68 282
1 69 37
1 70 253
1 71 295
1 72 250
1 73 160
1 74 181
1 75 291
1 76 279
1 77 106
1 78 285
1 79 42
1 80 166
1 81 4
1 82 93
1 83 32
1 84 283
1 85 223
1 86 162
1 87 256
1 88 219
1 89 228
1 90 224
1 91 206
1 92 297
1 93 229
1 94 249
1 95 7
1 96 260
1 97 265
1 98 56
1 99 111
1 100 171
2 3 62
2 4 241
2 5 198
2 6 31
2 7 130
2 8 256
2 9 15
2 10 288
2 11 15
2 12 290
2 13 278
2 14 170
2 15 104
2 16 89
2 17 129
2 18 78
2 19 53
2 20 80
2 21 191
2 22 230
2 23 87
2 24 255
2 25 70
2 26 187
2 27 279
2 28 23
2 29 85
2 30 234
2 31 247
2 32 227
2 33 159
2 34 246
2 35 259
2 36 49
2 37 247
2 38 126
2 39 9
2 40 149
2 41 245
2 42 241
2 43 102
2 44 11
2 45 68
2 46 235
2 47 80
2 48 220
2 49 157
2 50 242
2 51 199
2 52 20
2 53 289
2 54 255
2 55 17
2 56 6
2 57 121
2 58 164
2 59 291
2 60 153
2 61 170
2 62 286
2 63 180
2 64 128
2 65 9
2 66 102
2 67 152
2 68 109
2 69 4
2 70 247
2 71 130
2 72 212
2 73 113
2 74 1
2 75 169
2 76 116
2 77 54
2 78 205
2 79 240
2 80 98
2 81 253
2 82 3
2 83 35
2 84 76
2 85 116
2 86 81
2 87 212
2 88 180
2 89 277
2 90 96
2 91 60
2 92 237
2 93 67
2 94 99
2 95 141
2 96 248
2 97 163
2 98 262
2 99 41
2 100 297
3 4 120
3 5 216
3 6 252
3 7 55
3 8 186
3 9 81
3 10 105
3 11 154
3 12 20
3 13 200
3 14 137
3 15 223
3 16 67
3 17 144
3 18 239
3 19 280
3 20 42
3 21 215
3 22 92
3 23 49
3 24 295
3 25 109
3 26 261
3 27 3
3 28 132
3 29 237
3 30 72
3 31 208
3 32 147
3 33 136
3 34 214
3 35 134
3 36 199
3 37 111
3 38 118
3 39 68
3 40 83
3 41 128
3 42 28
3 43 162
3 44 266
3 45 205
3 46 275
3 47 65
3 48 272
3 49 81
3 50 47
3 51 267
3 52 68
3 53 40
3 54 221
3 55 261
3 56 84
3 57 75
3 58 224
3 59 189
3 60 42
3 61 81
3 62 44
3 63 90
3 64 101
3 65 169
3 66 243
3 67 221
3 68 285
3 69 58
3 70 30
3 71 77
3 72 209
3 73 292
3 74 212
3 75 174
3 76 247
3 77 75
3 78 10
3 79 104
3 80 39
3 81 286
3 82 79
3 83 164
3 84 95
3 85 173
3 86 8
3 87 171
3 88 289
3 89 208
3 90 177
3 91 35
3 92 107
3 93 95
3 94 43
3 95 287
3 96 28
3 97 283
3 98 97
3 99 188
3 100 12
4 5 116
4 6 31
4 7 141
4 8 2
4 9 92
4 10 5
4 11 193
4 12 227
4 13 2
4 14 182
4 15 252
4 16 169
4 17 282
4 18 43
4 19 116
4 20 231
4 21 121
4 22 193
4 23 137
4 24 9
4 25 240
4 26 292
4 27 168
4 28 100
4 29 217
4 30 214
4 31 110
4 32 33
4 33 3
4 34 214
4 35 160
4 36 149
4 37 106
4 38 237
4 39 38
4 40 218
4 41 269
4 42 189
4 43 269
4 44 78
4 45 272
4 46 258
4 47 210
4 48 18
4 49 150
4 50 247
4 51 57
4 52 223
4 53 297
4 54 238
4 55 123
4 56 122
4 57 191
4 58 144
4 59 225
4 60 77
4 61 250
4 62 289
4 63 102
4 64 294
4 65 129
4 66 272
4 67 119
4 68 28
4 69 35
4 70 182
4 71 193
4 72 88
4 73 249
4 74 217
4 75 156
4 76 272
4 77 175
4 78 245
4 79 179
4 80 125
4 81 119
4 82 170
4 83 160
4 84 11
4 85 149
4 86 281
4 87 199
4 88 69
4 89 27
4 90 219
4 91 94
4 92 142
4 93 233
4 94 12
4 95 42
4 96 44
4 97 20
4 98 108
4 99 34
4 100 83
5 6 168
5 7 172
5 8 88
5 9 76
5 10 42
5 11 145
5 12 296
5 13 186
5 14 126
5 15 287
5 16 215
5 17 56
5 18 20
5 19 274
5 20 199
5 21 1
5 22 179
5 23 181
5 24 120
5 25 44
5 26 291
5 27 137
5 28 205
5 29 172
5 30 265
5 31 11
5 32 116
5 33 101
5 34 61
5 35 172
5 36 254
5 37 18
5 38 37
5 39 82
5 40 267
5 41 206
5 42 75
5 43 49
5 44 87
5 45 98
5 46 17
5 47 67
5 48 36
5 49 129
5 50 111
5 51 242
5 52 33
5 53 109
5 54 289
5 55 36
5 56 41
5 57 97
5 58 232
5 59 298
5 60 72
5 61 52
5 62 221
5 63 249
5 64 258
5 65 105
5 66 177
5 67 17
5 68 175
5 69 70
5 70 61
5 71 47
5 72 113
5 73 218
5 74 190
5 75 121
5 76 266
5 77 54
5 78 185
5 79 235
5 80 219
5 81 39
5 82 89
5 83 9
5 84 126
5 85 16
5 86 12
5 87 235
5 88 49
5 89 247
5 90 164
5 91 46
5 92 180
5 93 272
5 94 136
5 95 222
5 96 36
5 97 4
5 98 295
5 99 274
5 100 182
6 7 111
6 8 181
6 9 159
6 10 214
6 11 168
6 12 13
6 13 70
6 14 269
6 15 160
6 16 7
6 17 105
6 18 52
6 19 220
6 20 276
6 21 47
6 22 217
6 23 49
6 24 192
6 25 36
6 26 235
6 27 165
6 28 32
6 29 214
6 30 30
6 31 72
6 32 132
6 33 186
6 34 6
6 35 279
6 36 90
6 37 221
6 38 257
6 39 209
6 40 115
6 41 11
6 42 30
6 43 62
6 44 217
6 45 48
6 46 34
6 47 129
6 48 242
6 49 7
6 50 133
6 51 58
6 52 64
6 53 124
6 54 148
6 55 123
6 56 189
6 57 57
6 58 126
6 59 187
6 60 176
6 61 124
6 62 202
6 63 136
6 64 272
6 65 148
6 66 97
6 67 14
6 68 177
6 69 69
6 70 72
6 71 185
6 72 68
6 73 130
6 74 113
6 75 287
6 76 51
6 77 183
6 78 10
6 79 69
6 80 216
6 81 140
6 82 61
6 83 133
6 84 169
6 85 261
6 86 283
6 87 73
6 88 155
6 89 5
6 90 7
6 91 73
6 92 287
6 93 245
6 94 193
6 95 168
6 96 35
6 97 130
6 98 183
6 99 191
6 100 229
7 8 109
7 9 114
7 10 91
7 11 284
7 12 116
7 13 292
7 14 39
7 15 227
7 16 232
7 17 283
7 18 159
7 19 94
7 20 69
7 21 251
7 22 222
7 23 66
7 24 127
7 25 272
7 26 288
7 27 296
7 28 90
7 29 293
7 30 0
7 31 88
7 32 175
7 33 124
7 34 170
7 35 193
7 36 234
7 37 191
7 38 105
7 39 299
7 40 31
7 41 292
7 42 44
7 43 160
7 44 13
7 45 104
7 46 50
7 47 89
7 48 27
7 49 4
7 50 239
7 51 136
7 52 242
7 53 1
7 54 20
7 55 17
7 56 143
7 57 79
7 58 96
7 59 191
7 60 129
7 61 13
7 62 149
7 63 246
7 64 181
7 65 55
7 66 241
7 67 27
7 68 180
7 69 109
7 70 198
7 71 143
7 72 26
7 73 278
7 74 215
7 75 59
7 76 123
7 77 3
7 78 74
7 79 97
7 80 178
7 81 5
7 82 140
7 83 175
7 84 61
7 85 57
7 86 146
7 87 149
7 88 176
7 89 211
7 90 136
7 91 178
7 92 45
7 93 157
7 94 182
7 95 90
7 96 134
7 97 289
7 98 232
7 99 265
7 100 25
8 9 163
8 10 228
8 11 211
8 12 186
8 13 91
8 14 150
8 15 249
8 16 37
8 17 193
8 18 230
8 19 79
8 20 104
8 21 251
8 22 104
8 23 75
8 24 99
8 25 249
8 26 259
8 27 71
8 28 62
8 29 19
8 30 290
8 31 169
8 32 193
8 33 154
8 34 272
8 35 216
8 36 25
8 37 294
8 38 176
8 39 177
8 40 210
8 41 254
8 42 115
8 43 286
8 44 299
8 45 204
8 46 167
8 47 5
8 48 21
8 49 225
8 50 81
8 51 119
8 52 19
8 53 213
8 54 161
8 55 250
8 56 6
8 57 161
8 58 42
8 59 216
8 60 230
8 61 81
8 62 66
8 63 124
8 64 31
8 65 273
8 66 243
8 67 288
8 68 86
8 69 83
8 70 182
8 71 136
8 72 171
8 73 244
8 74 242
8 75 290
8 76 262
8 77 10
8 78 117
8 79 245
8 80 59
8 81 236
8 82 92
8 83 199
8 84 288
8 85 177
8 86 180
8 87 39
8 88 12
8 89 296
8 90 252
8 91 144
8 92 270
8 93 132
8 94 198
8 95 270
8 96 14
8 97 24
8 98 184
8 99 190
8 100 243
9 10 14
9 11 98
9 12 13
9 13 161
9 14 280
9 15 278
9 16 1
9 17 220
9 18 35
9 19 221
9 20 13
9 21 251
9 22 77
9 23 129
9 24 53
9 25 22
9 26 89
9 27 279
9 28 165
9 29 114
9 30 257
9 31 29
9 32 268
9 33 29
9 34 154
9 35 165
9 36 145
9 37 142
9 38 1
9 39 6
9 40 158
9 41 127
9 42 86
9 43 58
9 44 186
9 45 171
9 46 292
9 47 82
9 48 52
9 49 228
9 50 1
9 51 277
9 52 290
9 53 67
9 54 185
9 55 50
9 56 41
9 57 33
9 58 28
9 59 130
9 60 15
9 61 19
9 62 229
9 63 286
9 64 156
9 65 72
9 66 241
9 67 83
9 68 238
9 69 147
9 70 50
9 71 297
9 72 94
9 73 78
9 74 65
9 75 270
9 76 257
9 77 12
9 78 174
9 79 193
9 80 188
9 81 143
9 82 16
9 83 79
9 84 124
9 85 285
9 86 230
9 87 82
9 88 54
9 89 214
9 90 171
9 91 71
9 92 195
9 93 70
9 94 37
9 95 152
9 96 109
9 97 14
9 98 202
9 99 157
9 100 203
10 11 197
10 12 154
10 13 258
10 14 204
10 15 238
10 16 80
10 17 16
10 18 3
10 19 281
10 20 64
10 21 266
10 22 76
10 23 187
10 24 235
10 25 102
10 26 91
10 27 193
10 28 223
10 29 128
10 30 205
10 31 209
10 32 251
10 33 163
10 34 14
10 35 290
10 36 134
10 37 29
10 38 267
10 39 148
10 40 209
10 41 251
10 42 33
10 43 120
10 44 166
10 45 10
10 46 100
10 47 105
10 48 28
10 49 118
10 50 5
10 51 31
10 52 54
10 53 234
10 54 147
10 55 142
10 56 295
10 57 202
10 58 57
10 59 95
10 60 225
10 61 279
10 62 82
10 63 0
10 64 167
10 65 247
10 66 10
10 67 82
10 68 255
10 69 234
10 70 23
10 71 162
10 72 53
10 73 247
10 74 208
10 75 136
10 76 102
10 77 221
10 78 45
10 79 245
10 80 143
10 81 277
10 82 264
10 83 153
10 84 278
10 85 94
10 86 28
10 87 68
10 88 188
10 89 131
10 90 130
10 91 189
10 92 181
10 93 8
10 94 69
10 95 111
10 96 287
10 97 10
10 98 100
10 99 193
10 100 146
11 12 70
11 13 159
11 14 272
11 15 70
11 16 246
11 17 165
11 18 166
11 19 193
11 20 36
11 21 138
11 22 30
11 23 196
11 24 197
11 25 250
11 26 107
11 27 70
11 28 23
11 29 72
11 30 120
11 31 3
11 32 60
11 33 49
11 34 99
11 35 248
11 36 143
11 37 49
11 38 158
11 39 156
11 40 38
11 41 195
11 42 230
11 43 113
11 44 31
11 45 78
11 46 273
11 47 230
11 48 269
11 49 39
11 50 144
11 51 59
11 52 7
11 53 110
11 54 255
11 55 22
11 56 292
11 57 226
11 58 82
11 59 127
11 60 256
11 61 42
11 62 244
11 63 130
11 64 51
11 65 155
11 66 251
11 67 57
11 68 58
11 69 112
11 70 20
11 71 192
11 72 133
11 73 298
11 74 292
11 75 207
11 76 208
11 77 70
11 78 222
11 79 295
11 80 83
11 81 30
11 82 291
11 83 52
11 84 249
11 85 185
11 86 90
11 87 47
11 88 185
11 89 51
11 90 149
11 91 7
11 92 231
11 93 20
11 94 295
11 95 140
11 96 294
11 97 242
11 98 109
11 99 226
11 100 82
12 13 118
12 14 157
12 15 252
12 16 161
12 17 52
12 18 139
12 19 31
12 20 247
12 21 106
12 22 217
12 23 76
12 24 26
12 25 76
12 26 259
12 27 127
12 28 136
12 29 14
12 30 92
12 31 13
12 32 9
12 33 253
12 34 56
12 35 175
12 36 3
12 37 89
12 38 76
12 39 182
12 40 106
12 41 233
12 42 185
12 43 215
12 44 151
12 45 239
12 46 162
12 47 223
12 48 235
12 49 45
12 50 0
12 51 280
12 52 235
12 53 104
12 54 9
12 55 149
12 56 124
12 57 162
12 58 37
12 59 142
12 60 116
12 61 261
12 62 16
12 63 144
12 64 99
12 65 241
12 66 247
12 67 184
12 68 133
12 69 82
12 70 180
12 71 55
12 72 243
12 73 157
12 74 175
12 75 288
12 76 73
12 77 226
12 78 292
12 79 169
12 80 212
12 81 292
12 82 196
12 83 71
12 84 294
12 85 123
12 86 21
12 87 10
12 88 246
12 89 158
12 90 116
12 91 263
12 92 112
12 93 36
12 94 145
12 95 105
12 96 164
12 97 48
12 98 50
12 99 55
12 100 52
13 14 134
13 15 173
13 16 214
13 17 86
13 18 93
13 19 212
13 20 237
13 21 138
13 22 263
13 23 216
13 24 292
13 25 116
13 26 292
13 27 27
13 28 59
13 29 60
13 30 71
13 31 224
13 32 128
13 33 171
13 34 270
13 35 186
13 36 179
13 37 7
13 38 267
13 39 128
13 40 68
13 41 183
13 42 48
13 43 257
13 44 247
13 45 101
13 46 127
13 47 6
13 48 140
13 49 252
13 50 189
13 51 37
13 52 190
13 53 239
13 54 184
13 55 103
13 56 124
13 57 214
13 58 246
13 59 169
13 60 11
13 61 20
13 62 226
13 63 17
13 64 194
13 65 224
13 66 94
13 67 241
13 68 122
13 69 145
13 70 90
13 71 117
13 72 152
13 73 88
13 74 226
13 75 196
13 76 33
13 77 232
13 78 217
13 79 207
13 80 203
13 81 290
13 82 67
13 83 49
13 84 142
13 85 204
13 86 79
13 87 210
13 88 117
13 89 257
13 90 214
13 91 249
13 92 274
13 93 74
13 94 13
13 95 284
13 96 228
13 97 133
13 98 124
13 99 7
13 100 175
14 15 113
14 16 212
14 17 173
14 18 92
14 19 4
14 20 71
14 21 141
14 22 131
14 23 285
14 24 16
14 25 48
14 26 121
14 27 141
14 28 124
14 29 294
14 30 86
14 31 73
14 32 170
14 33 270
14 34 82
14 35 65
14 36 216
14 37 239
14 38 147
14 39 222
14 40 43
14 41 288
14 42 208
14 43 139
14 44 211
14 45 65
14 46 198
14 47 22
14 48 107
14 49 30
14 50 159
14 51 140
14 52 32
14 53 139
14 54 185
14 55 204
14 56 239
14 57 124
14 58 190
14 59 283
14 60 285
14 61 86
14 62 36
14 63 276
14 64 294
14 65 112
14 66 30
14 67 3
14 68 11
14 69 198
14 70 56
14 71 254
14 72 117
14 73 62
14 74 276
14 75 40
14 76 177
14 77 258
14 78 77
14 79 296
14 80 269
14 81 121
14 82 158
14 83 21
14 84 134
14 85 220
14 86 295
14 87 273
14 88 160
14 89 263
14 90 270
14 91 115
14 92 96
14 93 112
14 94 118
14 95 245
14 96 14
14 97 295
14 98 163
14 99 241
14 100 55
15 16 61
15 17 156
15 18 162
15 19 117
15 20 35
15 21 63
15 22 29
15 23 165
15 24 120
15 25 201
15 26 6
15 27 82
15 28 109
15 29 204
15 30 66
15 31 22
15 32 47
15 33 70
15 34 29
15 35 238
15 36 185
15 37 114
15 38 131
15 39 86
15 40 210
15 41 113
15 42 110
15 43 29
15 44 22
15 45 94
15 46 117
15 47 284
15 48 210
15 49 262
15 50 81
15 51 194
15 52 299
15 53 32
15 54 65
15 55 207
15 56 261
15 57 1
15 58 161
15 59 81
15 60 207
15 61 130
15 62 29
15 63 89
15 64 168
15 65 298
15 66 297
15 67 276
15 68 80
15 69 112
15 70 253
15 71 228
15 72 256
15 73 119
15 74 137
15 75 131
15 76 214
15 77 291
15 78 55
15 79 138
15 80 81
15 81 29
15 82 240
15 83 99
15 84 0
15 85 240
15 86 250
15 87 109
15 88 229
15 89 89
15 90 298
15 91 231
15 92 234
15 93 92
15 94 154
15 95 257
15 96 125
15 97 218
15 98 84
15 99 177
15 100 296
16 17 243
16 18 57
16 19 249
16 20 257
16 21 120
16 22 50
16 23 222
16 24 275
16 25 54
16 26 30
16 27 243
16 28 298
16 29 147
16 30 183
16 31 71
16 32 187
16 33 180
16 34 140
16 35 237
16 36 183
16 37 155
16 38 45
16 39 225
16 40 131
16 41 7
16 42 222
16 43 12
16 44 104
16 45 99
16 46 74
16 47 199
16 48 55
16 49 20
16 50 257
16 51 175
16 52 289
16 53 188
16 54 148
16 55 168
16 56 60
16 57 118
16 58 118
16 59 194
16 60 295
16 61 94
16 62 126
16 63 192
16 64 280
16 65 200
16 66 208
16 67 148
16 68 13
16 69 180
16 70 290
16 71 226
16 72 42
16 73 219
16 74 112
16 75 136
16 76 246
16 77 134
16 78 207
16 79 192
16 80 51
16 81 42
16 82 249
16 83 83
16 84 204
16 85 212
16 86 68
16 87 267
16 88 83
16 89 26
16 90 179
16 91 129
16 92 159
16 93 142
16 94 129
16 95 284
16 96 132
16 97 14
16 98 16
16 99 42
16 100 93
17 18 84
17 19 131
17 20 19
17 21 80
17 22 255
17 23 161
17 24 118
17 25 165
17 26 160
17 27 282
17 28 99
17 29 292
17 30 125
17 31 209
17 32 63
17 33 297
17 34 215
17 35 83
17 36 47
17 37 199
17 38 195
17 39 191
17 40 297
17 41 298
17 42 285
17 43 85
17 44 264
17 45 169
17 46 254
17 47 186
17 48 34
17 49 278
17 50 235
17 51 14
17 52 200
17 53 150
17 54 83
17 55 191
17 56 193
17 57 58
17 58 281
17 59 276
17 60 258
17 61 134
17 62 114
17 63 34
17 64 209
17 65 95
17 66 266
17 67 291
17 68 150
17 69 53
17 70 294
17 71 227
17 72 259
17 73 104
17 74 238
17 75 125
17 76 263
17 77 299
17 78 114
17 79 298
17 80 73
17 81 129
17 82 71
17 83 215
17 84 75
17 85 77
17 86 199
17 87 97
17 88 25
17 89 209
17 90 203
17 91 230
17 92 172
17 93 179
17 94 23
17 95 13
17 96 37
17 97 265
17 98 85
17 99 149
17 100 185
18 19 6
18 20 8
18 21 172
18 22 205
18 23 215
18 24 248
18 25 132
18 26 15
18 27 286
18 28 288
18 29 108
18 30 60
18 31 127
18 32 47
18 33 153
18 34 6
18 35 149
18 36 204
18 37 122
18 38 161
18 39 78
18 40 246
18 41 88
18 42 8
18 43 116
18 44 87
18 45 115
18 46 200
18 47 27
18 48 90
18 49 238
18 50 281
18 51 207
18 52 21
18 53 182
18 54 8
18 55 274
18 56 128
18 57 271
18 58 155
18 59 94
18 60 75
18 61 95
18 62 105
18 63 44
18 64 109
18 65 263
18 66 73
18 67 287
18 68 3
18 69 62
18 70 281
18 71 133
18 72 93
18 73 66
18 74 252
18 75 195
18 76 176
18 77 63
18 78 12
18 79 254
18 80 245
18 81 36
18 82 194
18 83 201
18 84 21
18 85 186
18 86 151
18 87 247
18 88 227
18 89 180
18 90 253
18 91 136
18 92 167
18 93 292
18 94 203
18 95 290
18 96 5
18 97 141
18 98 154
18 99 199
18 100 209
19 20 97
19 21 164
19 22 198
19 23 197
19 24 261
19 25 246
19 26 101
19 27 13
19 28 161
19 29 67
19 30 167
19 31 69
19 32 7
19 33 148
19 34 256
19 35 296
19 36 75
19 37 280
19 38 225
19 39 90
19 40 134
19 41 84
19 42 270
19 43 155
19 44 270
19 45 199
19 46 112
19 47 196
19 48 62
19 49 218
19 50 183
19 51 199
19 52 3
19 53 284
19 54 152
19 55 91
19 56 200
19 57 221
19 58 21
19 59 120
19 60 90
19 61 233
19 62 83
19 63 47
19 64 215
19 65 173
19 66 255
19 67 52
19 68 163
19 69 90
19 70 35
19 71 200
19 72 121
19 73 59
19 74 194
19 75 194
19 76 189
19 77 227
19 78 53
19 79 142
19 80 135
19 81 29
19 82 40
19 83 282
19 84 159
19 85 151
19 86 61
19 87 140
19 88 105
19 89 181
19 90 231
19 91 24
19 92 217
19 93 86
19 94 215
19 95 75
19 96 72
19 97 55
19 98 137
19 99 279
19 100 201
20 21 226
20 22 88
20 23 210
20 24 270
20 25 59
20 26 72
20 27 33
20 28 81
20 29 110
20 30 182
20 31 237
20 32 81
20 33 261
20 34 198
20 35 269
20 36 56
20 37 43
20 38 264
20 39 27
20 40 111
20 41 163
20 42 77
20 43 277
20 44 173
20 45 277
20 46 205
20 47 57
20 48 209
20 49 33
20 50 101
20 51 267
20 52 139
20 53 110
20 54 43
20 55 59
20 56 0
20 57 116
20 58 76
20 59 40
20 60 245
20 61 85
20 62 269
20 63 9
20 64 279
20 65 93
20 66 261
20 67 1
20 68 184
20 69 160
20 70 156
20 71 44
20 72 48
20 73 157
20 74 193
20 75 18
20 76 42
20 77 174
20 78 172
20 79 233
20 80 226
20 81 145
20 82 15
20 83 144
20 84 190
20 85 236
20 86 23
20 87 153
20 88 295
20 89 44
20 90 162
20 91 86
20 92 94
20 93 62
20 94 1
20 95 125
20 96 231
20 97 108
20 98 269
20 99 269
20 100 221
21 22 268
21 23 194
21 24 63
21 25 258
21 26 104
21 27 90
21 28 40
21 29 275
21 30 156
21 31 129
21 32 153
21 33 230
21 34 1
21 35 220
21 36 96
21 37 295
21 38 170
21 39 173
21 40 197
21 41 269
21 42 133
21 43 269
21 44 51
21 45 255
21 46 223
21 47 216
21 48 253
21 49 224
21 50 76
21 51 214
21 52 166
21 53 89
21 54 120
21 55 261
21 56 253
21 57 194
21 58 142
21 59 5
21 60 245
21 61 148
21 62 237
21 63 156
21 64 124
21 65 281
21 66 86
21 67 94
21 68 106
21 69 217
21 70 276
21 71 150
21 72 235
21 73 156
21 74 216
21 75 125
21 76 97
21 77 146
21 78 223
21 79 253
21 80 216
21 81 127
21 82 185
21 83 96
21 84 150
21 85 296
21 86 134
21 87 168
21 88 104
21 89 161
21 90 270
21 91 160
21 92 57
21 93 59
21 94 297
21 95 42
21 96 229
21 97 292
21 98 129
21 99 90
21 100 109
22 23 107
22 24 298
22 25 59
22 26 82
22 27 252
22 28 294
22 29 153
22 30 146
22 31 45
22 32 38
22 33 214
22 34 169
22 35 144
22 36 296
22 37 101
22 38 16
22 39 60
22 40 17
22 41 286
22 42 79
22 43 196
22 44 233
22 45 213
22 46 254
22 47 124
22 48 47
22 49 15
22 50 223
22 51 71
22 52 165
22 53 79
22 54 139
22 55 246
22 56 159
22 57 64
22 58 257
22 59 294
22 60 155
22 61 77
22 62 74
22 63 287
22 64 235
22 65 161
22 66 85
22 67 232
22 68 297
22 69 266
22 70 228
22 71 295
22 72 66
22 73 176
22 74 111
22 75 281
22 76 212
22 77 230
22 78 47
22 79 161
22 80 84
22 81 31
22 82 124
22 83 99
22 84 205
22 85 83
22 86 36
22 87 146
22 88 83
22 89 56
22 90 108
22 91 17
22 92 90
22 93 286
22 94 195
22 95 142
22 96 10
22 97 36
22 98 260
22 99 220
22 100 232
23 24 197
23 25 243
23 26 264
23 27 24
23 28 35
23 29 162
23 30 159
23 31 98
23 32 43
23 33 290
23 34 240
23 35 16
23 36 274
23 37 270
23 38 122
23 39 282
23 40 259
23 41 168
23 42 35
23 43 167
23 44 178
23 45 220
23 46 277
23 47 79
23 48 121
23 49 191
23 50 231
23 51 15
23 52 48
23 53 128
23 54 131
23 55 97
23 56 98
23 57 12
23 58 282
23 59 209
23 60 187
23 61 201
23 62 189
23 63 221
23 64 247
23 65 105
23 66 119
23 67 293
23 68 204
23 69 106
23 70 284
23 71 132
23 72 181
23 73 119
23 74 21
23 75 5
23 76 161
23 77 56
23 78 99
23 79 259
23 80 80
23 81 21
23 82 15
23 83 217
23 84 282
23 85 47
23 86 256
23 87 190
23 88 284
23 89 236
23 90 47
23 91 243
23 92 237
23 93 165
23 94 283
23 95 160
23 96 90
23 97 116
23 98 161
23 99 175
23 100 261
24 25 218
24 26 250
24 27 71
24 28 237
24 29 248
24 30 299
24 31 126
24 32 177
24 33 71
24 34 178
24 35 116
24 36 185
24 37 285
24 38 209
24 39 245
24 40 76
24 41 117
24 42 113
24 43 0
24 44 1
24 45 158
24 46 18
24 47 246
24 48 251
24 49 97
24 50 292
24 51 9
24 52 250
24 53 224
24 54 234
24 55 195
24 56 223
24 57 16
24 58 0
24 59 148
24 60 56
24 61 48
24 62 64
24 63 252
24 64 237
24 65 223
24 66 116
24 67 147
24 68 179
24 69 57
24 70 16
24 71 193
24 72 124
24 73 233
24 74 47
24 75 239
24 76 68
24 77 126
24 78 233
24 79 247
24 80 156
24 81 21
24 82 159
24 83 60
24 84 172
24 85 78
24 86 227
24 87 1
24 88 249
24 89 151
24 90 126
24 91 32
24 92 218
24 93 262
24 94 91
24 95 254
24 96 78
24 97 220
24 98 237
24 99 93
24 100 1
25 26 127
25 27 240
25 28 299
25 29 182
25 30 80
25 31 210
25 32 239
25 33 171
25 34 180
25 35 236
25 36 110
25 37 112
25 38 57
25 39 75
25 40 161
25 41 264
25 42 69
25 43 97
25 44 218
25 45 140
25 46 196
25 47 208
25 48 146
25 49 275
25 50 154
25 51 291
25 52 117
25 53 61
25 54 129
25 55 213
25 56 149
25 57 246
25 58 71
25 59 73
25 60 254
25 61 286
25 62 93
25 63 254
25 64 135
25 65 35
25 66 157
25 67 81
25 68 52
25 69 37
25 70 211
25 71 82
25 72 239
25 73 223
25 74 4
25 75 8
25 76 77
25 77 103
25 78 150
25 79 43
25 80 284
25 81 32
25 82 61
25 83 148
25 84 24
25 85 83
25 86 98
25 87 57
25 88 0
25 89 268
25 90 281
25 91 296
25 92 275
25 93 129
25 94 64
25 95 263
25 96 42
25 97 53
25 98 43
25 99 206
25 100 90
26 27 53
26 28 117
26 29 190
26 30 156
26 31 192
26 32 231
26 33 237
26 34 238
26 35 290
26 36 250
26 37 125
26 38 33
26 39 33
26 40 101
26 41 153
26 42 214
26 43 37
26 44 84
26 45 28
26 46 136
26 47 178
26 48 241
26 49 2
26 50 212
26 51 288
26 52 106
26 53 16
26 54 168
26 55 25
26 56 287
26 57 254
26 58 226
26 59 9
26 60 250
26 61 78
26 62 179
26 63 184
26 64 105
26 65 58
26 66 174
26 67 133
26 68 136
26 69 75
26 70 148
26 71 243
26 72 93
26 73 207
26 74 240
26 75 147
26 76 113
26 77 276
26 78 72
26 79 93
26 80 195
26 81 28
26 82 274
26 83 71
26 84 192
26 85 94
26 86 14
26 87 118
26 88 19
26 89 106
26 90 270
26 91 8
26 92 51
26 93 172
26 94 25
26 95 18
26 96 213
26 97 86
26 98 297
26 99 188
26 100 258
27 28 169
27 29 64
27 30 296
27 31 233
27 32 249
27 33 231
27 34 25
27 35 65
27 36 264
27 37 215
27 38 158
27 39 184
27 40 226
27 41 263
27 42 89
27 43 56
27 44 50
27 45 135
27 46 39
27 47 85
27 48 7
27 49 18
27 50 18
27 51 57
27 52 104
27 53 247
27 54 129
27 55 167
27 56 162
27 57 198
27 58 184
27 59 143
27 60 289
27 61 129
27 62 295
27 63 189
27 64 73
27 65 135
27 66 82
27 67 132
27 68 161
27 69 79
27 70 225
27 71 163
27 72 2
27 73 56
27 74 295
27 75 102
27 76 8
27 77 180
27 78 260
27 79 85
27 80 34
27 81 184
27 82 73
27 83 290
27 84 161
27 85 59
27 86 171
27 87 89
27 88 204
27 89 134
27 90 122
27 91 78
27 92 139
27 93 83
27 94 71
27 95 122
27 96 102
27 97 252
27 98 85
27 99 280
27 100 166
28 29 223
28 30 247
28 31 33
28 32 236
28 33 137
28 34 97
28 35 143
28 36 258
28 37 252
28 38 209
28 39 49
28 40 231
28 41 175
28 42 282
28 43 224
28 44 16
28 45 15
28 46 223
28 47 42
28 48 146
28 49 180
28 50 242
28 51 110
28 52 181
28 53 130
28 54 50
28 55 82
28 56 280
28 57 227
28 58 181
28 59 95
28 60 75
28 61 179
28 62 289
28 63 9
28 64 1
28 65 221
28 66 191
28 67 223
28 68 42
28 69 280
28 70 58
28 71 196
28 72 169
28 73 168
28 74 243
28 75 263
28 76 62
28 77 233
28 78 60
28 79 79
28 80 156
28 81 136
28 82 164
28 83 182
28 84 149
28 85 297
28 86 189
28 87 31
28 88 297
28 89 118
28 90 293
28 91 299
28 92 261
28 93 235
28 94 240
28 95 285
28 96 109
28 97 255
28 98 251
28 99 204
28 100 65
29 30 32
29 31 54
29 32 230
29 33 94
29 34 150
29 35 22
29 36 2
29 37 272
29 38 107
29 39 147
29 40 291
29 41 250
29 42 164
29 43 241
29 44 11
29 45 202
29 46 72
29 47 104
29 48 155
29 49 258
29 50 208
29 51 89
29 52 129
29 53 256
29 54 34
29 55 287
29 56 54
29 57 214
29 58 247
29 59 161
29 60 149
29 61 273
29 62 3
29 63 249
29 64 216
29 65 73
29 66 109
29 67 109
29 68 39
29 69 269
29 70 278
29 71 272
29 72 104
29 73 106
29 74 48
29 75 26
29 76 43
29 77 182
29 78 179
29 79 95
29 80 201
29 81 246
29 82 237
29 83 12
29 84 93
29 85 181
29 86 142
29 87 230
29 88 55
29 89 22
29 90 255
29 91 231
29 92 196
29 93 169
29 94 130
29 95 133
29 96 32
29 97 276
29 98 171
29 99 196
29 100 281
30 31 67
30 32 94
30 33 130
30 34 65
30 35 54
30 36 197
30 37 290
30 38 249
30 39 87
30 40 187
30 41 291
30 42 279
30 43 290
30 44 113
30 45 252
30 46 139
30 47 94
30 48 148
30 49 25
30 50 21
30 51 50
30 52 135
30 53 227
30 54 56
30 55 30
30 56 192
30 57 145
30 58 111
30 59 36
30 60 178
30 61 235
30 62 98
30 63 59
30 64 266
30 65 253
30 66 298
30 67 94
30 68 67
30 69 72
30 70 38
30 71 71
30 72 188
30 73 134
30 74 46
30 75 83
30 76 84
30 77 74
30 78 194
30 79 100
30 80 35
30 81 209
30 82 5
30 83 187
30 84 226
30 85 203
30 86 201
30 87 122
30 88 137
30 89 132
30 90 207
30 91 227
30 92 190
30 93 151
30 94 177
30 95 285
30 96 140
30 97 138
30 98 85
30 99 270
30 100 293
31 32 257
31 33 229
31 34 138
31 35 58
31 36 155
31 37 256
31 38 270
31 39 140
31 40 253
31 41 39
31 42 194
31 43 232
31 44 81
31 45 65
31 46 124
31 47 42
31 48 131
31 49 71
31 50 28
31 51 28
31 52 126
31 53 67
31 54 276
31 55 135
31 56 170
31 57 248
31 58 74
31 59 66
31 60 179
31 61 190
31 62 215
31 63 74
31 64 50
31 65 166
31 66 35
31 67 83
31 68 263
31 69 206
31 70 65
31 71 51
31 72 212
31 73 271
31 74 253
31 75 218
31 76 136
31 77 256
31 78 246
31 79 156
31 80 68
31 81 248
31 82 73
31 83 140
31 84 264
31 85 230
31 86 146
31 87 169
31 88 187
31 89 192
31 90 125
31 91 115
31 92 68
31 93 268
31 94 16
31 95 6
31 96 290
31 97 267
31 98 39
31 99 152
31 100 81
32 33 280
32 34 161
32 35 48
32 36 64
32 37 88
32 38 26
32 39 243
32 40 28
32 41 283
32 42 220
32 43 280
32 44 55
32 45 277
32 46 62
32 47 211
32 48 150
32 49 61
32 50 133
32 51 237
32 52 225
32 53 116
32 54 278
32 55 7
32 56 60
32 57 120
32 58 0
32 59 279
32 60 204
32 61 38
32 62 210
32 63 63
32 64 150
32 65 208
32 66 189
32 67 104
32 68 238
32 69 143
32 70 70
32 71 211
32 72 165
32 73 83
32 74 100
32 75 160
32 76 184
32 77 252
32 78 50
32 79 234
32 80 20
32 81 58
32 82 30
32 83 112
32 84 1
32 85 79
32 86 197
32 87 37
32 88 36
32 89 84
32 90 117
32 91 57
32 92 125
32 93 17
32 94 288
32 95 7
32 96 268
32 97 87
32 98 287
32 99 116
32 100 214
33 34 246
33 35 61
33 36 91
33 37 158
33 38 297
33 39 107
33 40 70
33 41 100
33 42 221
33 43 32
33 44 81
33 45 29
33 46 225
33 47 175
33 48 149
33 49 95
33 50 218
33 51 30
33 52 295
33 53 167
33 54 242
33 55 56
33 56 124
33 57 85
33 58 71
33 59 16
33 60 26
33 61 38
33 62 158
33 63 55
33 64 208
33 65 111
33 66 250
33 67 42
33 68 141
33 69 216
33 70 210
33 71 31
33 72 204
33 73 33
33 74 149
33 75 26
33 76 254
33 77 95
33 78 238
33 79 25
33 80 215
33 81 209
33 82 94
33 83 144
33 84 71
33 85 298
33 86 229
33 87 179
33 88 263
33 89 45
33 90 294
33 91 179
33 92 154
33 93 285
33 94 16
33 95 6
33 96 197
33 97 151
33 98 37
33 99 75
33 100 86
34 35 48
34 36 141
34 37 156
34 38 140
34 39 206
34 40 65
34 41 193
34 42 59
34 43 164
34 44 20
34 45 192
34 46 178
34 47 62
34 48 54
34 49 144
34 50 64
34 51 144
34 52 225
34 53 248
34 54 55
34 55 62
34 56 215
34 57 30
34 58 121
34 59 106
34 60 95
34 61 5
34 62 36
34 63 228
34 64 210
34 65 102
34 66 23
34 67 64
34 68 165
34 69 41
34 70 284
34 71 70
34 72 291
34 73 241
34 74 119
34 75 138
34 76 0
34 77 275
34 78 215
34 79 198
34 80 91
34 81 3
34 82 256
34 83 17
34 84 211
34 85 205
34 86 113
34 87 144
34 88 197
34 89 175
34 90 267
34 91 77
34 92 217
34 93 211
34 94 232
34 95 18
34 96 102
34 97 49
34 98 54
34 99 45
34 100 217
35 36 45
35 37 22
35 38 244
35 39 241
35 40 252
35 41 250
35 42 229
35 43 298
35 44 134
35 45 30
35 46 27
35 47 131
35 48 75
35 49 84
35 50 82
35 51 246
35 52 43
35 53 160
35 54 99
35 55 191
35 56 178
35 57 298
35 58 65
35 59 38
35 60 90
35 61 61
35 62 20
35 63 136
35 64 278
35 65 19
35 66 55
35 67 256
35 68 61
35 69 76
35 70 165
35 71 83
35 72 154
35 73 67
35 74 39
35 75 171
35 76 238
35 77 104
35 78 292
35 79 108
35 80 247
35 81 73
35 82 199
35 83 252
35 84 14
35 85 162
35 86 297
35 87 167
35 88 149
35 89 11
35 90 186
35 91 137
35 92 129
35 93 127
35 94 145
35 95 265
35 96 111
35 97 196
35 98 108
35 99 48
35 100 121
36 37 84
36 38 235
36 39 32
36 40 90
36 41 137
36 42 135
36 43 90
36 44 294
36 45 16
36 46 9
36 47 159
36 48 298
36 49 267
36 50 45
36 51 223
36 52 108
36 53 139
36 54 243
36 55 76
36 56 249
36 57 156
36 58 205
36 59 74
36 60 68
36 61 45
36 62 230
36 63 169
36 64 143
36 65 41
36 66 54
36 67 121
36 68 113
36 69 192
36 70 294
36 71 118
36 72 17
36 73 14
36 74 194
36 75 266
36 76 128
36 77 223
36 78 293
36 79 218
36 80 12
36 81 85
36 82 129
36 83 31
36 84 283
36 85 129
36 86 37
36 87 40
36 88 61
36 89 220
36 90 59
36 91 134
36 92 160
36 93 297
36 94 201
36 95 53
36 96 299
36 97 257
36 98 25
36 99 71
36 100 67
37 38 15
37 39 63
37 40 40
37 41 206
37 42 112
37 43 185
37 44 212
37 45 299
37 46 164
37 47 125
37 48 163
37 49 241
37 50 70
37 51 186
37 52 206
37 53 121
37 54 76
37 55 241
37 56 3
37 57 42
37 58 182
37 59 266
37 60 198
37 61 235
37 62 58
37 63 67
37 64 90
37 65 85
37 66 107
37 67 132
37 68 257
37 69 164
37 70 199
37 71 85
37 72 40
37 73 218
37 74 156
37 75 293
37 76 69
37 77 170
37 78 226
37 79 259
37 80 172
37 81 285
37 82 102
37 83 81
37 84 282
37 85 138
37 86 87
37 87 226
37 88 151
37 89 10
37 90 120
37 91 166
37 92 265
37 93 171
37 94 291
37 95 164
37 96 281
37 97 83
37 98 86
37 99 39
37 100 108
38 39 83
38 40 189
38 41 246
38 42 200
38 43 201
38 44 289
38 45 195
38 46 91
38 47 98
38 48 163
38 49 57
38 50 27
38 51 184
38 52 135
38 53 204
38 54 121
38 55 19
38 56 185
38 57 62
38 58 195
38 59 74
38 60 3
38 61 167
38 62 101
38 63 259
38 64 150
38 65 266
38 66 191
38 67 283
38 68 172
38 69 73
38 70 212
38 71 166
38 72 224
38 73 272
38 74 4
38 75 224
38 76 27
38 77 76
38 78 199
38 79 201
38 80 278
38 81 285
38 82 9
38 83 179
38 84 14
38 85 86
38 86 217
38 87 54
38 88 241
38 89 264
38 90 204
38 91 58
38 92 132
38 93 131
38 94 149
38 95 8
38 96 128
38 97 243
38 98 207
38 99 132
38 100 209
39 40 96
39 41 134
39 42 132
39 43 189
39 44 72
39 45 296
39 46 295
39 47 289
39 48 10
39 49 98
39 50 256
39 51 0
39 52 132
39 53 67
39 54 195
39 55 118
39 56 170
39 57 71
39 58 231
39 59 53
39 60 265
39 61 298
39 62 140
39 63 236
39 64 180
39 65 70
39 66 55
39 67 226
39 68 10
39 69 77
39 70 55
39 71 80
39 72 103
39 73 135
39 74 283
39 75 236
39 76 62
39 77 169
39 78 35
39 79 71
39 80 102
39 81 206
39 82 186
39 83 43
39 84 255
39 85 249
39 86 240
39 87 103
39 88 129
39 89 76
39 90 252
39 91 128
39 92 221
39 93 291
39 94 127
39 95 256
39 96 183
39 97 74
39 98 37
39 99 166
39 100 107
40 41 294
40 42 34
40 43 220
40 44 140
40 45 253
40 46 19
40 47 225
40 48 162
40 49 290
40 50 267
40 51 59
40 52 298
40 53 285
40 54 232
40 55 237
40 56 167
40 57 19
40 58 267
40 59 299
40 60 151
40 61 163
40 62 158
40 63 195
40 64 244
40 65 221
40 66 212
40 67 185
40 68 278
40 69 182
40 70 164
40 71 254
40 72 111
40 73 141
40 74 147
40 75 110
40 76 13
40 77 245
40 78 283
40 79 208
40 80 80
40 81 82
40 82 209
40 83 259
40 84 20
40 85 2
40 86 19
40 87 222
40 88 26
40 89 252
40 90 188
40 91 131
40 92 13
40 93 199
40 94 40
40 95 183
40 96 229
40 97 230
40 98 285
40 99 245
40 100 187
41 42 151
41 43 132
41 44 140
41 45 138
41 46 278
41 47 282
41 48 50
41 49 24
41 50 225
41 51 57
41 52 298
41 53 140
41 54 116
41 55 41
41 56 239
41 57 147
41 58 181
41 59 192
41 60 281
41 61 286
41 62 286
41 63 72
41 64 298
41 65 185
41 66 40
41 67 178
41 68 48
41 69 36
41 70 120
41 71 292
41 72 123
41 73 147
41 74 254
41 75 101
41 76 179
41 77 180
41 78 106
41 79 203
41 80 243
41 81 236
41 82 25
41 83 41
41 84 172
41 85 187
41 86 44
41 87 191
41 88 4
41 89 240
41 90 269
41 91 6
41 92 51
41 93 132
41 94 210
41 95 43
41 96 104
41 97 164
41 98 260
41 99 68
41 100 99
42 43 290
42 44 251
42 45 132
42 46 108
42 47 132
42 48 132
42 49 286
42 50 13
42 51 214
42 52 259
42 53 176
42 54 213
42 55 153
42 56 224
42 57 248
42 58 245
42 59 272
42 60 95
42 61 151
42 62 181
42 63 287
42 64 201
42 65 225
42 66 27
42 67 188
42 68 17
42 69 1
42 70 136
42 71 133
42 72 167
42 73 263
42 74 279
42 75 51
42 76 220
42 77 7
42 78 143
42 79 261
42 80 237
42 81 57
42 82 64
42 83 255
42 84 101
42 85 227
42 86 222
42 87 296
42 88 211
42 89 164
42 90 76
42 91 195
42 92 189
42 93 123
42 94 154
42 95 293
42 96 74
42 97 139
42 98 240
42 99 83
42 100 194
43 44 48
43 45 2
43 46 154
43 47 83
43 48 111
43 49 135
43 50 261
43 51 240
43 52 116
43 53 186
43 54 269
43 55 180
43 56 97
43 57 213
43 58 286
43 59 31
43 60 213
43 61 290
43 62 103
43 63 60
43 64 281
43 65 122
43 66 156
43 67 220
43 68 241
43 69 12
43 70 179
43 71 45
43 72 20
43 73 171
43 74 138
43 75 46
43 76 249
43 77 292
43 78 242
43 79 263
43 80 79
43 81 110
43 82 125
43 83 99
43 84 135
43 85 261
43 86 242
43 87 237
43 88 65
43 89 170
43 90 193
43 91 215
43 92 79
43 93 210
43 94 34
43 95 20
43 96 94
43 97 152
43 98 235
43 99 90
43 100 184
44 45 245
44 46 267
44 47 24
44 48 43
44 49 115
44 50 289
44 51 20
44 52 76
44 53 74
44 54 208
44 55 278
44 56 8
44 57 76
44 58 288
44 59 5
44 60 290
44 61 15
44 62 235
44 63 140
44 64 196
44 65 24
44 66 81
44 67 292
44 68 44
44 69 85
44 70 6
44 71 294
44 72 162
44 73 197
44 74 35
44 75 76
44 76 165
44 77 162
44 78 248
44 79 266
44 80 271
44 81 254
44 82 182
44 83 21
44 84 110
44 85 146
44 86 79
44 87 141
44 88 208
44 89 126
44 90 32
44 91 138
44 92 128
44 93 29
44 94 186
44 95 48
44 96 267
44 97 247
44 98 160
44 99 56
44 100 84
45 46 232
45 47 204
45 48 136
45 49 156
45 50 193
45 51 41
45 52 150
45 53 81
45 54 237
45 55 150
45 56 43
45 57 255
45 58 51
45 59 50
45 60 177
45 61 78
45 62 158
45 63 270
45 64 75
45 65 186
45 66 41
45 67 110
45 68 81
45 69 13
45 70 161
45 71 4
45 72 264
45 73 120
45 74 98
45 75 235
45 76 83
45 77 29
45 78 81
45 79 229
45 80 263
45 81 214
45 82 240
45 83 200
45 84 65
45 85 122
45 86 45
45 87 204
45 88 173
45 89 269
45 90 1
45 91 155
45 92 76
45 93 267
45 94 178
45 95 86
45 96 130
45 97 140
45 98 227
45 99 208
45 100 7
46 47 207
46 48 154
46 49 66
46 50 20
46 51 64
46 52 81
46 53 224
46 54 223
46 55 293
46 56 51
46 57 185
46 58 134
46 59 143
46 60 211
46 61 163
46 62 181
46 63 161
46 64 39
46 65 269
46 66 289
46 67 131
46 68 254
46 69 273
46 70 100
46 71 269
46 72 270
46 73 71
46 74 240
46 75 255
46 76 265
46 77 88
46 78 262
46 79 102
46 80 134
46 81 200
46 82 23
46 83 202
46 84 27
46 85 292
46 86 117
46 87 108
46 88 114
46 89 148
46 90 245
46 91 0
46 92 233
46 93 138
46 94 228
46 95 279
46 96 92
46 97 250
46 98 293
46 99 83
46 100 265
47 48 183
47 49 93
47 50 235
47 51 161
47 52 60
47 53 178
47 54 226
47 55 19
47 56 245
47 57 73
47 58 255
47 59 199
47 60 159
47 61 231
47 62 134
47 63 144
47 64 167
47 65 29
47 66 289
47 67 35
47 68 1
47 69 156
47 70 35
47 71 46
47 72 193
47 73 252
47 74 138
47 75 238
47 76 82
47 77 232
47 78 180
47 79 152
47 80 274
47 81 9
47 82 196
47 83 268
47 84 24
47 85 168
47 86 77
47 87 285
47 88 177
47 89 117
47 90 169
47 91 262
47 92 276
47 93 116
47 94 187
47 95 208
47 96 167
47 97 11
47 98 183
47 99 253
47 100 261
48 49 42
48 50 181
48 51 294
48 52 240
48 53 268
48 54 22
48 55 197
48 56 231
48 57 158
48 58 208
48 59 205
48 60 224
48 61 25
48 62 261
48 63 86
48 64 293
48 65 5
48 66 287
48 67 67
48 68 195
48 69 234
48 70 49
48 71 205
48 72 35
48 73 176
48 74 39
48 75 40
48 76 191
48 77 71
48 78 101
48 79 34
48 80 167
48 81 0
48 82 31
48 83 204
48 84 148
48 85 246
48 86 212
48 87 201
48 88 109
48 89 225
48 90 266
48 91 154
48 92 51
48 93 49
48 94 271
48 95 112
48 96 228
48 97 146
48 98 246
48 99 105
48 100 182
49 50 124
49 51 198
49 52 233
49 53 295
49 54 76
49 55 234
49 56 248
49 57 194
49 58 263
49 59 276
49 60 14
49 61 207
49 62 231
49 63 78
49 64 229
49 65 213
49 66 255
49 67 42
49 68 31
49 69 160
49 70 47
49 71 196
49 72 102
49 73 84
49 74 263
49 75 66
49 76 95
49 77 142
49 78 0
49 79 116
49 80 243
49 81 155
49 82 123
49 83 217
49 84 159
49 85 172
49 86 225
49 87 298
49 88 102
49 89 20
49 90 289
49 91 76
49 92 290
49 93 206
49 94 62
49 95 36
49 96 123
49 97 36
49 98 234
49 99 42
49 100 237
50 51 196
50 52 42
50 53 110
50 54 109
50 55 162
50 56 57
50 57 10
50 58 285
50 59 124
50 60 252
50 61 107
50 62 16
50 63 10
50 64 53
50 65 183
50 66 16
50 67 107
50 68 79
50 69 149
50 70 141
50 71 110
50 72 196
50 73 95
50 74 93
50 75 100
50 76 278
50 77 41
50 78 260
50 79 262
50 80 103
50 81 244
50 82 198
50 83 87
50 84 280
50 85 141
50 86 11
50 87 205
50 88 132
50 89 118
50 90 133
50 91 62
50 92 241
50 93 82
50 94 30
50 95 196
50 96 44
50 97 134
50 98 207
50 99 84
50 100 106
51 52 39
51 53 18
51 54 40
51 55 213
51 56 219
51 57 214
51 58 0
51 59 21
51 60 82
51 61 127
51 62 9
51 63 86
51 64 250
51 65 169
51 66 66
51 67 43
51 68 124
51 69 254
51 70 261
51 71 206
51 72 280
51 73 223
51 74 182
51 75 244
51 76 264
51 77 154
51 78 126
51 79 169
51 80 36
51 81 158
51 82 274
51 83 203
51 84 235
51 85 245
51 86 237
51 87 286
51 88 279
51 89 17
51 90 55
51 91 107
51 92 119
51 93 146
51 94 147
51 95 194
51 96 47
51 97 152
51 98 217
51 99 195
51 100 128
52 53 77
52 54 192
52 55 143
52 56 5
52 57 155
52 58 80
52 59 256
52 60 205
52 61 165
52 62 256
52 63 250
52 64 3
52 65 159
52 66 38
52 67 59
52 68 283
52 69 261
52 70 93
52 71 260
52 72 191
52 73 228
52 74 214
52 75 0
52 76 69
52 77 109
52 78 184
52 79 46
52 80 85
52 81 193
52 82 133
52 83 182
52 84 13
52 85 119
52 86 149
52 87 27
52 88 234
52 89 176
52 90 87
52 91 118
52 92 227
52 93 251
52 94 26
52 95 50
52 96 182
52 97 198
52 98 179
52 99 216
52 100 45
53 54 68
53 55 156
53 56 207
53 57 108
53 58 157
53 59 240
53 60 269
53 61 51
53 62 49
53 63 55
53 64 175
53 65 154
53 66 152
53 67 171
53 68 143
53 69 68
53 70 118
53 71 291
53 72 222
53 73 295
53 74 70
53 75 244
53 76 256
53 77 72
53 78 21
53 79 31
53 80 21
53 81 274
53 82 167
53 83 287
53 84 255
53 85 135
53 86 297
53 87 283
53 88 259
53 89 291
53 90 49
53 91 79
53 92 179
53 93 187
53 94 282
53 95 283
53 96 39
53 97 266
53 98 262
53 99 76
53 100 73
54 55 205
54 56 142
54 57 192
54 58 37
54 59 251
54 60 6
54 61 27
54 62 190
54 63 255
54 64 98
54 65 288
54 66 124
54 67 279
54 68 94
54 69 178
54 70 187
54 71 231
54 72 69
54 73 26
54 74 250
54 75 75
54 76 104
54 77 83
54 78 231
54 79 62
54 80 276
54 81 127
54 82 88
54 83 207
54 84 19
54 85 194
54 86 163
54 87 233
54 88 77
54 89 162
54 90 45
54 91 220
54 92 161
54 93 173
54 94 22
54 95 4
54 96 125
54 97 207
54 98 10
54 99 15
54 100 236
55 56 296
55 57 279
55 58 92
55 59 161
55 60 90
55 61 105
55 62 33
55 63 236
55 64 36
55 65 183
55 66 284
55 67 104
55 68 189
55 69 102
55 70 20
55 71 265
55 72 25
55 73 141
55 74 5
55 75 1
55 76 262
55 77 276
55 78 201
55 79 145
55 80 193
55 81 77
55 82 116
55 83 192
55 84 67
55 85 195
55 86 228
55 87 136
55 88 33
55 89 110
55 90 278
55 91 295
55 92 40
55 93 176
55 94 95
55 95 203
55 96 53
55 97 268
55 98 170
55 99 135
55 100 121
56 57 6
56 58 215
56 59 86
56 60 258
56 61 78
56 62 260
56 63 144
56 64 227
56 65 52
56 66 250
56 67 127
56 68 115
56 69 159
56 70 284
56 71 113
56 72 124
56 73 245
56 74 253
56 75 183
56 76 10
56 77 141
56 78 121
56 79 229
56 80 78
56 81 267
56 82 135
56 83 207
56 84 166
56 85 88
56 86 292
56 87 214
56 88 87
56 89 134
56 90 46
56 91 139
56 92 67
56 93 206
56 94 116
56 95 187
56 96 21
56 97 242
56 98 90
56 99 171
56 100 87
57 58 276
57 59 256
57 60 265
57 61 257
57 62 91
57 63 103
57 64 132
57 65 200
57 66 176
57 67 280
57 68 245
57 69 251
57 70 281
57 71 286
57 72 145
57 73 17
57 74 295
57 75 120
57 76 280
57 77 18
57 78 289
57 79 138
57 80 27
57 81 160
57 82 213
57 83 94
57 84 254
57 85 227
57 86 290
57 87 41
57 88 126
57 89 20
57 90 70
57 91 71
57 92 15
57 93 208
57 94 261
57 95 19
57 96 236
57 97 198
57 98 64
57 99 113
57 100 35
58 59 15
58 60 206
58 61 211
58 62 102
58 63 21
58 64 49
58 65 266
58 66 194
58 67 215
58 68 259
58 69 211
58 70 245
58 71 264
58 72 130
58 73 13
58 74 172
58 75 223
58 76 37
58 77 168
58 78 231
58 79 259
58 80 114
58 81 150
58 82 100
58 83 165
58 84 141
58 85 126
58 86 209
58 87 4
58 88 246
58 89 73
58 90 144
58 91 257
58 92 135
58 93 137
58 94 140
58 95 229
58 96 71
58 97 56
58 98 225
58 99 85
58 100 107
59 60 30
59 61 183
59 62 234
59 63 295
59 64 220
59 65 242
59 66 172
59 67 280
59 68 164
59 69 192
59 70 83
59 71 90
59 72 130
59 73 68
59 74 67
59 75 241
59 76 32
59 77 82
59 78 292
59 79 14
59 80 263
59 81 70
59 82 197
59 83 286
59 84 296
59 85 14
59 86 65
59 87 226
59 88 25
59 89 172
59 90 171
59 91 198
59 92 102
59 93 52
59 94 123
59 95 211
59 96 298
59 97 294
59 98 271
59 99 85
59 100 82
60 61 243
60 62 236
60 63 21
60 64 107
60 65 278
60 66 124
60 67 212
60 68 219
60 69 165
60 70 129
60 71 170
60 72 175
60 73 213
60 74 28
60 75 109
60 76 82
60 77 241
60 78 112
60 79 160
60 80 98
60 81 281
60 82 168
60 83 295
60 84 53
60 85 107
60 86 184
60 87 50
60 88 78
60 89 155
60 90 225
60 91 126
60 92 173
60 93 247
60 94 247
60 95 83
60 96 52
60 97 139
60 98 4
60 99 101
60 100 261
61 62 175
61 63 154
61 64 158
61 65 152
61 66 255
61 67 245
61 68 284
61 69 185
61 70 229
61 71 19
61 72 269
61 73 259
61 74 127
61 75 220
61 76 248
61 77 43
61 78 3
61 79 143
61 80 19
61 81 247
61 82 87
61 83 57
61 84 56
61 85 209
61 86 267
61 87 13
61 88 103
61 89 11
61 90 158
61 91 55
61 92 75
61 93 74
61 94 286
61 95 104
61 96 293
61 97 234
61 98 9
61 99 161
61 100 1
62 63 265
62 64 257
62 65 63
62 66 150
62 67 104
62 68 15
62 69 228
62 70 258
62 71 273
62 72 295
62 73 291
62 74 275
62 75 222
62 76 282
62 77 144
62 78 207
62 79 282
62 80 176
62 81 191
62 82 70
62 83 87
62 84 100
62 85 241
62 86 70
62 87 89
62 88 220
62 89 235
62 90 146
62 91 164
62 92 220
62 93 82
62 94 79
62 95 215
62 96 147
62 97 71
62 98 173
62 99 7
62 100 199
63 64 94
63 65 18
63 66 129
63 67 251
63 68 240
63 69 141
63 70 111
63 71 222
63 72 80
63 73 47
63 74 116
63 75 197
63 76 191
63 77 152
63 78 279
63 79 130
63 80 58
63 81 291
63 82 84
63 83 160
63 84 135
63 85 233
63 86 75
63 87 160
63 88 275
63 89 165
63 90 86
63 91 201
63 92 166
63 93 35
63 94 28
63 95 290
63 96 276
63 97 153
63 98 279
63 99 285
63 100 99
64 65 193
64 66 81
64 67 53
64 68 180
64 69 195
64 70 43
64 71 263
64 72 233
64 73 217
64 74 101
64 75 37
64 76 47
64 77 181
64 78 172
64 79 294
64 80 88
64 81 134
64 82 173
64 83 26
64 84 175
64 85 183
64 86 140
64 87 85
64 88 136
64 89 100
64 90 195
64 91 94
64 92 38
64 93 278
64 94 60
64 95 40
64 96 53
64 97 27
64 98 22
64 99 292
64 100 42
65 66 37
65 67 168
65 68 179
65 69 150
65 70 148
65 71 238
65 72 133
65 73 254
65 74 210
65 75 127
65 76 48
65 77 135
65 78 176
65 79 287
65 80 97
65 81 39
65 82 127
65 83 2
65 84 224
65 85 126
65 86 77
65 87 26
65 88 134
65 89 188
65 90 286
65 91 192
65 92 236
65 93 52
65 94 142
65 95 214
65 96 239
65 97 138
65 98 105
65 99 58
65 100 80
66 67 259
66 68 189
66 69 59
66 70 265
66 71 172
66 72 200
66 73 214
66 74 141
66 75 21
66 76 137
66 77 94
66 78 196
66 79 284
66 80 241
66 81 131
66 82 270
66 83 171
66 84 130
66 85 192
66 86 18
66 87 14
66 88 272
66 89 15
66 90 243
66 91 211
66 92 85
66 93 123
66 94 263
66 95 101
66 96 213
66 97 12
66 98 157
66 99 74
66 100 134
67 68 86
67 69 167
67 70 170
67 71 151
67 72 106
67 73 14
67 74 63
67 75 128
67 76 170
67 77 238
67 78 251
67 79 86
67 80 70
67 81 265
67 82 205
67 83 34
67 84 250
67 85 64
67 86 25
67 87 35
67 88 71
67 89 109
67 90 131
67 91 154
67 92 291
67 93 186
67 94 195
67 95 193
67 96 212
67 97 233
67 98 177
67 99 57
67 100 214
68 69 80
68 70 26
68 71 28
68 72 205
68 73 144
68 74 122
68 75 222
68 76 124
68 77 117
68 78 148
68 79 201
68 80 268
68 81 145
68 82 182
68 83 269
68 84 276
68 85 174
68 86 55
68 87 44
68 88 227
68 89 275
68 90 114
68 91 96
68 92 39
68 93 165
68 94 170
68 95 264
68 96 280
68 97 97
68 98 139
68 99 52
68 100 237
69 70 115
69 71 221
69 72 66
69 73 178
69 74 152
69 75 133
69 76 11
69 77 18
69 78 217
69 79 45
69 80 296
69 81 9
69 82 47
69 83 133
69 84 75
69 85 150
69 86 66
69 87 212
69 88 257
69 89 180
69 90 206
69 91 236
69 92 16
69 93 133
69 94 262
69 95 172
69 96 206
69 97 127
69 98 259
69 99 255
69 100 154
70 71 232
70 72 47
70 73 143
70 74 163
70 75 274
70 76 290
70 77 128
70 78 43
70 79 189
70 80 267
70 81 50
70 82 275
70 83 37
70 84 280
70 85 142
70 86 13
70 87 21
70 88 134
70 89 80
70 90 252
70 91 35
70 92 128
70 93 141
70 94 165
70 95 75
70 96 150
70 97 135
70 98 54
70 99 36
70 100 278
71 72 141
71 73 270
71 74 154
71 75 243
71 76 186
71 77 94
71 78 271
71 79 189
71 80 133
71 81 290
71 82 183
71 83 96
71 84 126
71 85 212
71 86 219
71 87 157
71 88 125
71 89 93
71 90 278
71 91 14
71 92 154
71 93 271
71 94 183
71 95 140
71 96 122
71 97 269
71 98 92
71 99 105
71 100 273
72 73 273
72 74 93
72 75 138
72 76 45
72 77 4
72 78 234
72 79 42
72 80 215
72 81 258
72 82 190
72 83 71
72 84 173
72 85 58
72 86 128
72 87 78
72 88 195
72 89 87
72 90 226
72 91 278
72 92 104
72 93 39
72 94 96
72 95 288
72 96 43
72 97 200
72 98 71
72 99 218
72 100 286
73 74 86
73 75 133
73 76 199
73 77 204
73 78 295
73 79 179
73 80 24
73 81 129
73 82 228
73 83 299
73 84 42
73 85 58
73 86 49
73 87 241
73 88 233
73 89 250
73 90 250
73 91 199
73 92 58
73 93 174
73 94 98
73 95 269
73 96 155
73 97 173
73 98 125
73 99 108
73 100 134
74 75 239
74 76 298
74 77 226
74 78 76
74 79 128
74 80 191
74 81 109
74 82 82
74 83 52
74 84 237
74 85 235
74 86 131
74 87 247
74 88 175
74 89 232
74 90 219
74 91 117
74 92 71
74 93 206
74 94 29
74 95 266
74 96 69
74 97 128
74 98 40
74 99 33
74 100 184
75 76 296
75 77 123
75 78 256
75 79 207
75 80 79
75 81 1
75 82 140
75 83 185
75 84 267
75 85 125
75 86 8
75 87 158
75 88 44
75 89 41
75 90 224
75 91 157
75 92 41
75 93 39
75 94 7
75 95 34
75 96 269
75 97 157
75 98 4
75 99 102
75 100 5
76 77 253
76 78 198
76 79 111
76 80 264
76 81 106
76 82 169
76 83 258
76 84 73
76 85 260
76 86 191
76 87 6
76 88 102
76 89 102
76 90 122
76 91 212
76 92 45
76 93 280
76 94 268
76 95 134
76 96 24
76 97 263
76 98 17
76 99 14
76 100 4
77 78 229
77 79 135
77 80 260
77 81 71
77 82 217
77 83 190
77 84 103
77 85 3
77 86 204
77 87 42
77 88 203
77 89 125
77 90 50
77 91 142
77 92 170
77 93 149
77 94 232
77 95 185
77 96 150
77 97 27
77 98 1
77 99 93
77 100 268
78 79 81
78 80 47
78 81 80
78 82 223
78 83 110
78 84 96
78 85 35
78 86 125
78 87 290
78 88 175
78 89 156
78 90 36
78 91 216
78 92 194
78 93 75
78 94 105
78 95 289
78 96 138
78 97 251
78 98 201
78 99 257
78 100 105
79 80 151
79 81 206
79 82 283
79 83 153
79 84 207
79 85 27
79 86 138
79 87 128
79 88 260
79 89 208
79 90 19
79 91 24
79 92 15
79 93 181
79 94 266
79 95 48
79 96 233
79 97 139
79 98 180
79 99 44
79 100 129
80 81 268
80 82 238
80 83 43
80 84 267
80 85 253
80 86 15
80 87 111
80 88 155
80 89 247
80 90 113
80 91 225
80 92 292
80 93 116
80 94 168
80 95 277
80 96 95
80 97 91
80 98 272
80 99 104
80 100 192
81 82 191
81 83 62
81 84 30
81 85 230
81 86 74
81 87 85
81 88 45
81 89 67
81 90 137
81 91 153
81 92 162
81 93 254
81 94 133
81 95 288
81 96 141
81 97 291
81 98 78
81 99 284
81 100 256
82 83 270
82 84 231
82 85 167
82 86 86
82 87 182
82 88 203
82 89 8
82 90 293
82 91 144
82 92 171
82 93 3
82 94 258
82 95 251
82 96 137
82 97 61
82 98 57
82 99 124
82 100 125
83 84 283
83 85 240
83 86 150
83 87 39
83 88 282
83 89 231
83 90 253
83 91 295
83 92 155
83 93 193
83 94 138
83 95 4
83 96 280
83 97 201
83 98 291
83 99 96
83 100 96
84 85 146
84 86 237
84 87 118
84 88 212
84 89 94
84 90 214
84 91 260
84 92 272
84 93 2
84 94 132
84 95 69
84 96 170
84 97 73
84 98 266
84 99 3
84 100 47
85 86 170
85 87 224
85 88 177
85 89 208
85 90 176
85 91 254
85 92 131
85 93 2
85 94 194
85 95 183
85 96 264
85 97 9
85 98 109
85 99 275
85 100 212
86 87 13
86 88 246
86 89 77
86 90 125
86 91 75
86 92 209
86 93 273
86 94 148
86 95 79
86 96 15
86 97 200
86 98 31
86 99 119
86 100 186
87 88 24
87 89 299
87 90 48
87 91 139
87 92 57
87 93 193
87 94 22
87 95 69
87 96 55
87 97 27
87 98 8
87 99 220
87 100 231
88 89 29
88 90 256
88 91 11
88 92 6
88 93 271
88 94 37
88 95 237
88 96 287
88 97 155
88 98 188
88 99 109
88 100 48
89 90 169
89 91 289
89 92 85
89 93 197
89 94 35
89 95 146
89 96 103
89 97 63
89 98 291
89 99 180
89 100 1
90 91 75
90 92 239
90 93 92
90 94 95
90 95 177
90 96 68
90 97 251
90 98 201
90 99 45
90 100 114
91 92 136
91 93 92
91 94 33
91 95 195
91 96 270
91 97 138
91 98 183
91 99 265
91 100 80
92 93 33
92 94 240
92 95 193
92 96 122
92 97 215
92 98 114
92 99 11
92 100 92
93 94 163
93 95 84
93 96 192
93 97 222
93 98 253
93 99 242
93 100 32
94 95 89
94 96 1
94 97 109
94 98 264
94 99 264
94 100 97
95 96 209
95 97 95
95 98 246
95 99 157
95 100 130
96 97 167
96 98 185
96 99 252
96 100 187
97 98 103
97 99 298
97 100 28
98 99 87
98 100 235
99 100 37
