100 4950
1 2 206
1 3 189
1 4 118
1 5 73
1 6 8
1 7 228
1 8 231
1 9 112
1 10 158
1 11 208
1 12 7
1 13 204
1 14 113
1 15 80
1 16 27
1 17 44
1 18 205
1 19 203
1 20 65
1 21 30
1 22 86
1 23 125
1 24 146
1 25 254
1 26 137
1 27 41
1 28 210
1 29 103
1 30 144
1 31 5
1 32 256
1 33 110
1 34 164
1 35 179
1 36 27
1 37 287
1 38 258
1 39 294
1 40 105
1 41 147
1 42 274
1 43 245
1 44 135
1 45 109
1 46 158
1 47 190
1 48 267
1 49 183
1 50 91
1 51 78
1 52 289
1 53 217
1 54 16
1 55 94
1 56 14
1 57 287
1 58 265
1 59 38
1 60 144
1 61 173
1 62 187
1 63 235
1 64 232
1 65 31
1 66 32
1 67 172
1 68 175
1 69 94
1 70 135
1 71 214
1 72 16
1 73 64
1 74 264
1 75 44
1 76 126
1 77 165
1 78 94
1 79 233
1 80 180
1 81 210
1 82 188
1 83 29
1 84 216
1 85 120
1 86 225
1 87 207
1 88 35
1 89 276
1 90 177
1 91 72
1 92 160
1 93 210
1 94 13
1 95 220
1 96 239
1 97 146
1 98 22
1 99 260
1 100 82
2 3 243
2 4 36
2 5 169
2 6 276
2 7 160
2 8 266
2 9 31
2 10 271
2 11 22
2 12 70
2 13 63
2 14 94
2 15 270
2 16 194
2 17 57
2 18 147
2 19 8
2 20 136
2 21 121
2 22 268
2 23 148
2 24 200
2 25 202
2 26 200
2 27 160
2 28 143
2 29 110
2 30 35
2 31 190
2 32 171
2 33 100
2 34 256
2 35 130
2 36 193
2 37 173
2 38 215
2 39 255
2 40 257
2 41 178
2 42 86
2 43 19
2 44 54
2 45 192
2 46 77
2 47 73
2 48 265
2 49 104
2 50 167
2 51 196
2 52 239
2 53 91
2 54 36
2 55 114
2 56 87
2 57 69
2 58 252
2 59 290
2 60 30
2 61 77
2 62 97
2 63 291
2 64 29
2 65 257
2 66 82
2 67 20
2 68 233
2 69 128
2 70 113
2 71 206
2 72 296
2 73 74
2 74 181
2 75 154
2 76 249
2 77 85
2 78 217
2 79 246
2 80 57
2 81 229
2 82 113
2 83 192
2 84 142
2 85 192
2 86 287
2 87 173
2 88 133
2 89 211
2 90 284
2 91 35
2 92 259
2 93 23
2 94 95
2 95 2
2 96 54
2 97 166
2 98 192
2 99 37
2 100 1
3 4 91
3 5 159
3 6 93
3 7 251
3 8 263
3 9 291
3 10 253
3 11 263
3 12 54
3 13 102
3 14 14
3 15 4
3 16 106
3 17 213
3 18 202
3 19 112
3 20 209
3 21 229
3 22 67
3 23 207
3 24 17
3 25 240
3 26 11
3 27 158
3 28 61
3 29 180
3 30 74
3 31 25
3 32 137
3 33 238
3 34 246
3 35 159
3 36 39
3 37 105
3 38 278
3 39 80
3 40 231
3 41 15
3 42 95
3 43 209
3 44 227
3 45 185
3 46 46
3 47 19
3 48 92
3 49 83
3 50 213
3 51 113
3 52 272
3 53 94
3 54 158
3 55 221
3 56 114
3 57 226
3 58 264
3 59 185
3 60 81
3 61 168
3 62 58
3 63 266
3 64 262
3 65 58
3 66 119
3 67 73
3 68 182
3 69 93
3 70 161
3 71 24
3 72 276
3 73 174
3 74 249
3 75 241
3 76 79
3 77 152
3 78 38
3 79 268
3 80 5
3 81 17
3 82 11
3 83 88
3 84 237
3 85 184
3 86 211
3 87 26
3 88 298
3 89 215
3 90 264
3 91 10
3 92 39
3 93 259
3 94 55
3 95 154
3 96 96
3 97 269
3 98 204
3 99 182
3 100 161
4 5 229
4 6 97
4 7 192
4 8 243
4 9 60
4 10 0
4 11 280
4 12 154
4 13 5
4 14 191
4 15 18
4 16 237
4 17 6
4 18 173
4 19 58
4 20 130
4 21 150
4 22 223
4 23 76
4 24 183
4 25 239
4 26 133
4 27 177
4 28 109
4 29 271
4 30 214
4 31 48
4 32 59
4 33 231
4 34 101
4 35 110
4 36 274
4 37 292
4 38 164
4 39 67
4 40 9
4 41 122
4 42 175
4 43 128
4 44 200
4 45 188
4 46 164
4 47 201
4 48 161
4 49 64
4 50 238
4 51 70
4 52 127
4 53 139
4 54 249
4 55 277
4 56 136
4 57 31
4 58 249
4 59 206
4 60 226
4 61 98
4 62 276
4 63 237
4 64 185
4 65 289
4 66 96
4 67 257
4 68 198
4 69 78
4 70 145
4 71 160
4 72 297
4 73 76
4 74 112
4 75 38
4 76 81
4 77 43
4 78 109
4 79 156
4 80 127
4 81 16
4 82 102
4 83 114
4 84 54
4 85 102
4 86 246
4 87 162
4 88 90
4 89 195
4 90 69
4 91 70
4 92 218
4 93 146
4 94 29
4 95 234
4 96 289
4 97 221
4 98 157
4 99 47
4 100 183
5 6 70
5 7 16
5 8 271
5 9 83
5 10 91
5 11 70
5 12 41
5 13 106
5 14 256
5 15 46
5 16 125
5 17 214
5 18 48
5 19 259
5 20 205
5 21 188
5 22 16
5 23 257
5 24 57
5 25 137
5 26 16
5 27 116
5 28 189
5 29 65
5 30 115
5 31 30
5 32 182
5 33 174
5 34 85
5 35 10
5 36 186
5 37 225
5 38 170
5 39 38
5 40 34
5 41 18
5 42 43
5 43 56
5 44 93
5 45 24
5 46 292
5 47 15
5 48 248
5 49 128
5 50 6
5 51 282
5 52 4
5 53 268
5 54 223
5 55 100
5 56 98
5 57 222
5 58 219
5 59 75
5 60 242
5 61 190
5 62 51
5 63 2
5 64 224
5 65 19
5 66 135
5 67 194
5 68 248
5 69 128
5 70 115
5 71 64
5 72 187
5 73 167
5 74 152
5 75 135
5 76 68
5 77 209
5 78 197
5 79 239
5 80 209
5 81 276
5 82 214
5 83 1
5 84 202
5 85 252
5 86 55
5 87 111
5 88 229
5 89 115
5 90 39
5 91 128
5 92 170
5 93 215
5 94 260
5 95 62
5 96 273
5 97 191
5 98 273
5 99 252
5 100 73
6 7 257
6 8 278
6 9 155
6 10 232
6 11 285
6 12 105
6 13 62
6 14 241
6 15 53
6 16 240
6 17 75
6 18 272
6 19 111
6 20 188
6 21 248
6 22 77
6 23 25
6 24 253
6 25 251
6 26 26
6 27 142
6 28 68
6 29 127
6 30 31
6 31 144
6 32 16
6 33 50
6 34 76
6 35 53
6 36 61
6 37 70
6 38 49
6 39 197
6 40 276
6 41 6
6 42 21
6 43 141
6 44 271
6 45 124
6 46 101
6 47 99
6 48 189
6 49 150
6 50 188
6 51 214
6 52 105
6 53 161
6 54 241
6 55 140
6 56 296
6 57 263
6 58 88
6 59 249
6 60 206
6 61 58
6 62 291
6 63 266
6 64 111
6 65 158
6 66 156
6 67 107
6 68 226
6 69 221
6 70 89
6 71 170
6 72 120
6 73 170
6 74 91
6 75 45
6 76 48
6 77 163
6 78 20
6 79 107
6 80 184
6 81 204
6 82 261
6 83 180
6 84 143
6 85 125
6 86 210
6 87 16
6 88 149
6 89 66
6 90 92
6 91 164
6 92 245
6 93 132
6 94 289
6 95 182
6 96 264
6 97 96
6 98 282
6 99 272
6 100 22
7 8 67
7 9 292
7 10 213
7 11 16
7 12 129
7 13 242
7 14 224
7 15 297
7 16 95
7 17 214
7 18 259
7 19 52
7 20 134
7 21 190
7 22 29
7 23 158
7 24 118
7 25 157
7 26 118
7 27 42
7 28 110
7 29 179
7 30 109
7 31 54
7 32 135
7 33 204
7 34 174
7 35 6
7 36 99
7 37 73
7 38 200
7 39 296
7 40 237
7 41 232
7 42 7
7 43 288
7 44 172
7 45 36
7 46 264
7 47 272
7 48 139
7 49 87
7 50 190
7 51 147
7 52 253
7 53 18
7 54 178
7 55 58
7 56 251
7 57 163
7 58 109
7 59 115
7 60 18
7 61 271
7 62 191
7 63 94
7 64 14
7 65 191
7 66 96
7 67 155
7 68 108
7 69 36
7 70 134
7 71 0
7 72 155
7 73 84
7 74 151
7 75 37
7 76 238
7 77 231
7 78 206
7 79 181
7 80 43
7 81 56
7 82 155
7 83 153
7 84 170
7 85 135
7 86 4
7 87 102
7 88 186
7 89 296
7 90 169
7 91 281
7 92 93
7 93 275
7 94 231
7 95 120
7 96 127
7 97 42
7 98 285
7 99 18
7 100 256
8 9 296
8 10 227
8 11 76
8 12 281
8 13 145
8 14 31
8 15 53
8 16 163
8 17 138
8 18 135
8 19 109
8 20 43
8 21 123
8 22 129
8 23 84
8 24 262
8 25 16
8 26 172
8 27 39
8 28 67
8 29 251
8 30 41
8 31 36
8 32 30
8 33 93
8 34 186
8 35 78
8 36 37
8 37 195
8 38 245
8 39 195
8 40 48
8 41 190
8 42 100
8 43 261
8 44 108
8 45 104
8 46 48
8 47 46
8 48 219
8 49 115
8 50 24
8 51 180
8 52 219
8 53 243
8 54 37
8 55 297
8 56 240
8 57 170
8 58 272
8 59 53
8 60 6
8 61 77
8 62 154
8 63 274
8 64 4
8 65 280
8 66 24
8 67 212
8 68 48
8 69 247
8 70 163
8 71 229
8 72 67
8 73 126
8 74 76
8 75 133
8 76 18
8 77 228
8 78 244
8 79 222
8 80 25
8 81 287
8 82 29
8 83 41
8 84 174
8 85 193
8 86 233
8 87 134
8 88 197
8 89 135
8 90 125
8 91 31
8 92 198
8 93 145
8 94 242
8 95 140
8 96 270
8 97 213
8 98 98
8 99 251
8 100 8
9 10 167
9 11 239
9 12 266
9 13 135
9 14 94
9 15 284
9 16 120
9 17 203
9 18 58
9 19 192
9 20 287
9 21 122
9 22 263
9 23 48
9 24 204
9 25 200
9 26 178
9 27 0
9 28 82
9 29 168
9 30 120
9 31 268
9 32 90
9 33 279
9 34 179
9 35 148
9 36 194
9 37 8
9 38 198
9 39 152
9 40 113
9 41 13
9 42 272
9 43 138
9 44 157
9 45 206
9 46 13
9 47 30
9 48 252
9 49 218
9 50 63
9 51 298
9 52 137
9 53 252
9 54 280
9 55 230
9 56 112
9 57 17
9 58 41
9 59 76
9 60 264
9 61 276
9 62 232
9 63 178
9 64 4
9 65 122
9 66 158
9 67 224
9 68 22
9 69 229
9 70 43
9 71 196
9 72 239
9 73 86
9 74 153
9 75 197
9 76 131
9 77 224
9 78 174
9 79 55
9 80 172
9 81 158
9 82 184
9 83 46
9 84 33
9 85 91
9 86 298
9 87 294
9 88 94
9 89 153
9 90 38
9 91 132
9 92 216
9 93 225
9 94 97
9 95 52
9 96 175
9 97 262
9 98 252
9 99 234
9 100 18
10 11 13
10 12 113
10 13 12
10 14 289
10 15 60
10 16 206
10 17 60
10 18 248
10 19 19
10 20 120
10 21 201
10 22 17
10 23 69
10 24 20
10 25 241
10 26 109
10 27 111
10 28 193
10 29 88
10 30 82
10 31 224
10 32 187
10 33 228
10 34 89
10 35 143
10 36 161
10 37 234
10 38 64
10 39 97
10 40 223
10 41 289
10 42 162
10 43 287
10 44 83
10 45 250
10 46 96
10 47 127
10 48 223
10 49 193
10 50 14
10 51 132
10 52 272
10 53 214
10 54 113
10 55 176
10 56 170
10 57 131
10 58 160
10 59 78
10 60 193
10 61 151
10 62 233
10 63 194
10 64 48
10 65 241
10 66 13
10 67 295
10 68 263
10 69 193
10 70 285
10 71 223
10 72 17
10 73 207
10 74 287
10 75 68
10 76 24
10 77 244
10 78 210
10 79 56
10 80 60
10 81 56
10 82 22
10 83 54
10 84 35
10 85 42
10 86 250
10 87 193
10 88 245
10 89 181
10 90 8
10 91 41
10 92 293
10 93 93
10 94 136
10 95 72
10 96 224
10 97 109
10 98 206
10 99 247
10 100 238
11 12 81
11 13 243
11 14 153
11 15 42
11 16 132
11 17 122
11 18 165
11 19 258
11 20 113
11 21 38
11 22 128
11 23 151
11 24 42
11 25 28
11 26 18
11 27 210
11 28 213
11 29 121
11 30 249
11 31 241
11 32 231
11 33 59
11 34 266
11 35 129
11 36 56
11 37 231
11 38 1
11 39 37
11 40 55
11 41 134
11 42 219
11 43 200
11 44 179
11 45 179
11 46 35
11 47 65
11 48 145
11 49 80
11 50 266
11 51 128
11 52 160
11 53 93
11 54 129
11 55 257
11 56 228
11 57 298
11 58 277
11 59 122
11 60 100
11 61 178
11 62 80
11 63 85
11 64 161
11 65 67
11 66 135
11 67 220
11 68 112
11 69 294
11 70 198
11 71 221
11 72 205
11 73 240
11 74 144
11 75 244
11 76 177
11 77 102
11 78 83
11 79 240
11 80 162
11 81 165
11 82 288
11 83 157
11 84 254
11 85 71
11 86 50
11 87 207
11 88 270
11 89 153
11 90 298
11 91 165
11 92 215
11 93 101
11 94 67
11 95 58
11 96 183
11 97 38
11 98 11
11 99 276
11 100 75
12 13 106
12 14 101
12 15 281
12 16 196
12 17 226
12 18 284
12 19 120
12 20 291
12 21 298
12 22 287
12 23 19
12 24 92
12 25 174
12 26 281
12 27 276
12 28 195
12 29 218
12 30 8
12 31 225
12 32 126
12 33 259
12 34 116
12 35 67
12 36 22
12 37 273
12 38 161
12 39 95
12 40 122
12 41 41
12 42 171
12 43 33
12 44 261
12 45 43
12 46 283
12 47 286
12 48 267
12 49 49
12 50 64
12 51 270
12 52 221
12 53 263
12 54 23
12 55 81
12 56 146
12 57 57
12 58 159
12 59 48
12 60 129
12 61 57
12 62 16
12 63 119
12 64 278
12 65 63
12 66 101
12 67 45
12 68 3
12 69 271
12 70 187
12 71 77
12 72 270
12 73 297
12 74 140
12 75 296
12 76 2
12 77 261
12 78 134
12 79 37
12 80 207
12 81 276
12 82 227
12 83 65
12 84 38
12 85 98
12 86 84
12 87 136
12 88 270
12 89 169
12 90 101
12 91 60
12 92 146
12 93 142
12 94 250
12 95 255
12 96 262
12 97 6
12 98 3
12 99 124
12 100 146
13 14 55
13 15 81
13 16 198
13 17 180
13 18 190
13 19 148
13 20 9
13 21 8
13 22 61
13 23 138
13 24 100
13 25 128
13 26 39
13 27 266
13 28 266
13 29 268
13 30 21
13 31 158
13 32 271
13 33 181
13 34 291
13 35 191
13 36 296
13 37 291
13 38 157
13 39 119
13 40 107
13 41 53
13 42 59
13 43 49
13 44 75
13 45 17
13 46 112
13 47 286
13 48 254
13 49 276
13 50 60
13 51 37
13 52 7
13 53 77
13 54 6
13 55 267
13 56 79
13 57 65
13 58 127
13 59 165
13 60 32
13 61 27
13 62 94
13 63 220
13 64 234
13 65 129
13 66 299
13 67 116
13 68 291
13 69 190
13 70 58
13 71 134
13 72 74
13 73 135
13 74 199
13 75 132
13 76 151
13 77 238
13 78 170
13 79 73
13 80 277
13 81 77
13 82 150
13 83 188
13 84 230
13 85 55
13 86 229
13 87 161
13 88 2
13 89 24
13 90 274
13 91 243
13 92 254
13 93 169
13 94 207
13 95 23
13 96 147
13 97 16
13 98 203
13 99 277
13 100 260
14 15 198
14 16 154
14 17 145
14 18 200
14 19 187
14 20 221
14 21 57
14 22 193
14 23 267
14 24 173
14 25 163
14 26 220
14 27 163
14 28 131
14 29 37
14 30 23
14 31 224
14 32 203
14 33 231
14 34 223
14 35 83
14 36 168
14 37 174
14 38 281
14 39 66
14 40 84
14 41 202
14 42 14
14 43 34
14 44 290
14 45 216
14 46 142
14 47 247
14 48 279
14 49 174
14 50 160
14 51 24
14 52 23
14 53 59
14 54 146
14 55 193
14 56 251
14 57 151
14 58 40
14 59 18
14 60 270
14 61 148
14 62 39
14 63 240
14 64 203
14 65 198
14 66 147
14 67 258
14 68 69
14 69 284
14 70 80
14 71 130
14 72 195
14 73 280
14 74 38
14 75 159
14 76 290
14 77 174
14 78 22
14 79 271
14 80 244
14 81 197
14 82 229
14 83 205
14 84 203
14 85 38
14 86 170
14 87 14
14 88 162
14 89 282
14 90 223
14 91 174
14 92 235
14 93 97
14 94 172
14 95 252
14 96 59
14 97 10
14 98 261
14 99 85
14 100 31
15 16 130
15 17 148
15 18 111
15 19 225
15 20 267
15 21 223
15 22 104
15 23 214
15 24 58
15 25 265
15 26 35
15 27 171
15 28 184
15 29 36
15 30 155
15 31 72
15 32 168
15 33 298
15 34 275
15 35 143
15 36 239
15 37 124
15 38 122
15 39 62
15 40 157
15 41 189
15 42 106
15 43 232
15 44 18
15 45 27
15 46 207
15 47 99
15 48 187
15 49 78
15 50 193
15 51 218
15 52 107
15 53 270
15 54 281
15 55 205
15 56 224
15 57 197
15 58 286
15 59 211
15 60 179
15 61 190
15 62 165
15 63 123
15 64 180
15 65 65
15 66 28
15 67 170
15 68 276
15 69 76
15 70 122
15 71 290
15 72 123
15 73 140
15 74 238
15 75 55
15 76 193
15 77 127
15 78 252
15 79 85
15 80 154
15 81 229
15 82 258
15 83 282
15 84 5
15 85 76
15 86 232
15 87 290
15 88 80
15 89 16
15 90 276
15 91 211
15 92 233
15 93 213
15 94 258
15 95 116
15 96 128
15 97 112
15 98 278
15 99 83
15 100 122
16 17 151
16 18 34
16 19 57
16 20 270
16 21 84
16 22 144
16 23 240
16 24 17
16 25 8
16 26 79
16 27 206
16 28 124
16 29 161
16 30 185
16 31 85
16 32 265
16 33 163
16 34 110
16 35 257
16 36 244
16 37 13
16 38 112
16 39 263
16 40 263
16 41 169
16 42 37
16 43 116
16 44 53
16 45 39
16 46 280
16 47 203
16 48 229
16 49 61
16 50 19
16 51 50
16 52 209
16 53 3
16 54 147
16 55 36
16 56 3
16 57 288
16 58 53
16 59 16
16 60 145
16 61 256
16 62 242
16 63 131
16 64 87
16 65 69
16 66 273
16 67 235
16 68 55
16 69 212
16 70 206
16 71 254
16 72 253
16 73 46
16 74 193
16 75 70
16 76 284
16 77 43
16 78 119
16 79 36
16 80 150
16 81 153
16 82 118
16 83 37
16 84 50
16 85 216
16 86 13
16 87 170
16 88 108
16 89 122
16 90 234
16 91 13
16 92 216
16 93 30
16 94 118
16 95 7
16 96 174
16 97 102
16 98 234
16 99 44
16 100 130
17 18 226
17 19 236
17 20 89
17 21 165
17 22 188
17 23 267
17 24 245
17 25 22
17 26 4
17 27 18
17 28 143
17 29 122
17 30 121
17 31 182
17 32 35
17 33 248
17 34 73
17 35 253
17 36 195
17 37 241
17 38 174
17 39 277
17 40 45
17 41 225
17 42 230
17 43 250
17 44 119
17 45 207
17 46 110
17 47 224
17 48 32
17 49 290
17 50 282
17 51 214
17 52 64
17 53 61
17 54 56
17 55 109
17 56 61
17 57 128
17 58 284
17 59 16
17 60 239
17 61 266
17 62 161
17 63 208
17 64 142
17 65 60
17 66 40
17 67 11
17 68 152
17 69 102
17 70 296
17 71 210
17 72 227
17 73 275
17 74 187
17 75 28
17 76 248
17 77 116
17 78 193
17 79 252
17 80 202
17 81 135
17 82 100
17 83 136
17 84 164
17 85 69
17 86 39
17 87 142
17 88 62
17 89 118
17 90 31
17 91 298
17 92 107
17 93 241
17 94 96
17 95 299
17 96 184
17 97 39
17 98 91
17 99 3
17 100 256
18 19 197
18 20 57
18 21 122
18 22 76
18 23 136
18 24 62
18 25 123
18 26 172
18 27 259
18 28 40
18 29 298
18 30 137
18 31 204
18 32 42
18 33 280
18 34 98
18 35 24
18 36 149
18 37 268
18 38 196
18 39 291
18 40 15
18 41 143
18 42 259
18 43 191
18 44 46
18 45 208
18 46 250
18 47 271
18 48 157
18 49 154
18 50 233
18 51 209
18 52 36
18 53 24
18 54 162
18 55 198
18 56 75
18 57 174
18 58 42
18 59 271
18 60 148
18 61 111
18 62 3
18 63 224
18 64 30
18 65 222
18 66 138
18 67 91
18 68 209
18 69 198
18 70 119
18 71 263
18 72 91
18 73 237
18 74 20
18 75 131
18 76 211
18 77 181
18 78 288
18 79 50
18 80 227
18 81 26
18 82 229
18 83 105
18 84 171
18 85 104
18 86 199
18 87 15
18 88 39
18 89 115
18 90 100
18 91 8
18 92 1
18 93 84
18 94 213
18 95 98
18 96 224
18 97 184
18 98 189
18 99 112
18 100 208
19 20 130
19 21 48
19 22 144
19 23 92
19 24 16
19 25 90
19 26 193
19 27 15
19 28 278
19 29 12
19 30 239
19 31 278
19 32 51
19 33 236
19 34 96
19 35 212
19 36 53
19 37 31
19 38 171
19 39 28
19 40 0
19 41 123
19 42 36
19 43 53
19 44 286
19 45 291
19 46 63
19 47 191
19 48 89
19 49 167
19 50 236
19 51 50
19 52 283
19 53 289
19 54 295
19 55 214
19 56 114
19 57 134
19 58 192
19 59 16
19 60 245
19 61 134
19 62 242
19 63 155
19 64 34
19 65 186
19 66 18
19 67 257
19 68 85
19 69 189
19 70 80
19 71 73
19 72 206
19 73 46
19 74 288
19 75 166
19 76 70
19 77 1
19 78 45
19 79 43
19 80 20
19 81 13
19 82 260
19 83 103
19 84 286
19 85 201
19 86 111
19 87 199
19 88 11
19 89 180
19 90 27
19 91 37
19 92 100
19 93 50
19 94 159
19 95 73
19 96 249
19 97 145
19 98 64
19 99 259
19 100 276
20 21 209
20 22 131
20 23 285
20 24 20
20 25 170
20 26 229
20 27 9
20 28 100
20 29 1
20 30 213
20 31 210
20 32 64
20 33 88
20 34 123
20 35 184
20 36 30
20 37 199
20 38 188
20 39 157
20 40 203
20 41 107
20 42 244
20 43 44
20 44 251
20 45 175
20 46 13
20 47 23
20 48 16
20 49 165
20 50 241
20 51 247
20 52 94
20 53 281
20 54 162
20 55 90
20 56 66
20 57 274
20 58 43
20 59 63
20 60 222
20 61 257
20 62 107
20 63 170
20 64 70
20 65 172
20 66 20
20 67 81
20 68 35
20 69 3
20 70 28
20 71 297
20 72 30
20 73 25
20 74 237
20 75 175
20 76 127
20 77 153
20 78 165
20 79 120
20 80 236
20 81 146
20 82 90
20 83 116
20 84 39
20 85 88
20 86 56
20 87 172
20 88 261
20 89 226
20 90 119
20 91 107
20 92 242
20 93 219
20 94 268
20 95 80
20 96 121
20 97 70
20 98 120
20 99 120
20 100 81
21 22 63
21 23 282
21 24 39
21 25 200
21 26 166
21 27 249
21 28 140
21 29 102
21 30 136
21 31 121
21 32 154
21 33 193
21 34 100
21 35 235
21 36 129
21 37 85
21 38 154
21 39 92
21 40 170
21 41 162
21 42 261
21 43 48
21 44 197
21 45 75
21 46 88
21 47 85
21 48 220
21 49 7
21 50 22
21 51 251
21 52 155
21 53 296
21 54 132
21 55 73
21 56 108
21 57 193
21 58 276
21 59 212
21 60 215
21 61 99
21 62 199
21 63 227
21 64 169
21 65 29
21 66 164
21 67 117
21 68 118
21 69 6
21 70 56
21 71 158
21 72 114
21 73 199
21 74 34
21 75 74
21 76 279
21 77 70
21 78 205
21 79 179
21 80 94
21 81 221
21 82 85
21 83 8
21 84 148
21 85 193
21 86 53
21 87 120
21 88 217
21 89 43
21 90 43
21 91 22
21 92 30
21 93 201
21 94 240
21 95 121
21 96 75
21 97 253
21 98 204
21 99 74
21 100 165
22 23 75
22 24 241
22 25 250
22 26 161
22 27 259
22 28 190
22 29 282
22 30 184
22 31 72
22 32 52
22 33 6
22 34 299
22 35 291
22 36 168
22 37 67
22 38 182
22 39 217
22 40 150
22 41 218
22 42 299
22 43 157
22 44 146
22 45 151
22 46 111
22 47 203
22 48 289
22 49 24
22 50 137
22 51 241
22 52 180
22 53 44
22 54 135
22 55 60
22 56 229
22 57 184
22 58 239
22 59 32
22 60 213
22 61 10
22 62 237
22 63 158
22 64 195
22 65 21
22 66 31
22 67 171
22 68 238
22 69 29
22 70 233
22 71 55
22 72 274
22 73 40
22 74 137
22 75 165
22 76 6
22 77 105
22 78 264
22 79 143
22 80 137
22 81 289
22 82 156
22 83 18
22 84 281
22 85 287
22 86 196
22 87 232
22 88 21
22 89 88
22 90 63
22 91 12
22 92 137
22 93 139
22 94 181
22 95 45
22 96 127
22 97 92
22 98 137
22 99 82
22 100 167
23 24 188
23 25 16
23 26 136
23 27 268
23 28 234
23 29 135
23 30 122
23 31 108
23 32 119
23 33 130
23 34 84
23 35 63
23 36 201
23 37 272
23 38 247
23 39 227
23 40 293
23 41 296
23 42 84
23 43 28
23 44 151
23 45 168
23 46 89
23 47 250
23 48 280
23 49 24
23 50 51
23 51 154
23 52 118
23 53 14
23 54 130
23 55 149
23 56 18
23 57 72
23 58 37
23 59 180
23 60 208
23 61 110
23 62 25
23 63 38
23 64 71
23 65 56
23 66 78
23 67 215
23 68 180
23 69 33
23 70 117
23 71 13
23 72 298
23 73 102
23 74 124
23 75 204
23 76 80
23 77 115
23 78 103
23 79 36
23 80 233
23 81 197
23 82 260
23 83 205
23 84 106
23 85 32
23 86 128
23 87 163
23 88 44
23 89 166
23 90 88
23 91 230
23 92 206
23 93 87
23 94 287
23 95 247
23 96 130
23 97 199
23 98 36
23 99 188
23 100 261
24 25 0
24 26 216
24 27 131
24 28 211
24 29 155
24 30 171
24 31 160
24 32 276
24 33 242
24 34 11
24 35 147
24 36 98
24 37 72
24 38 69
24 39 29
24 40 8
24 41 277
24 42 258
24 43 114
24 44 187
24 45 7
24 46 18
24 47 151
24 48 192
24 49 95
24 50 243
24 51 77
24 52 83
24 53 145
24 54 123
24 55 242
24 56 52
24 57 197
24 58 271
24 59 17
24 60 34
24 61 17
24 62 112
24 63 286
24 64 252
24 65 236
24 66 66
24 67 46
24 68 70
24 69 64
24 70 289
24 71 14
24 72 147
24 73 193
24 74 207
24 75 283
24 76 141
24 77 293
24 78 92
24 79 184
24 80 98
24 81 103
24 82 57
24 83 127
24 84 96
24 85 48
24 86 189
24 87 107
24 88 96
24 89 271
24 90 80
24 91 144
24 92 131
24 93 299
24 94 93
24 95 31
24 96 201
24 97 260
24 98 126
24 99 294
24 100 116
25 26 27
25 27 93
25 28 260
25 29 96
25 30 270
25 31 279
25 32 235
25 33 33
25 34 247
25 35 81
25 36 21
25 37 13
25 38 125
25 39 215
25 40 117
25 41 275
25 42 14
25 43 119
25 44 93
25 45 294
25 46 91
25 47 296
25 48 267
25 49 295
25 50 78
25 51 253
25 52 113
25 53 176
25 54 66
25 55 256
25 56 62
25 57 37
25 58 185
25 59 4
25 60 7
25 61 22
25 62 26
25 63 145
25 64 299
25 65 190
25 66 248
25 67 103
25 68 31
25 69 288
25 70 95
25 71 49
25 72 149
25 73 18
25 74 166
25 75 69
25 76 257
25 77 82
25 78 152
25 79 77
25 80 265
25 81 15
25 82 89
25 83 101
25 84 49
25 85 268
25 86 130
25 87 264
25 88 107
25 89 270
25 90 269
25 91 112
25 92 102
25 93 99
25 94 292
25 95 52
25 96 62
25 97 67
25 98 135
25 99 88
25 100 7
26 27 131
26 28 123
26 29 226
26 30 251
26 31 172
26 32 153
26 33 69
26 34 20
26 35 59
26 36 262
26 37 74
26 38 138
26 39 297
26 40 156
26 41 218
26 42 297
26 43 147
26 44 34
26 45 280
26 46 85
26 47 247
26 48 2
26 49 119
26 50 41
26 51 256
26 52 55
26 53 85
26 54 270
26 55 65
26 56 64
26 57 216
26 58 33
26 59 110
26 60 140
26 61 21
26 62 116
26 63 64
26 64 235
26 65 210
26 66 212
26 67 189
26 68 74
26 69 28
26 70 123
26 71 153
26 72 60
26 73 104
26 74 187
26 75 251
26 76 250
26 77 106
26 78 41
26 79 26
26 80 1
26 81 261
26 82 70
26 83 66
26 84 145
26 85 262
26 86 22
26 87 39
26 88 264
26 89 246
26 90 167
26 91 142
26 92 84
26 93 289
26 94 150
26 95 198
26 96 59
26 97 213
26 98 121
26 99 197
26 100 60
27 28 215
27 29 257
27 30 220
27 31 203
27 32 151
27 33 121
27 34 84
27 35 106
27 36 49
27 37 293
27 38 108
27 39 224
27 40 248
27 41 75
27 42 137
27 43 32
27 44 202
27 45 199
27 46 13
27 47 55
27 48 25
27 49 205
27 50 238
27 51 61
27 52 16
27 53 224
27 54 27
27 55 130
27 56 199
27 57 292
27 58 141
27 59 229
27 60 95
27 61 44
27 62 14
27 63 291
27 64 135
27 65 172
27 66 177
27 67 210
27 68 16
27 69 233
27 70 193
27 71 140
27 72 7
27 73 204
27 74 296
27 75 34
27 76 82
27 77 54
27 78 157
27 79 180
27 80 75
27 81 52
27 82 239
27 83 182
27 84 174
27 85 51
27 86 258
27 87 45
27 88 37
27 89 84
27 90 171
27 91 32
27 92 15
27 93 126
27 94 177
27 95 266
27 96 223
27 97 171
27 98 263
27 99 156
27 100 26
28 29 98
28 30 50
28 31 193
28 32 234
28 33 8
28 34 112
28 35 33
28 36 214
28 37 262
28 38 162
28 39 167
28 40 128
28 41 63
28 42 27
28 43 177
28 44 31
28 45 298
28 46 88
28 47 84
28 48 289
28 49 211
28 50 129
28 51 244
28 52 270
28 53 66
28 54 116
28 55 132
28 56 160
28 57 247
28 58 236
28 59 277
28 60 271
28 61 130
28 62 216
28 63 281
28 64 151
28 65 149
28 66 168
28 67 33
28 68 258
28 69 26
28 70 288
28 71 225
28 72 289
28 73 175
28 74 21
28 75 65
28 76 153
28 77 298
28 78 5
28 79 76
28 80 69
28 81 167
28 82 121
28 83 71
28 84 169
28 85 212
28 86 287
28 87 49
28 88 4
28 89 209
28 90 90
28 91 215
28 92 248
28 93 226
28 94 8
28 95 32
28 96 24
28 97 143
28 98 192
28 99 206
28 100 112
29 30 56
29 31 102
29 32 8
29 33 275
29 34 149
29 35 5
29 36 158
29 37 141
29 38 75
29 39 80
29 40 123
29 41 261
29 42 190
29 43 218
29 44 207
29 45 38
29 46 164
29 47 184
29 48 41
29 49 112
29 50 16
29 51 148
29 52 86
29 53 251
29 54 173
29 55 294
29 56 41
29 57 235
29 58 136
29 59 161
29 60 247
29 61 58
29 62 40
29 63 195
29 64 87
29 65 78
29 66 192
29 67 117
29 68 37
29 69 239
29 70 112
29 71 217
29 72 117
29 73 269
29 74 299
29 75 296
29 76 296
29 77 73
29 78 99
29 79 120
29 80 266
29 81 14
29 82 21
29 83 162
29 84 147
29 85 261
29 86 285
29 87 233
29 88 240
29 89 136
29 90 228
29 91 221
29 92 137
29 93 219
29 94 58
29 95 110
29 96 185
29 97 72
29 98 282
29 99 291
29 100 191
30 31 154
30 32 95
30 33 299
30 34 70
30 35 192
30 36 235
30 37 61
30 38 257
30 39 158
30 40 100
30 41 156
30 42 123
30 43 263
30 44 83
30 45 18
30 46 107
30 47 140
30 48 42
30 49 155
30 50 16
30 51 71
30 52 42
30 53 281
30 54 273
30 55 133
30 56 27
30 57 71
30 58 104
30 59 133
30 60 18
30 61 266
30 62 150
30 63 234
30 64 192
30 65 157
30 66 69
30 67 168
30 68 145
30 69 194
30 70 53
30 71 171
30 72 159
30 73 193
30 74 121
30 75 121
30 76 206
30 77 186
30 78 200
30 79 12
30 80 29
30 81 50
30 82 188
30 83 36
30 84 149
30 85 276
30 86 137
30 87 62
30 88 42
30 89 35
30 90 137
30 91 110
30 92 133
30 93 73
30 94 76
30 95 3
30 96 156
30 97 281
30 98 219
30 99 67
30 100 293
31 32 48
31 33 280
31 34 192
31 35 112
31 36 68
31 37 120
31 38 15
31 39 152
31 40 111
31 41 158
31 42 239
31 43 286
31 44 216
31 45 109
31 46 43
31 47 45
31 48 298
31 49 130
31 50 115
31 51 21
31 52 178
31 53 129
31 54 198
31 55 161
31 56 127
31 57 285
31 58 46
31 59 34
31 60 31
31 61 150
31 62 182
31 63 97
31 64 208
31 65 288
31 66 83
31 67 162
31 68 248
31 69 288
31 70 43
31 71 261
31 72 64
31 73 56
31 74 192
31 75 160
31 76 221
31 77 87
31 78 94
31 79 114
31 80 133
31 81 197
31 82 151
31 83 53
31 84 171
31 85 221
31 86 143
31 87 296
31 88 3
31 89 105
31 90 110
31 91 136
31 92 67
31 93 137
31 94 78
31 95 227
31 96 240
31 97 120
31 98 66
31 99 149
31 100 279
32 33 290
32 34 21
32 35 55
32 36 293
32 37 223
32 38 65
32 39 113
32 40 298
32 41 164
32 42 13
32 43 202
32 44 26
32 45 282
32 46 287
32 47 87
32 48 283
32 49 290
32 50 31
32 51 236
32 52 264
32 53 274
32 54 69
32 55 93
32 56 46
32 57 254
32 58 64
32 59 93
32 60 46
32 61 71
32 62 36
32 63 75
32 64 286
32 65 127
32 66 43
32 67 19
32 68 50
32 69 153
32 70 96
32 71 291
32 72 25
32 73 29
32 74 176
32 75 165
32 76 218
32 77 112
32 78 280
32 79 258
32 80 223
32 81 288
32 82 235
32 83 281
32 84 289
32 85 128
32 86 145
32 87 86
32 88 208
32 89 22
32 90 128
32 91 268
32 92 164
32 93 52
32 94 34
32 95 79
32 96 186
32 97 262
32 98 152
32 99 218
32 100 244
33 34 87
33 35 178
33 36 78
33 37 260
33 38 2
33 39 37
33 40 120
33 41 205
33 42 269
33 43 28
33 44 182
33 45 9
33 46 170
33 47 292
33 48 223
33 49 275
33 50 145
33 51 8
33 52 88
33 53 135
33 54 56
33 55 98
33 56 197
33 57 219
33 58 200
33 59 232
33 60 178
33 61 183
33 62 152
33 63 160
33 64 294
33 65 46
33 66 190
33 67 247
33 68 190
33 69 77
33 70 247
33 71 21
33 72 116
33 73 251
33 74 226
33 75 237
33 76 154
33 77 71
33 78 13
33 79 266
33 80 56
33 81 195
33 82 194
33 83 100
33 84 81
33 85 31
33 86 27
33 87 136
33 88 180
33 89 155
33 90 288
33 91 255
33 92 36
33 93 287
33 94 183
33 95 81
33 96 246
33 97 258
33 98 164
33 99 115
33 100 202
34 35 78
34 36 9
34 37 181
34 38 220
34 39 115
34 40 239
34 41 161
34 42 230
34 43 239
34 44 289
34 45 5
34 46 65
34 47 151
34 48 71
34 49 57
34 50 247
34 51 220
34 52 273
34 53 211
34 54 252
34 55 92
34 56 71
34 57 223
34 58 4
34 59 272
34 60 256
34 61 40
34 62 5
34 63 29
34 64 150
34 65 10
34 66 120
34 67 92
34 68 40
34 69 3
34 70 35
34 71 147
34 72 157
34 73 252
34 74 230
34 75 75
34 76 256
34 77 2
34 78 117
34 79 44
34 80 227
34 81 37
34 82 26
34 83 289
34 84 68
34 85 114
34 86 231
34 87 32
34 88 160
34 89 136
34 90 125
34 91 273
34 92 106
34 93 3
34 94 232
34 95 175
34 96 275
34 97 15
34 98 70
34 99 22
34 100 216
35 36 212
35 37 24
35 38 181
35 39 255
35 40 246
35 41 122
35 42 124
35 43 52
35 44 129
35 45 168
35 46 100
35 47 286
35 48 55
35 49 86
35 50 207
35 51 92
35 52 11
35 53 85
35 54 115
35 55 45
35 56 28
35 57 282
35 58 32
35 59 5
35 60 154
35 61 63
35 62 221
35 63 218
35 64 35
35 65 14
35 66 34
35 67 85
35 68 124
35 69 154
35 70 233
35 71 65
35 72 99
35 73 91
35 74 234
35 75 214
35 76 31
35 77 86
35 78 297
35 79 94
35 80 66
35 81 223
35 82 6
35 83 213
35 84 7
35 85 151
35 86 195
35 87 35
35 88 235
35 89 271
35 90 258
35 91 125
35 92 58
35 93 208
35 94 264
35 95 92
35 96 7
35 97 34
35 98 218
35 99 196
35 100 244
36 37 208
36 38 237
36 39 210
36 40 153
36 41 132
36 42 50
36 43 243
36 44 4
36 45 159
36 46 175
36 47 140
36 48 254
36 49 202
36 50 135
36 51 158
36 52 128
36 53 176
36 54 125
36 55 81
36 56 123
36 57 287
36 58 115
36 59 174
36 60 178
36 61 247
36 62 266
36 63 225
36 64 123
36 65 124
36 66 85
36 67 122
36 68 232
36 69 5
36 70 29
36 71 253
36 72 28
36 73 229
36 74 230
36 75 265
36 76 298
36 77 139
36 78 150
36 79 111
36 80 156
36 81 295
36 82 124
36 83 34
36 84 237
36 85 139
36 86 266
36 87 12
36 88 243
36 89 122
36 90 170
36 91 174
36 92 161
36 93 154
36 94 69
36 95 124
36 96 26
36 97 233
36 98 284
36 99 136
36 100 248
37 38 73
37 39 187
37 40 290
37 41 112
37 42 169
37 43 82
37 44 60
37 45 63
37 46 88
37 47 232
37 48 51
37 49 72
37 50 108
37 51 64
37 52 65
37 53 177
37 54 54
37 55 182
37 56 260
37 57 125
37 58 161
37 59 32
37 60 248
37 61 182
37 62 131
37 63 284
37 64 261
37 65 71
37 66 201
37 67 38
37 68 156
37 69 297
37 70 121
37 71 195
37 72 253
37 73 219
37 74 27
37 75 8
37 76 138
37 77 46
37 78 124
37 79 220
37 80 71
37 81 239
37 82 293
37 83 25
37 84 57
37 85 276
37 86 25
37 87 221
37 88 87
37 89 221
37 90 124
37 91 235
37 92 151
37 93 278
37 94 237
37 95 192
37 96 80
37 97 200
37 98 160
37 99 81
37 100 226
38 39 94
38 40 165
38 41 187
38 42 12
38 43 198
38 44 127
38 45 266
38 46 223
38 47 94
38 48 225
38 49 282
38 50 125
38 51 230
38 52 126
38 53 164
38 54 164
38 55 23
38 56 227
38 57 212
38 58 114
38 59 149
38 60 236
38 61 43
38 62 293
38 63 166
38 64 79
38 65 254
38 66 277
38 67 291
38 68 152
38 69 210
38 70 226
38 71 221
38 72 126
38 73 78
38 74 179
38 75 99
38 76 187
38 77 126
38 78 19
38 79 9
38 80 127
38 81 225
38 82 243
38 83 66
38 84 155
38 85 202
38 86 164
38 87 57
38 88 5
38 89 253
38 90 58
38 91 143
38 92 116
38 93 75
38 94 12
38 95 163
38 96 159
38 97 134
38 98 290
38 99 0
38 100 154
39 40 95
39 41 85
39 42 125
39 43 203
39 44 21
39 45 245
39 46 106
39 47 188
39 48 25
39 49 67
39 50 106
39 51 190
39 52 269
39 53 70
39 54 175
39 55 83
39 56 126
39 57 4
39 58 252
39 59 281
39 60 188
39 61 108
39 62 35
39 63 170
39 64 280
39 65 228
39 66 145
39 67 165
39 68 153
39 69 6
39 70 215
39 71 75
39 72 257
39 73 245
39 74 249
39 75 271
39 76 289
39 77 256
39 78 251
39 79 240
39 80 244
39 81 234
39 82 48
39 83 5
39 84 137
39 85 48
39 86 60
39 87 226
39 88 186
39 89 257
39 90 211
39 91 117
39 92 297
39 93 82
39 94 222
39 95 72
39 96 96
39 97 146
39 98 137
39 99 235
39 100 60
40 41 151
40 42 92
40 43 213
40 44 253
40 45 24
40 46 224
40 47 235
40 48 62
40 49 168
40 50 207
40 51 36
40 52 296
40 53 97
40 54 3
40 55 144
40 56 163
40 57 122
40 58 6
40 59 118
40 60 34
40 61 116
40 62 40
40 63 264
40 64 79
40 65 226
40 66 80
40 67 234
40 68 121
40 69 96
40 70 55
40 71 241
40 72 262
40 73 238
40 74 20
40 75 138
40 76 180
40 77 122
40 78 2
40 79 157
40 80 219
40 81 212
40 82 23
40 83 108
40 84 108
40 85 191
40 86 44
40 87 8
40 88 196
40 89 8
40 90 15
40 91 209
40 92 134
40 93 132
40 94 131
40 95 221
40 96 194
40 97 31
40 98 273
40 99 52
40 100 123
41 42 59
41 43 224
41 44 8
41 45 131
41 46 130
41 47 130
41 48 229
41 49 15
41 50 61
41 51 201
41 52 292
41 53 136
41 54 44
41 55 202
41 56 108
41 57 271
41 58 239
41 59 47
41 60 44
41 61 114
41 62 201
41 63 240
41 64 221
41 65 199
41 66 117
41 67 103
41 68 284
41 69 90
41 70 278
41 71 31
41 72 182
41 73 208
41 74 176
41 75 18
41 76 149
41 77 233
41 78 125
41 79 101
41 80 111
41 81 184
41 82 5
41 83 228
41 84 243
41 85 196
41 86 92
41 87 275
41 88 205
41 89 99
41 90 102
41 91 31
41 92 290
41 93 78
41 94 201
41 95 132
41 96 59
41 97 11
41 98 108
41 99 210
41 100 192
42 43 199
42 44 44
42 45 260
42 46 288
42 47 146
42 48 32
42 49 163
42 50 161
42 51 271
42 52 144
42 53 282
42 54 162
42 55 92
42 56 43
42 57 55
42 58 89
42 59 250
42 60 277
42 61 271
42 62 68
42 63 20
42 64 173
42 65 260
42 66 259
42 67 294
42 68 189
42 69 180
42 70 187
42 71 214
42 72 81
42 73 202
42 74 177
42 75 33
42 76 44
42 77 12
42 78 295
42 79 269
42 80 202
42 81 149
42 82 204
42 83 34
42 84 282
42 85 226
42 86 297
42 87 145
42 88 141
42 89 61
42 90 95
42 91 9
42 92 254
42 93 149
42 94 157
42 95 224
42 96 161
42 97 58
42 98 183
42 99 178
42 100 296
43 44 174
43 45 189
43 46 265
43 47 209
43 48 132
43 49 200
43 50 162
43 51 8
43 52 135
43 53 30
43 54 268
43 55 256
43 56 93
43 57 191
43 58 59
43 59 70
43 60 247
43 61 115
43 62 201
43 63 31
43 64 183
43 65 223
43 66 141
43 67 110
43 68 284
43 69 150
43 70 24
43 71 220
43 72 284
43 73 99
43 74 234
43 75 46
43 76 193
43 77 100
43 78 102
43 79 250
43 80 246
43 81 258
43 82 183
43 83 214
43 84 231
43 85 29
43 86 107
43 87 70
43 88 60
43 89 88
43 90 112
43 91 165
43 92 55
43 93 212
43 94 124
43 95 123
43 96 102
43 97 107
43 98 18
43 99 89
43 100 293
44 45 267
44 46 126
44 47 70
44 48 203
44 49 284
44 50 190
44 51 73
44 52 4
44 53 226
44 54 171
44 55 79
44 56 87
44 57 99
44 58 115
44 59 175
44 60 211
44 61 94
44 62 99
44 63 124
44 64 100
44 65 215
44 66 297
44 67 223
44 68 211
44 69 281
44 70 119
44 71 39
44 72 206
44 73 168
44 74 268
44 75 228
44 76 256
44 77 150
44 78 190
44 79 172
44 80 291
44 81 122
44 82 247
44 83 222
44 84 46
44 85 265
44 86 53
44 87 160
44 88 124
44 89 81
44 90 102
44 91 90
44 92 13
44 93 39
44 94 6
44 95 128
44 96 140
44 97 272
44 98 64
44 99 149
44 100 108
45 46 256
45 47 48
45 48 246
45 49 171
45 50 62
45 51 94
45 52 172
45 53 42
45 54 101
45 55 62
45 56 116
45 57 144
45 58 164
45 59 98
45 60 283
45 61 3
45 62 245
45 63 207
45 64 296
45 65 34
45 66 264
45 67 222
45 68 5
45 69 191
45 70 73
45 71 51
45 72 140
45 73 288
45 74 90
45 75 3
45 76 147
45 77 85
45 78 237
45 79 76
45 80 296
45 81 30
45 82 51
45 83 282
45 84 102
45 85 184
45 86 105
45 87 184
45 88 161
45 89 266
45 90 188
45 91 64
45 92 295
45 93 52
45 94 298
45 95 47
45 96 63
45 97 12
45 98 220
45 99 253
45 100 91
46 47 123
46 48 140
46 49 48
46 50 111
46 51 232
46 52 137
46 53 115
46 54 142
46 55 210
46 56 101
46 57 23
46 58 54
46 59 70
46 60 178
46 61 187
46 62 113
46 63 152
46 64 71
46 65 17
46 66 131
46 67 100
46 68 120
46 69 208
46 70 39
46 71 214
46 72 290
46 73 281
46 74 62
46 75 233
46 76 276
46 77 169
46 78 99
46 79 199
46 80 173
46 81 62
46 82 212
46 83 287
46 84 96
46 85 69
46 86 97
46 87 0
46 88 153
46 89 120
46 90 65
46 91 252
46 92 292
46 93 103
46 94 68
46 95 63
46 96 55
46 97 64
46 98 196
46 99 23
46 100 206
47 48 138
47 49 65
47 50 81
47 51 205
47 52 19
47 53 202
47 54 276
47 55 222
47 56 196
47 57 176
47 58 247
47 59 175
47 60 106
47 61 11
47 62 216
47 63 172
47 64 269
47 65 82
47 66 132
47 67 193
47 68 278
47 69 100
47 70 192
47 71 63
47 72 104
47 73 156
47 74 273
47 75 213
47 76 119
47 77 245
47 78 53
47 79 83
47 80 34
47 81 250
47 82 232
47 83 173
47 84 168
47 85 95
47 86 61
47 87 146
47 88 50
47 89 31
47 90 210
47 91 297
47 92 71
47 93 162
47 94 84
47 95 37
47 96 202
47 97 16
47 98 147
47 99 287
47 100 160
48 49 139
48 50 114
48 51 292
48 52 19
48 53 290
48 54 117
48 55 290
48 56 283
48 57 268
48 58 261
48 59 59
48 60 185
48 61 150
48 62 126
48 63 137
48 64 108
48 65 111
48 66 179
48 67 31
48 68 222
48 69 213
48 70 138
48 71 229
48 72 284
48 73 283
48 74 238
48 75 250
48 76 80
48 77 138
48 78 28
48 79 266
48 80 31
48 81 43
48 82 259
48 83 27
48 84 224
48 85 35
48 86 71
48 87 29
48 88 197
48 89 229
48 90 260
48 91 35
48 92 174
48 93 88
48 94 243
48 95 73
48 96 11
48 97 235
48 98 86
48 99 118
48 100 109
49 50 4
49 51 277
49 52 212
49 53 81
49 54 97
49 55 29
49 56 232
49 57 172
49 58 212
49 59 165
49 60 8
49 61 29
49 62 113
49 63 50
49 64 210
49 65 261
49 66 37
49 67 59
49 68 81
49 69 248
49 70 17
49 71 147
49 72 236
49 73 100
49 74 60
49 75 219
49 76 140
49 77 133
49 78 102
49 79 156
49 80 31
49 81 174
49 82 41
49 83 225
49 84 237
49 85 295
49 86 103
49 87 201
49 88 83
49 89 220
49 90 251
49 91 224
49 92 251
49 93 251
49 94 208
49 95 268
49 96 49
49 97 184
49 98 59
49 99 215
49 100 132
50 51 129
50 52 271
50 53 150
50 54 255
50 55 14
50 56 173
50 57 164
50 58 246
50 59 185
50 60 95
50 61 58
50 62 290
50 63 104
50 64 71
50 65 214
50 66 51
50 67 200
50 68 194
50 69 100
50 70 166
50 71 271
50 72 197
50 73 251
50 74 142
50 75 169
50 76 278
50 77 135
50 78 50
50 79 60
50 80 81
50 81 121
50 82 51
50 83 285
50 84 154
50 85 128
50 86 212
50 87 37
50 88 53
50 89 196
50 90 76
50 91 260
50 92 221
50 93 236
50 94 135
50 95 181
50 96 149
50 97 263
50 98 220
50 99 258
50 100 168
51 52 56
51 53 128
51 54 2
51 55 273
51 56 152
51 57 213
51 58 253
51 59 91
51 60 15
51 61 48
51 62 100
51 63 65
51 64 252
51 65 109
51 66 31
51 67 158
51 68 210
51 69 9
51 70 4
51 71 190
51 72 269
51 73 136
51 74 180
51 75 115
51 76 187
51 77 141
51 78 50
51 79 148
51 80 180
51 81 41
51 82 38
51 83 271
51 84 117
51 85 206
51 86 75
51 87 26
51 88 23
51 89 10
51 90 145
51 91 278
51 92 264
51 93 129
51 94 293
51 95 89
51 96 133
51 97 174
51 98 10
51 99 170
51 100 79
52 53 132
52 54 157
52 55 163
52 56 167
52 57 70
52 58 111
52 59 62
52 60 235
52 61 187
52 62 183
52 63 186
52 64 213
52 65 154
52 66 202
52 67 94
52 68 106
52 69 8
52 70 96
52 71 21
52 72 213
52 73 213
52 74 261
52 75 137
52 76 296
52 77 228
52 78 31
52 79 105
52 80 56
52 81 62
52 82 262
52 83 39
52 84 82
52 85 218
52 86 77
52 87 280
52 88 32
52 89 128
52 90 186
52 91 11
52 92 76
52 93 36
52 94 267
52 95 180
52 96 92
52 97 197
52 98 276
52 99 179
52 100 145
53 54 209
53 55 151
53 56 73
53 57 83
53 58 145
53 59 241
53 60 16
53 61 267
53 62 168
53 63 59
53 64 0
53 65 221
53 66 197
53 67 52
53 68 243
53 69 198
53 70 114
53 71 73
53 72 153
53 73 148
53 74 87
53 75 287
53 76 232
53 77 155
53 78 115
53 79 240
53 80 179
53 81 70
53 82 12
53 83 178
53 84 251
53 85 64
53 86 214
53 87 124
53 88 150
53 89 215
53 90 267
53 91 136
53 92 53
53 93 75
53 94 65
53 95 87
53 96 126
53 97 281
53 98 171
53 99 89
53 100 267
54 55 282
54 56 165
54 57 299
54 58 180
54 59 242
54 60 197
54 61 159
54 62 214
54 63 293
54 64 214
54 65 102
54 66 109
54 67 234
54 68 178
54 69 141
54 70 292
54 71 227
54 72 260
54 73 236
54 74 113
54 75 262
54 76 139
54 77 84
54 78 255
54 79 166
54 80 76
54 81 48
54 82 266
54 83 218
54 84 148
54 85 295
54 86 47
54 87 90
54 88 298
54 89 135
54 90 190
54 91 254
54 92 73
54 93 163
54 94 115
54 95 119
54 96 209
54 97 193
54 98 40
54 99 237
54 100 77
55 56 281
55 57 81
55 58 29
55 59 70
55 60 118
55 61 273
55 62 262
55 63 147
55 64 79
55 65 259
55 66 17
55 67 149
55 68 201
55 69 267
55 70 58
55 71 190
55 72 164
55 73 221
55 74 44
55 75 178
55 76 272
55 77 187
55 78 102
55 79 218
55 80 138
55 81 105
55 82 61
55 83 159
55 84 76
55 85 179
55 86 215
55 87 39
55 88 62
55 89 199
55 90 274
55 91 237
55 92 267
55 93 278
55 94 168
55 95 166
55 96 179
55 97 189
55 98 207
55 99 178
55 100 9
56 57 264
56 58 92
56 59 273
56 60 96
56 61 68
56 62 201
56 63 196
56 64 71
56 65 230
56 66 14
56 67 55
56 68 160
56 69 72
56 70 82
56 71 15
56 72 82
56 73 141
56 74 7
56 75 228
56 76 122
56 77 161
56 78 87
56 79 135
56 80 70
56 81 31
56 82 145
56 83 112
56 84 253
56 85 80
56 86 7
56 87 279
56 88 185
56 89 4
56 90 86
56 91 184
56 92 253
56 93 0
56 94 174
56 95 184
56 96 20
56 97 185
56 98 30
56 99 69
56 100 6
57 58 251
57 59 257
57 60 277
57 61 157
57 62 259
57 63 248
57 64 224
57 65 61
57 66 203
57 67 281
57 68 24
57 69 73
57 70 37
57 71 62
57 72 140
57 73 65
57 74 169
57 75 15
57 76 181
57 77 202
57 78 250
57 79 252
57 80 204
57 81 296
57 82 241
57 83 19
57 84 120
57 85 269
57 86 93
57 87 91
57 88 205
57 89 226
57 90 172
57 91 228
57 92 172
57 93 271
57 94 62
57 95 240
57 96 99
57 97 100
57 98 169
57 99 228
57 100 200
58 59 112
58 60 172
58 61 126
58 62 44
58 63 165
58 64 224
58 65 295
58 66 13
58 67 137
58 68 155
58 69 108
58 70 237
58 71 188
58 72 143
58 73 204
58 74 188
58 75 273
58 76 29
58 77 247
58 78 46
58 79 101
58 80 48
58 81 35
58 82 135
58 83 61
58 84 54
58 85 235
58 86 107
58 87 284
58 88 262
58 89 292
58 90 280
58 91 275
58 92 172
58 93 243
58 94 148
58 95 78
58 96 294
58 97 35
58 98 207
58 99 48
58 100 16
59 60 69
59 61 91
59 62 108
59 63 247
59 64 160
59 65 38
59 66 7
59 67 241
59 68 186
59 69 2
59 70 290
59 71 17
59 72 54
59 73 127
59 74 4
59 75 7
59 76 205
59 77 125
59 78 235
59 79 217
59 80 109
59 81 11
59 82 34
59 83 139
59 84 120
59 85 114
59 86 122
59 87 239
59 88 81
59 89 123
59 90 191
59 91 115
59 92 110
59 93 60
59 94 167
59 95 140
59 96 80
59 97 17
59 98 112
59 99 3
59 100 274
60 61 61
60 62 264
60 63 79
60 64 45
60 65 168
60 66 14
60 67 124
60 68 251
60 69 50
60 70 243
60 71 8
60 72 148
60 73 154
60 74 71
60 75 56
60 76 126
60 77 230
60 78 100
60 79 56
60 80 134
60 81 161
60 82 25
60 83 81
60 84 227
60 85 266
60 86 252
60 87 24
60 88 73
60 89 106
60 90 256
60 91 191
60 92 42
60 93 89
60 94 11
60 95 150
60 96 23
60 97 210
60 98 186
60 99 265
60 100 37
61 62 277
61 63 250
61 64 256
61 65 12
61 66 127
61 67 28
61 68 196
61 69 234
61 70 180
61 71 133
61 72 78
61 73 215
61 74 296
61 75 149
61 76 15
61 77 102
61 78 21
61 79 46
61 80 286
61 81 179
61 82 171
61 83 261
61 84 221
61 85 109
61 86 110
61 87 127
61 88 194
61 89 149
61 90 244
61 91 185
61 92 30
61 93 171
61 94 154
61 95 163
61 96 107
61 97 221
61 98 183
61 99 114
61 100 233
62 63 251
62 64 248
62 65 295
62 66 179
62 67 205
62 68 148
62 69 137
62 70 56
62 71 66
62 72 7
62 73 159
62 74 212
62 75 52
62 76 136
62 77 264
62 78 195
62 79 260
62 80 244
62 81 203
62 82 259
62 83 232
62 84 76
62 85 146
62 86 164
62 87 285
62 88 234
62 89 296
62 90 138
62 91 159
62 92 50
62 93 153
62 94 51
62 95 4
62 96 236
62 97 0
62 98 84
62 99 215
62 100 95
63 64 82
63 65 122
63 66 122
63 67 62
63 68 284
63 69 13
63 70 170
63 71 35
63 72 72
63 73 177
63 74 46
63 75 0
63 76 176
63 77 269
63 78 119
63 79 122
63 80 207
63 81 269
63 82 122
63 83 70
63 84 200
63 85 93
63 86 54
63 87 290
63 88 135
63 89 248
63 90 187
63 91 162
63 92 91
63 93 288
63 94 76
63 95 231
63 96 224
63 97 97
63 98 185
63 99 77
63 100 99
64 65 216
64 66 200
64 67 93
64 68 22
64 69 134
64 70 6
64 71 200
64 72 76
64 73 259
64 74 52
64 75 137
64 76 58
64 77 227
64 78 5
64 79 283
64 80 65
64 81 199
64 82 121
64 83 284
64 84 225
64 85 83
64 86 4
64 87 77
64 88 276
64 89 298
64 90 140
64 91 292
64 92 72
64 93 75
64 94 151
64 95 228
64 96 20
64 97 157
64 98 239
64 99 264
64 100 56
65 66 280
65 67 266
65 68 47
65 69 208
65 70 148
65 71 121
65 72 105
65 73 126
65 74 188
65 75 262
65 76 172
65 77 236
65 78 298
65 79 163
65 80 204
65 81 89
65 82 108
65 83 129
65 84 149
65 85 157
65 86 251
65 87 159
65 88 125
65 89 176
65 90 173
65 91 275
65 92 47
65 93 196
65 94 83
65 95 5
65 96 128
65 97 76
65 98 81
65 99 106
65 100 79
66 67 77
66 68 126
66 69 39
66 70 282
66 71 154
66 72 258
66 73 58
66 74 31
66 75 164
66 76 198
66 77 77
66 78 296
66 79 75
66 80 78
66 81 133
66 82 7
66 83 44
66 84 26
66 85 257
66 86 184
66 87 131
66 88 258
66 89 117
66 90 215
66 91 85
66 92 158
66 93 222
66 94 290
66 95 72
66 96 90
66 97 63
66 98 48
66 99 225
66 100 257
67 68 232
67 69 181
67 70 191
67 71 81
67 72 272
67 73 9
67 74 188
67 75 134
67 76 270
67 77 110
67 78 125
67 79 29
67 80 215
67 81 1
67 82 183
67 83 284
67 84 16
67 85 194
67 86 101
67 87 278
67 88 90
67 89 204
67 90 93
67 91 218
67 92 68
67 93 48
67 94 172
67 95 224
67 96 295
67 97 78
67 98 57
67 99 53
67 100 240
68 69 169
68 70 217
68 71 97
68 72 81
68 73 295
68 74 79
68 75 263
68 76 77
68 77 112
68 78 45
68 79 99
68 80 110
68 81 188
68 82 296
68 83 72
68 84 243
68 85 140
68 86 103
68 87 207
68 88 163
68 89 69
68 90 238
68 91 259
68 92 173
68 93 34
68 94 225
68 95 63
68 96 49
68 97 117
68 98 208
68 99 36
68 100 22
69 70 166
69 71 179
69 72 127
69 73 165
69 74 27
69 75 59
69 76 176
69 77 70
69 78 47
69 79 214
69 80 1
69 81 142
69 82 168
69 83 11
69 84 138
69 85 138
69 86 135
69 87 107
69 88 291
69 89 82
69 90 240
69 91 136
69 92 210
69 93 222
69 94 260
69 95 12
69 96 7
69 97 267
69 98 43
69 99 166
69 100 128
70 71 37
70 72 272
70 73 248
70 74 187
70 75 62
70 76 218
70 77 206
70 78 111
70 79 241
70 80 202
70 81 89
70 82 155
70 83 28
70 84 68
70 85 121
70 86 214
70 87 255
70 88 10
70 89 214
70 90 158
70 91 165
70 92 76
70 93 180
70 94 65
70 95 66
70 96 135
70 97 34
70 98 40
70 99 57
70 100 277
71 72 94
71 73 183
71 74 3
71 75 242
71 76 125
71 77 27
71 78 84
71 79 187
71 80 225
71 81 222
71 82 64
71 83 178
71 84 217
71 85 254
71 86 185
71 87 67
71 88 179
71 89 25
71 90 4
71 91 119
71 92 278
71 93 132
71 94 241
71 95 113
71 96 217
71 97 127
71 98 87
71 99 134
71 100 115
72 73 130
72 74 75
72 75 142
72 76 174
72 77 159
72 78 79
72 79 188
72 80 52
72 81 61
72 82 70
72 83 145
72 84 72
72 85 281
72 86 193
72 87 32
72 88 41
72 89 178
72 90 39
72 91 142
72 92 167
72 93 288
72 94 70
72 95 199
72 96 173
72 97 76
72 98 110
72 99 288
72 100 248
73 74 55
73 75 229
73 76 199
73 77 133
73 78 265
73 79 256
73 80 241
73 81 264
73 82 133
73 83 260
73 84 98
73 85 279
73 86 125
73 87 268
73 88 99
73 89 293
73 90 255
73 91 178
73 92 275
73 93 288
73 94 134
73 95 41
73 96 196
73 97 276
73 98 61
73 99 206
73 100 155
74 75 100
74 76 159
74 77 121
74 78 84
74 79 92
74 80 6
74 81 162
74 82 53
74 83 287
74 84 70
74 85 298
74 86 286
74 87 213
74 88 192
74 89 142
74 90 226
74 91 244
74 92 115
74 93 27
74 94 119
74 95 53
74 96 102
74 97 230
74 98 198
74 99 138
74 100 295
75 76 191
75 77 283
75 78 59
75 79 228
75 80 272
75 81 135
75 82 254
75 83 38
75 84 104
75 85 237
75 86 133
75 87 275
75 88 227
75 89 180
75 90 111
75 91 275
75 92 163
75 93 23
75 94 8
75 95 188
75 96 200
75 97 271
75 98 100
75 99 87
75 100 241
76 77 28
76 78 14
76 79 93
76 80 16
76 81 262
76 82 295
76 83 106
76 84 92
76 85 262
76 86 112
76 87 139
76 88 200
76 89 281
76 90 152
76 91 242
76 92 122
76 93 127
76 94 1
76 95 214
76 96 167
76 97 84
76 98 64
76 99 182
76 100 267
77 78 50
77 79 263
77 80 161
77 81 48
77 82 198
77 83 237
77 84 162
77 85 284
77 86 70
77 87 270
77 88 258
77 89 212
77 90 294
77 91 177
77 92 273
77 93 222
77 94 135
77 95 181
77 96 250
77 97 146
77 98 212
77 99 176
77 100 230
78 79 233
78 80 296
78 81 262
78 82 137
78 83 299
78 84 94
78 85 101
78 86 70
78 87 216
78 88 168
78 89 269
78 90 78
78 91 74
78 92 5
78 93 64
78 94 63
78 95 183
78 96 218
78 97 269
78 98 256
78 99 148
78 100 155
79 80 166
79 81 108
79 82 99
79 83 126
79 84 234
79 85 279
79 86 192
79 87 60
79 88 49
79 89 273
79 90 81
79 91 131
79 92 214
79 93 35
79 94 280
79 95 130
79 96 286
79 97 276
79 98 257
79 99 170
79 100 80
80 81 190
80 82 236
80 83 293
80 84 189
80 85 117
80 86 107
80 87 147
80 88 247
80 89 262
80 90 181
80 91 203
80 92 183
80 93 61
80 94 174
80 95 237
80 96 189
80 97 1
80 98 55
80 99 244
80 100 100
81 82 61
81 83 207
81 84 167
81 85 133
81 86 236
81 87 49
81 88 186
81 89 148
81 90 178
81 91 11
81 92 295
81 93 80
81 94 66
81 95 132
81 96 247
81 97 87
81 98 107
81 99 184
81 100 145
82 83 150
82 84 176
82 85 279
82 86 228
82 87 268
82 88 129
82 89 299
82 90 71
82 91 223
82 92 155
82 93 107
82 94 159
82 95 208
82 96 201
82 97 172
82 98 107
82 99 10
82 100 208
83 84 89
83 85 170
83 86 119
83 87 198
83 88 33
83 89 240
83 90 198
83 91 28
83 92 14
83 93 151
83 94 43
83 95 89
83 96 278
83 97 140
83 98 200
83 99 200
83 100 148
84 85 83
84 86 61
84 87 50
84 88 244
84 89 279
84 90 272
84 91 184
84 92 204
84 93 54
84 94 83
84 95 139
84 96 280
84 97 262
84 98 151
84 99 97
84 100 133
85 86 98
85 87 285
85 88 223
85 89 242
85 90 185
85 91 53
85 92 185
85 93 175
85 94 248
85 95 198
85 96 248
85 97 145
85 98 43
85 99 247
85 100 192
86 87 131
86 88 57
86 89 210
86 90 26
86 91 157
86 92 64
86 93 223
86 94 86
86 95 291
86 96 132
86 97 104
86 98 256
86 99 280
86 100 131
87 88 125
87 89 206
87 90 257
87 91 174
87 92 209
87 93 293
87 94 104
87 95 223
87 96 13
87 97 161
87 98 0
87 99 127
87 100 174
88 89 149
88 90 57
88 91 81
88 92 265
88 93 99
88 94 189
88 95 134
88 96 115
88 97 32
88 98 183
88 99 95
88 100 135
89 90 277
89 91 139
89 92 284
89 93 221
89 94 169
89 95 57
89 96 206
89 97 146
89 98 158
89 99 119
89 100 86
90 91 242
90 92 149
90 93 282
90 94 43
90 95 168
90 96 190
90 97 270
90 98 53
90 99 171
90 100 144
91 92 79
91 93 84
91 94 42
91 95 226
91 96 296
91 97 268
91 98 232
91 99 168
91 100 145
92 93 105
92 94 205
92 95 117
92 96 226
92 97 132
92 98 96
92 99 50
92 100 22
93 94 163
93 95 65
93 96 159
93 97 293
93 98 132
93 99 291
93 100 214
94 95 12
94 96 102
94 97 10
94 98 125
94 99 121
94 100 222
95 96 281
95 97 257
95 98 118
95 99 200
95 100 33
96 97 129
96 98 180
96 99 278
96 100 254
97 98 207
97 99 269
97 100 186
98 99 117
98 100 33
99 100 239
