100 4950
1 2 135
1 3 264
1 4 72
1 5 179
1 6 23
1 7 59
1 8 208
1 9 263
1 10 71
1 11 173
1 12 113
1 13 50
1 14 218
1 15 65
1 16 87
1 17 72
1 18 169
1 19 233
1 20 53
1 21 48
1 22 73
1 23 220
1 24 290
1 25 66
1 26 238
1 27 223
1 28 209
1 29 4
1 30 163
1 31 101
1 32 137
1 33 214
1 34 79
1 35 161
1 36 283
1 37 21
1 38 125
1 39 249
1 40 170
1 41 205
1 42 195
1 43 213
1 44 86
1 45 228
1 46 236
1 47 90
1 48 225
1 49 52
1 50 156
1 51 2
1 52 144
1 53 27
1 54 144
1 55 184
1 56 48
1 57 207
1 58 184
1 59 89
1 60 154
1 61 159
1 62 134
1 63 134
1 64 218
1 65 153
1 66 149
1 67 178
1 68 114
1 69 216
1 70 268
1 71 181
1 72 56
1 73 284
1 74 28
1 75 84
1 76 230
1 77 151
1 78 155
1 79 212
1 80 273
1 81 27
1 82 205
1 83 41
1 84 72
1 85 95
1 86 30
1 87 221
1 88 225
1 89 103
1 90 80
1 91 177
1 92 171
1 93 162
1 94 263
1 95 200
1 96 216
1 97 250
1 98 188
1 99 136
1 100 214
2 3 53
2 4 93
2 5 226
2 6 285
2 7 235
2 8 185
2 9 186
2 10 247
2 11 212
2 12 136
2 13 162
2 14 142
2 15 50
2 16 161
2 17 286
2 18 267
2 19 44
2 20 195
2 21 284
2 22 286
2 23 152
2 24 116
2 25 198
2 26 123
2 27 201
2 28 91
2 29 238
2 30 263
2 31 198
2 32 224
2 33 234
2 34 167
2 35 88
2 36 262
2 37 198
2 38 44
2 39 106
2 40 99
2 41 210
2 42 277
2 43 59
2 44 240
2 45 37
2 46 150
2 47 18
2 48 280
2 49 44
2 50 283
2 51 277
2 52 187
2 53 215
2 54 218
2 55 37
2 56 38
2 57 156
2 58 101
2 59 240
2 60 267
2 61 231
2 62 233
2 63 116
2 64 31
2 65 229
2 66 67
2 67 111
2 68 97
2 69 189
2 70 98
2 71 234
2 72 46
2 73 194
2 74 207
2 75 164
2 76 246
2 77 257
2 78 94
2 79 109
2 80 77
2 81 250
2 82 66
2 83 290
2 84 285
2 85 244
2 86 113
2 87 195
2 88 199
2 89 51
2 90 50
2 91 82
2 92 279
2 93 111
2 94 234
2 95 199
2 96 90
2 97 134
2 98 46
2 99 140
2 100 122
3 4 89
3 5 26
3 6 156
3 7 161
3 8 61
3 9 54
3 10 247
3 11 22
3 12 193
3 13 290
3 14 265
3 15 151
3 16 186
3 17 175
3 18 83
3 19 3
3 20 86
3 21 78
3 22 212
3 23 184
3 24 0
3 25 238
3 26 209
3 27 8
3 28 145
3 29 235
3 30 16
3 31 9
3 32 73
3 33 64
3 34 89
3 35 263
3 36 257
3 37 42
3 38 287
3 39 212
3 40 90
3 41 281
3 42 213
3 43 49
3 44 278
3 45 163
3 46 227
3 47 117
3 48 45
3 49 87
3 50 277
3 51 164
3 52 149
3 53 141
3 54 234
3 55 73
3 56 42
3 57 73
3 58 232
3 59 153
3 60 78
3 61 18
3 62 58
3 63 297
3 64 138
3 65 223
3 66 35
3 67 282
3 68 272
3 69 11
3 70 89
3 71 64
3 72 140
3 73 140
3 74 54
3 75 122
3 76 118
3 77 285
3 78 3
3 79 59
3 80 191
3 81 193
3 82 134
3 83 74
3 84 190
3 85 299
3 86 183
3 87 283
3 88 19
3 89 148
3 90 98
3 91 140
3 92 54
3 93 191
3 94 292
3 95 189
3 96 190
3 97 53
3 98 183
3 99 88
3 100 66
4 5 169
4 6 135
4 7 144
4 8 52
4 9 219
4 10 14
4 11 254
4 12 191
4 13 27
4 14 111
4 15 60
4 16 268
4 17 9
4 18 283
4 19 73
4 20 73
4 21 138
4 22 163
4 23 83
4 24 225
4 25 62
4 26 50
4 27 41
4 28 106
4 29 243
4 30 20
4 31 247
4 32 193
4 33 20
4 34 140
4 35 176
4 36 73
4 37 96
4 38 23
4 39 219
4 40 78
4 41 34
4 42 297
4 43 279
4 44 209
4 45 242
4 46 218
4 47 258
4 48 62
4 49 64
4 50 112
4 51 63
4 52 125
4 53 40
4 54 48
4 55 180
4 56 148
4 57 165
4 58 14
4 59 73
4 60 175
4 61 108
4 62 66
4 63 104
4 64 283
4 65 56
4 66 104
4 67 248
4 68 248
4 69 105
4 70 229
4 71 104
4 72 227
4 73 203
4 74 109
4 75 117
4 76 127
4 77 179
4 78 44
4 79 0
4 80 45
4 81 78
4 82 144
4 83 207
4 84 262
4 85 112
4 86 169
4 87 10
4 88 13
4 89 86
4 90 213
4 91 132
4 92 222
4 93 53
4 94 91
4 95 127
4 96 11
4 97 96
4 98 118
4 99 227
4 100 71
5 6 156
5 7 171
5 8 231
5 9 108
5 10 58
5 11 103
5 12 101
5 13 67
5 14 284
5 15 50
5 16 130
5 17 224
5 18 198
5 19 77
5 20 55
5 21 151
5 22 6
5 23 180
5 24 281
5 25 3
5 26 201
5 27 243
5 28 270
5 29 32
5 30 180
5 31 155
5 32 9
5 33 197
5 34 169
5 35 216
5 36 24
5 37 118
5 38 122
5 39 28
5 40 57
5 41 126
5 42 85
5 43 216
5 44 251
5 45 37
5 46 18
5 47 17
5 48 54
5 49 200
5 50 159
5 51 290
5 52 180
5 53 218
5 54 165
5 55 153
5 56 98
5 57 186
5 58 178
5 59 275
5 60 216
5 61 286
5 62 6
5 63 87
5 64 61
5 65 83
5 66 225
5 67 63
5 68 238
5 69 97
5 70 210
5 71 0
5 72 222
5 73 10
5 74 270
5 75 136
5 76 142
5 77 182
5 78 288
5 79 200
5 80 148
5 81 81
5 82 52
5 83 73
5 84 144
5 85 117
5 86 114
5 87 257
5 88 65
5 89 141
5 90 36
5 91 232
5 92 290
5 93 295
5 94 88
5 95 287
5 96 271
5 97 56
5 98 154
5 99 175
5 100 202
6 7 169
6 8 31
6 9 83
6 10 225
6 11 140
6 12 222
6 13 257
6 14 233
6 15 137
6 16 203
6 17 191
6 18 233
6 19 36
6 20 224
6 21 156
6 22 107
6 23 13
6 24 94
6 25 89
6 26 123
6 27 112
6 28 214
6 29 269
6 30 289
6 31 78
6 32 297
6 33 111
6 34 281
6 35 83
6 36 133
6 37 248
6 38 127
6 39 164
6 40 108
6 41 12
6 42 78
6 43 106
6 44 252
6 45 125
6 46 297
6 47 216
6 48 80
6 49 12
6 50 18
6 51 192
6 52 82
6 53 63
6 54 23
6 55 0
6 56 220
6 57 41
6 58 260
6 59 66
6 60 246
6 61 78
6 62 138
6 63 191
6 64 248
6 65 242
6 66 265
6 67 94
6 68 197
6 69 187
6 70 101
6 71 244
6 72 98
6 73 64
6 74 205
6 75 284
6 76 171
6 77 13
6 78 168
6 79 45
6 80 188
6 81 153
6 82 242
6 83 188
6 84 61
6 85 120
6 86 120
6 87 57
6 88 128
6 89 221
6 90 8
6 91 282
6 92 193
6 93 207
6 94 89
6 95 71
6 96 297
6 97 214
6 98 156
6 99 87
6 100 165
7 8 275
7 9 287
7 10 57
7 11 126
7 12 137
7 13 94
7 14 82
7 15 226
7 16 272
7 17 59
7 18 175
7 19 143
7 20 94
7 21 121
7 22 204
7 23 69
7 24 45
7 25 203
7 26 147
7 27 26
7 28 185
7 29 118
7 30 259
7 31 56
7 32 87
7 33 287
7 34 160
7 35 171
7 36 234
7 37 194
7 38 8
7 39 294
7 40 24
7 41 29
7 42 224
7 43 189
7 44 60
7 45 288
7 46 17
7 47 176
7 48 247
7 49 195
7 50 234
7 51 204
7 52 203
7 53 249
7 54 54
7 55 18
7 56 277
7 57 200
7 58 31
7 59 112
7 60 223
7 61 230
7 62 204
7 63 275
7 64 48
7 65 169
7 66 77
7 67 180
7 68 0
7 69 84
7 70 113
7 71 119
7 72 292
7 73 202
7 74 248
7 75 35
7 76 250
7 77 211
7 78 168
7 79 171
7 80 105
7 81 53
7 82 268
7 83 97
7 84 284
7 85 180
7 86 177
7 87 31
7 88 63
7 89 184
7 90 223
7 91 21
7 92 188
7 93 40
7 94 172
7 95 82
7 96 40
7 97 195
7 98 177
7 99 5
7 100 269
8 9 95
8 10 155
8 11 72
8 12 152
8 13 83
8 14 285
8 15 19
8 16 169
8 17 253
8 18 102
8 19 240
8 20 159
8 21 23
8 22 262
8 23 180
8 24 39
8 25 42
8 26 134
8 27 168
8 28 153
8 29 208
8 30 15
8 31 161
8 32 234
8 33 53
8 34 47
8 35 293
8 36 230
8 37 144
8 38 32
8 39 137
8 40 72
8 41 229
8 42 8
8 43 31
8 44 64
8 45 282
8 46 255
8 47 254
8 48 116
8 49 182
8 50 285
8 51 86
8 52 111
8 53 92
8 54 153
8 55 56
8 56 295
8 57 204
8 58 200
8 59 171
8 60 9
8 61 162
8 62 155
8 63 46
8 64 229
8 65 42
8 66 38
8 67 228
8 68 234
8 69 167
8 70 239
8 71 50
8 72 39
8 73 271
8 74 129
8 75 252
8 76 279
8 77 156
8 78 208
8 79 8
8 80 32
8 81 8
8 82 176
8 83 9
8 84 210
8 85 124
8 86 97
8 87 147
8 88 178
8 89 258
8 90 178
8 91 137
8 92 267
8 93 30
8 94 101
8 95 291
8 96 256
8 97 154
8 98 2
8 99 219
8 100 128
9 10 167
9 11 267
9 12 180
9 13 239
9 14 58
9 15 213
9 16 277
9 17 288
9 18 132
9 19 192
9 20 76
9 21 168
9 22 238
9 23 157
9 24 238
9 25 212
9 26 79
9 27 22
9 28 295
9 29 291
9 30 262
9 31 8
9 32 233
9 33 250
9 34 260
9 35 82
9 36 248
9 37 96
9 38 105
9 39 108
9 40 127
9 41 88
9 42 118
9 43 225
9 44 256
9 45 200
9 46 261
9 47 45
9 48 275
9 49 146
9 50 194
9 51 194
9 52 106
9 53 180
9 54 298
9 55 218
9 56 94
9 57 293
9 58 260
9 59 150
9 60 16
9 61 37
9 62 298
9 63 239
9 64 143
9 65 122
9 66 99
9 67 128
9 68 4
9 69 266
9 70 41
9 71 136
9 72 246
9 73 139
9 74 78
9 75 74
9 76 222
9 77 232
9 78 6
9 79 280
9 80 234
9 81 223
9 82 146
9 83 176
9 84 92
9 85 178
9 86 191
9 87 58
9 88 298
9 89 29
9 90 24
9 91 189
9 92 69
9 93 4
9 94 116
9 95 248
9 96 72
9 97 190
9 98 63
9 99 182
9 100 295
10 11 225
10 12 134
10 13 145
10 14 281
10 15 227
10 16 248
10 17 31
10 18 290
10 19 244
10 20 43
10 21 138
10 22 148
10 23 18
10 24 89
10 25 28
10 26 36
10 27 227
10 28 153
10 29 221
10 30 1
10 31 237
10 32 132
10 33 41
10 34 55
10 35 235
10 36 209
10 37 30
10 38 286
10 39 245
10 40 67
10 41 43
10 42 85
10 43 1
10 44 118
10 45 100
10 46 99
10 47 173
10 48 142
10 49 171
10 50 24
10 51 214
10 52 219
10 53 101
10 54 213
10 55 13
10 56 239
10 57 67
10 58 79
10 59 144
10 60 217
10 61 165
10 62 223
10 63 217
10 64 203
10 65 95
10 66 276
10 67 247
10 68 43
10 69 246
10 70 279
10 71 215
10 72 175
10 73 90
10 74 58
10 75 52
10 76 49
10 77 174
10 78 179
10 79 52
10 80 14
10 81 278
10 82 147
10 83 52
10 84 23
10 85 186
10 86 137
10 87 220
10 88 140
10 89 212
10 90 178
10 91 123
10 92 21
10 93 267
10 94 269
10 95 277
10 96 92
10 97 48
10 98 170
10 99 75
10 100 60
11 12 191
11 13 140
11 14 294
11 15 118
11 16 283
11 17 37
11 18 187
11 19 62
11 20 232
11 21 290
11 22 150
11 23 115
11 24 136
11 25 16
11 26 204
11 27 44
11 28 61
11 29 146
11 30 151
11 31 98
11 32 89
11 33 195
11 34 179
11 35 101
11 36 166
11 37 202
11 38 204
11 39 272
11 40 205
11 41 16
11 42 99
11 43 130
11 44 28
11 45 94
11 46 186
11 47 230
11 48 260
11 49 170
11 50 82
11 51 271
11 52 137
11 53 178
11 54 78
11 55 62
11 56 157
11 57 73
11 58 97
11 59 233
11 60 184
11 61 22
11 62 139
11 63 185
11 64 110
11 65 214
11 66 291
11 67 220
11 68 33
11 69 169
11 70 166
11 71 294
11 72 145
11 73 201
11 74 43
11 75 240
11 76 216
11 77 131
11 78 242
11 79 56
11 80 81
11 81 29
11 82 2
11 83 172
11 84 212
11 85 132
11 86 126
11 87 29
11 88 253
11 89 33
11 90 166
11 91 42
11 92 65
11 93 214
11 94 152
11 95 278
11 96 299
11 97 183
11 98 254
11 99 107
11 100 178
12 13 90
12 14 127
12 15 179
12 16 32
12 17 12
12 18 124
12 19 281
12 20 25
12 21 253
12 22 274
12 23 108
12 24 50
12 25 182
12 26 180
12 27 236
12 28 53
12 29 106
12 30 157
12 31 176
12 32 101
12 33 235
12 34 294
12 35 43
12 36 49
12 37 172
12 38 131
12 39 149
12 40 249
12 41 223
12 42 72
12 43 278
12 44 256
12 45 259
12 46 167
12 47 116
12 48 130
12 49 214
12 50 278
12 51 180
12 52 36
12 53 153
12 54 65
12 55 15
12 56 20
12 57 73
12 58 186
12 59 259
12 60 6
12 61 154
12 62 28
12 63 233
12 64 174
12 65 10
12 66 222
12 67 263
12 68 192
12 69 283
12 70 229
12 71 223
12 72 281
12 73 12
12 74 248
12 75 186
12 76 286
12 77 262
12 78 172
12 79 65
12 80 69
12 81 260
12 82 41
12 83 288
12 84 64
12 85 6
12 86 45
12 87 124
12 88 36
12 89 131
12 90 59
12 91 123
12 92 203
12 93 209
12 94 121
12 95 199
12 96 17
12 97 84
12 98 292
12 99 123
12 100 24
13 14 202
13 15 31
13 16 162
13 17 60
13 18 102
13 19 208
13 20 201
13 21 237
13 22 158
13 23 1
13 24 15
13 25 78
13 26 162
13 27 149
13 28 154
13 29 56
13 30 109
13 31 10
13 32 42
13 33 182
13 34 42
13 35 235
13 36 267
13 37 282
13 38 212
13 39 168
13 40 272
13 41 95
13 42 11
13 43 74
13 44 266
13 45 27
13 46 138
13 47 231
13 48 67
13 49 297
13 50 87
13 51 276
13 52 288
13 53 295
13 54 27
13 55 255
13 56 250
13 57 105
13 58 182
13 59 291
13 60 134
13 61 167
13 62 226
13 63 88
13 64 119
13 65 108
13 66 299
13 67 30
13 68 220
13 69 111
13 70 125
13 71 64
13 72 29
13 73 255
13 74 234
13 75 114
13 76 51
13 77 245
13 78 231
13 79 93
13 80 91
13 81 2
13 82 39
13 83 71
13 84 142
13 85 148
13 86 129
13 87 0
13 88 41
13 89 166
13 90 219
13 91 162
13 92 164
13 93 237
13 94 185
13 95 225
13 96 298
13 97 19
13 98 86
13 99 267
13 100 65
14 15 82
14 16 171
14 17 228
14 18 169
14 19 92
14 20 271
14 21 42
14 22 148
14 23 127
14 24 145
14 25 32
14 26 50
14 27 263
14 28 187
14 29 188
14 30 194
14 31 16
14 32 193
14 33 167
14 34 54
14 35 297
14 36 250
14 37 91
14 38 57
14 39 74
14 40 274
14 41 42
14 42 209
14 43 212
14 44 17
14 45 216
14 46 105
14 47 38
14 48 244
14 49 194
14 50 207
14 51 219
14 52 134
14 53 191
14 54 70
14 55 120
14 56 134
14 57 119
14 58 241
14 59 165
14 60 183
14 61 113
14 62 41
14 63 263
14 64 90
14 65 297
14 66 184
14 67 237
14 68 195
14 69 22
14 70 5
14 71 33
14 72 177
14 73 101
14 74 47
14 75 142
14 76 58
14 77 191
14 78 167
14 79 108
14 80 254
14 81 75
14 82 187
14 83 219
14 84 128
14 85 19
14 86 234
14 87 271
14 88 245
14 89 69
14 90 149
14 91 235
14 92 90
14 93 14
14 94 276
14 95 180
14 96 33
14 97 186
14 98 214
14 99 140
14 100 64
15 16 117
15 17 161
15 18 224
15 19 92
15 20 133
15 21 297
15 22 169
15 23 185
15 24 52
15 25 5
15 26 201
15 27 148
15 28 234
15 29 53
15 30 84
15 31 200
15 32 191
15 33 163
15 34 140
15 35 104
15 36 265
15 37 156
15 38 271
15 39 2
15 40 179
15 41 153
15 42 106
15 43 130
15 44 115
15 45 149
15 46 207
15 47 294
15 48 169
15 49 239
15 50 43
15 51 261
15 52 283
15 53 8
15 54 266
15 55 232
15 56 135
15 57 73
15 58 127
15 59 89
15 60 16
15 61 274
15 62 36
15 63 45
15 64 274
15 65 250
15 66 156
15 67 147
15 68 197
15 69 76
15 70 233
15 71 114
15 72 48
15 73 208
15 74 78
15 75 102
15 76 205
15 77 149
15 78 16
15 79 30
15 80 259
15 81 63
15 82 5
15 83 23
15 84 118
15 85 128
15 86 169
15 87 8
15 88 90
15 89 40
15 90 248
15 91 91
15 92 215
15 93 13
15 94 233
15 95 275
15 96 135
15 97 226
15 98 210
15 99 173
15 100 89
16 17 230
16 18 297
16 19 92
16 20 111
16 21 294
16 22 88
16 23 101
16 24 179
16 25 221
16 26 57
16 27 207
16 28 120
16 29 9
16 30 223
16 31 96
16 32 107
16 33 29
16 34 190
16 35 235
16 36 68
16 37 237
16 38 67
16 39 136
16 40 42
16 41 224
16 42 181
16 43 114
16 44 187
16 45 149
16 46 223
16 47 4
16 48 49
16 49 123
16 50 162
16 51 117
16 52 133
16 53 181
16 54 171
16 55 278
16 56 216
16 57 214
16 58 169
16 59 205
16 60 106
16 61 268
16 62 112
16 63 101
16 64 110
16 65 269
16 66 239
16 67 207
16 68 216
16 69 69
16 70 290
16 71 51
16 72 229
16 73 55
16 74 60
16 75 10
16 76 56
16 77 22
16 78 129
16 79 296
16 80 282
16 81 287
16 82 251
16 83 214
16 84 41
16 85 269
16 86 51
16 87 134
16 88 197
16 89 267
16 90 41
16 91 235
16 92 230
16 93 66
16 94 299
16 95 70
16 96 107
16 97 140
16 98 106
16 99 134
16 100 247
17 18 289
17 19 204
17 20 126
17 21 283
17 22 191
17 23 239
17 24 47
17 25 188
17 26 182
17 27 31
17 28 21
17 29 140
17 30 31
17 31 220
17 32 272
17 33 218
17 34 293
17 35 197
17 36 115
17 37 206
17 38 228
17 39 73
17 40 157
17 41 134
17 42 211
17 43 210
17 44 176
17 45 69
17 46 10
17 47 194
17 48 152
17 49 179
17 50 73
17 51 259
17 52 65
17 53 148
17 54 154
17 55 86
17 56 272
17 57 171
17 58 205
17 59 146
17 60 298
17 61 247
17 62 155
17 63 213
17 64 176
17 65 225
17 66 290
17 67 59
17 68 34
17 69 17
17 70 143
17 71 239
17 72 70
17 73 162
17 74 257
17 75 28
17 76 45
17 77 177
17 78 163
17 79 201
17 80 252
17 81 73
17 82 232
17 83 41
17 84 259
17 85 7
17 86 39
17 87 223
17 88 101
17 89 109
17 90 28
17 91 163
17 92 22
17 93 53
17 94 219
17 95 1
17 96 69
17 97 72
17 98 91
17 99 57
17 100 203
18 19 226
18 20 217
18 21 32
18 22 55
18 23 208
18 24 230
18 25 29
18 26 197
18 27 144
18 28 96
18 29 280
18 30 147
18 31 205
18 32 191
18 33 115
18 34 269
18 35 250
18 36 80
18 37 66
18 38 123
18 39 5
18 40 78
18 41 299
18 42 161
18 43 3
18 44 239
18 45 235
18 46 32
18 47 210
18 48 88
18 49 57
18 50 242
18 51 275
18 52 120
18 53 224
18 54 166
18 55 16
18 56 261
18 57 281
18 58 1
18 59 68
18 60 133
18 61 243
18 62 78
18 63 53
18 64 120
18 65 56
18 66 123
18 67 43
18 68 3
18 69 287
18 70 37
18 71 173
18 72 215
18 73 283
18 74 56
18 75 199
18 76 235
18 77 100
18 78 159
18 79 17
18 80 144
18 81 167
18 82 175
18 83 200
18 84 239
18 85 80
18 86 210
18 87 59
18 88 79
18 89 5
18 90 219
18 91 270
18 92 104
18 93 279
18 94 117
18 95 193
18 96 67
18 97 152
18 98 140
18 99 0
18 100 209
19 20 80
19 21 79
19 22 54
19 23 10
19 24 215
19 25 215
19 26 216
19 27 28
19 28 90
19 29 299
19 30 213
19 31 299
19 32 120
19 33 97
19 34 12
19 35 280
19 36 243
19 37 177
19 38 239
19 39 29
19 40 252
19 41 157
19 42 170
19 43 82
19 44 77
19 45 78
19 46 282
19 47 234
19 48 254
19 49 18
19 50 293
19 51 287
19 52 66
19 53 107
19 54 207
19 55 254
19 56 115
19 57 91
19 58 212
19 59 135
19 60 20
19 61 171
19 62 30
19 63 74
19 64 73
19 65 107
19 66 287
19 67 148
19 68 299
19 69 289
19 70 258
19 71 245
19 72 69
19 73 195
19 74 152
19 75 273
19 76 174
19 77 17
19 78 111
19 79 244
19 80 168
19 81 115
19 82 65
19 83 296
19 84 275
19 85 88
19 86 80
19 87 38
19 88 213
19 89 15
19 90 45
19 91 296
19 92 283
19 93 94
19 94 198
19 95 155
19 96 278
19 97 173
19 98 72
19 99 29
19 100 296
20 21 236
20 22 248
20 23 195
20 24 213
20 25 55
20 26 28
20 27 150
20 28 23
20 29 259
20 30 290
20 31 6
20 32 141
20 33 63
20 34 296
20 35 253
20 36 142
20 37 85
20 38 14
20 39 84
20 40 224
20 41 85
20 42 266
20 43 141
20 44 246
20 45 119
20 46 145
20 47 277
20 48 212
20 49 136
20 50 159
20 51 152
20 52 91
20 53 10
20 54 215
20 55 260
20 56 246
20 57 145
20 58 279
20 59 102
20 60 254
20 61 197
20 62 277
20 63 41
20 64 129
20 65 100
20 66 251
20 67 182
20 68 134
20 69 1
20 70 84
20 71 54
20 72 140
20 73 32
20 74 287
20 75 278
20 76 94
20 77 88
20 78 141
20 79 55
20 80 285
20 81 170
20 82 225
20 83 122
20 84 152
20 85 244
20 86 298
20 87 25
20 88 127
20 89 1
20 90 285
20 91 262
20 92 86
20 93 176
20 94 54
20 95 96
20 96 281
20 97 145
20 98 219
20 99 5
20 100 110
21 22 226
21 23 34
21 24 115
21 25 12
21 26 112
21 27 170
21 28 250
21 29 140
21 30 271
21 31 108
21 32 6
21 33 98
21 34 150
21 35 68
21 36 239
21 37 77
21 38 181
21 39 238
21 40 202
21 41 282
21 42 134
21 43 52
21 44 256
21 45 127
21 46 59
21 47 68
21 48 275
21 49 84
21 50 175
21 51 7
21 52 282
21 53 217
21 54 185
21 55 60
21 56 244
21 57 184
21 58 177
21 59 269
21 60 171
21 61 254
21 62 271
21 63 276
21 64 13
21 65 90
21 66 191
21 67 256
21 68 292
21 69 228
21 70 254
21 71 178
21 72 169
21 73 80
21 74 243
21 75 76
21 76 276
21 77 101
21 78 247
21 79 96
21 80 97
21 81 36
21 82 91
21 83 9
21 84 217
21 85 1
21 86 212
21 87 184
21 88 44
21 89 116
21 90 97
21 91 168
21 92 134
21 93 246
21 94 30
21 95 89
21 96 37
21 97 147
21 98 150
21 99 143
21 100 196
22 23 82
22 24 22
22 25 238
22 26 244
22 27 84
22 28 290
22 29 275
22 30 163
22 31 147
22 32 128
22 33 262
22 34 216
22 35 235
22 36 108
22 37 42
22 38 106
22 39 195
22 40 77
22 41 198
22 42 291
22 43 134
22 44 63
22 45 11
22 46 293
22 47 156
22 48 91
22 49 115
22 50 151
22 51 240
22 52 58
22 53 140
22 54 46
22 55 39
22 56 29
22 57 112
22 58 16
22 59 14
22 60 56
22 61 173
22 62 84
22 63 208
22 64 26
22 65 203
22 66 182
22 67 9
22 68 13
22 69 149
22 70 49
22 71 197
22 72 229
22 73 269
22 74 113
22 75 21
22 76 2
22 77 129
22 78 109
22 79 158
22 80 64
22 81 286
22 82 114
22 83 32
22 84 96
22 85 288
22 86 198
22 87 289
22 88 275
22 89 102
22 90 31
22 91 7
22 92 229
22 93 102
22 94 152
22 95 86
22 96 186
22 97 41
22 98 248
22 99 182
22 100 57
23 24 71
23 25 38
23 26 193
23 27 202
23 28 20
23 29 240
23 30 270
23 31 299
23 32 252
23 33 16
23 34 164
23 35 203
23 36 229
23 37 31
23 38 226
23 39 117
23 40 129
23 41 261
23 42 26
23 43 229
23 44 293
23 45 299
23 46 258
23 47 39
23 48 234
23 49 93
23 50 76
23 51 255
23 52 182
23 53 102
23 54 163
23 55 220
23 56 152
23 57 119
23 58 259
23 59 86
23 60 177
23 61 156
23 62 71
23 63 185
23 64 7
23 65 98
23 66 133
23 67 171
23 68 272
23 69 285
23 70 100
23 71 56
23 72 197
23 73 28
23 74 132
23 75 2
23 76 238
23 77 168
23 78 160
23 79 12
23 80 256
23 81 277
23 82 196
23 83 274
23 84 35
23 85 67
23 86 136
23 87 157
23 88 290
23 89 224
23 90 25
23 91 33
23 92 94
23 93 60
23 94 115
23 95 94
23 96 105
23 97 177
23 98 167
23 99 159
23 100 104
24 25 121
24 26 182
24 27 244
24 28 4
24 29 255
24 30 160
24 31 273
24 32 130
24 33 102
24 34 116
24 35 295
24 36 118
24 37 265
24 38 261
24 39 32
24 40 87
24 41 151
24 42 71
24 43 81
24 44 126
24 45 181
24 46 51
24 47 258
24 48 246
24 49 292
24 50 99
24 51 160
24 52 162
24 53 209
24 54 236
24 55 4
24 56 166
24 57 70
24 58 285
24 59 47
24 60 105
24 61 143
24 62 39
24 63 258
24 64 232
24 65 192
24 66 264
24 67 134
24 68 166
24 69 296
24 70 85
24 71 163
24 72 220
24 73 96
24 74 288
24 75 3
24 76 71
24 77 74
24 78 119
24 79 233
24 80 163
24 81 195
24 82 150
24 83 96
24 84 7
24 85 68
24 86 43
24 87 185
24 88 221
24 89 175
24 90 94
24 91 49
24 92 210
24 93 272
24 94 268
24 95 82
24 96 168
24 97 279
24 98 71
24 99 245
24 100 129
25 26 225
25 27 224
25 28 271
25 29 259
25 30 173
25 31 14
25 32 182
25 33 192
25 34 75
25 35 67
25 36 239
25 37 175
25 38 31
25 39 217
25 40 195
25 41 16
25 42 293
25 43 76
25 44 50
25 45 209
25 46 202
25 47 276
25 48 143
25 49 202
25 50 15
25 51 173
25 52 278
25 53 168
25 54 64
25 55 123
25 56 36
25 57 101
25 58 32
25 59 21
25 60 295
25 61 150
25 62 169
25 63 124
25 64 164
25 65 238
25 66 229
25 67 46
25 68 272
25 69 20
25 70 141
25 71 129
25 72 252
25 73 141
25 74 52
25 75 229
25 76 239
25 77 17
25 78 241
25 79 275
25 80 234
25 81 123
25 82 84
25 83 37
25 84 279
25 85 231
25 86 64
25 87 163
25 88 283
25 89 76
25 90 3
25 91 140
25 92 77
25 93 13
25 94 4
25 95 84
25 96 250
25 97 134
25 98 155
25 99 262
25 100 47
26 27 23
26 28 33
26 29 196
26 30 38
26 31 66
26 32 99
26 33 168
26 34 103
26 35 183
26 36 168
26 37 110
26 38 256
26 39 120
26 40 73
26 41 131
26 42 210
26 43 8
26 44 152
26 45 93
26 46 279
26 47 73
26 48 118
26 49 195
26 50 73
26 51 175
26 52 167
26 53 287
26 54 278
26 55 3
26 56 160
26 57 260
26 58 177
26 59 202
26 60 246
26 61 259
26 62 228
26 63 19
26 64 279
26 65 266
26 66 57
26 67 147
26 68 74
26 69 239
26 70 272
26 71 111
26 72 100
26 73 109
26 74 290
26 75 104
26 76 85
26 77 267
26 78 245
26 79 106
26 80 273
26 81 194
26 82 135
26 83 128
26 84 267
26 85 126
26 86 68
26 87 78
26 88 134
26 89 243
26 90 17
26 91 295
26 92 65
26 93 48
26 94 299
26 95 299
26 96 286
26 97 55
26 98 74
26 99 25
26 100 257
27 28 206
27 29 9
27 30 291
27 31 165
27 32 136
27 33 101
27 34 14
27 35 234
27 36 22
27 37 8
27 38 181
27 39 277
27 40 276
27 41 193
27 42 272
27 43 71
27 44 48
27 45 159
27 46 134
27 47 165
27 48 47
27 49 191
27 50 153
27 51 16
27 52 20
27 53 177
27 54 88
27 55 114
27 56 232
27 57 122
27 58 280
27 59 47
27 60 153
27 61 92
27 62 238
27 63 84
27 64 241
27 65 227
27 66 212
27 67 144
27 68 190
27 69 215
27 70 86
27 71 108
27 72 184
27 73 0
27 74 265
27 75 236
27 76 262
27 77 60
27 78 75
27 79 41
27 80 31
27 81 95
27 82 40
27 83 20
27 84 180
27 85 217
27 86 182
27 87 289
27 88 100
27 89 297
27 90 179
27 91 33
27 92 167
27 93 142
27 94 211
27 95 118
27 96 1
27 97 37
27 98 284
27 99 134
27 100 281
28 29 41
28 30 104
28 31 23
28 32 126
28 33 291
28 34 58
28 35 6
28 36 235
28 37 97
28 38 154
28 39 204
28 40 45
28 41 236
28 42 67
28 43 119
28 44 25
28 45 157
28 46 185
28 47 98
28 48 13
28 49 153
28 50 134
28 51 165
28 52 207
28 53 31
28 54 55
28 55 102
28 56 266
28 57 13
28 58 48
28 59 32
28 60 276
28 61 143
28 62 235
28 63 86
28 64 281
28 65 281
28 66 137
28 67 221
28 68 232
28 69 288
28 70 79
28 71 103
28 72 162
28 73 280
28 74 72
28 75 158
28 76 279
28 77 192
28 78 204
28 79 107
28 80 193
28 81 268
28 82 194
28 83 85
28 84 227
28 85 238
28 86 103
28 87 285
28 88 103
28 89 269
28 90 222
28 91 290
28 92 86
28 93 169
28 94 137
28 95 188
28 96 283
28 97 221
28 98 108
28 99 245
28 100 173
29 30 166
29 31 161
29 32 155
29 33 225
29 34 99
29 35 29
29 36 128
29 37 260
29 38 77
29 39 181
29 40 222
29 41 279
29 42 186
29 43 218
29 44 188
29 45 146
29 46 195
29 47 275
29 48 3
29 49 134
29 50 263
29 51 83
29 52 169
29 53 240
29 54 163
29 55 59
29 56 176
29 57 80
29 58 198
29 59 225
29 60 165
29 61 237
29 62 57
29 63 164
29 64 82
29 65 251
29 66 179
29 67 285
29 68 77
29 69 71
29 70 67
29 71 76
29 72 266
29 73 52
29 74 93
29 75 200
29 76 175
29 77 232
29 78 141
29 79 142
29 80 96
29 81 231
29 82 12
29 83 77
29 84 234
29 85 62
29 86 258
29 87 164
29 88 117
29 89 296
29 90 266
29 91 125
29 92 211
29 93 231
29 94 258
29 95 188
29 96 63
29 97 208
29 98 212
29 99 165
29 100 108
30 31 297
30 32 45
30 33 186
30 34 124
30 35 202
30 36 160
30 37 239
30 38 82
30 39 250
30 40 160
30 41 143
30 42 273
30 43 223
30 44 96
30 45 145
30 46 91
30 47 109
30 48 281
30 49 63
30 50 196
30 51 64
30 52 135
30 53 0
30 54 44
30 55 18
30 56 270
30 57 104
30 58 44
30 59 32
30 60 30
30 61 23
30 62 226
30 63 91
30 64 217
30 65 124
30 66 192
30 67 271
30 68 130
30 69 52
30 70 43
30 71 78
30 72 29
30 73 1
30 74 238
30 75 164
30 76 12
30 77 245
30 78 31
30 79 8
30 80 223
30 81 116
30 82 103
30 83 123
30 84 170
30 85 33
30 86 111
30 87 156
30 88 135
30 89 36
30 90 207
30 91 223
30 92 153
30 93 83
30 94 219
30 95 269
30 96 211
30 97 200
30 98 184
30 99 120
30 100 53
31 32 254
31 33 215
31 34 65
31 35 48
31 36 112
31 37 284
31 38 116
31 39 133
31 40 205
31 41 21
31 42 15
31 43 49
31 44 57
31 45 264
31 46 167
31 47 74
31 48 205
31 49 45
31 50 264
31 51 169
31 52 41
31 53 21
31 54 162
31 55 115
31 56 244
31 57 269
31 58 237
31 59 83
31 60 282
31 61 271
31 62 2
31 63 286
31 64 24
31 65 138
31 66 37
31 67 295
31 68 251
31 69 83
31 70 265
31 71 183
31 72 72
31 73 118
31 74 56
31 75 200
31 76 176
31 77 135
31 78 179
31 79 123
31 80 211
31 81 19
31 82 237
31 83 44
31 84 254
31 85 32
31 86 276
31 87 205
31 88 286
31 89 186
31 90 137
31 91 147
31 92 55
31 93 110
31 94 3
31 95 58
31 96 130
31 97 103
31 98 104
31 99 148
31 100 168
32 33 104
32 34 95
32 35 270
32 36 42
32 37 104
32 38 261
32 39 2
32 40 134
32 41 146
32 42 129
32 43 292
32 44 75
32 45 56
32 46 85
32 47 104
32 48 203
32 49 147
32 50 75
32 51 279
32 52 37
32 53 39
32 54 67
32 55 67
32 56 0
32 57 283
32 58 285
32 59 264
32 60 202
32 61 159
32 62 169
32 63 264
32 64 225
32 65 169
32 66 201
32 67 121
32 68 88
32 69 127
32 70 119
32 71 186
32 72 241
32 73 286
32 74 103
32 75 91
32 76 280
32 77 89
32 78 245
32 79 177
32 80 135
32 81 197
32 82 49
32 83 155
32 84 202
32 85 282
32 86 41
32 87 180
32 88 125
32 89 149
32 90 220
32 91 195
32 92 16
32 93 24
32 94 59
32 95 31
32 96 78
32 97 184
32 98 36
32 99 120
32 100 292
33 34 53
33 35 35
33 36 54
33 37 234
33 38 128
33 39 39
33 40 37
33 41 219
33 42 169
33 43 33
33 44 90
33 45 21
33 46 11
33 47 186
33 48 248
33 49 69
33 50 161
33 51 299
33 52 0
33 53 272
33 54 3
33 55 203
33 56 33
33 57 35
33 58 231
33 59 227
33 60 115
33 61 86
33 62 179
33 63 33
33 64 18
33 65 216
33 66 81
33 67 119
33 68 281
33 69 197
33 70 173
33 71 0
33 72 151
33 73 151
33 74 274
33 75 3
33 76 65
33 77 36
33 78 54
33 79 296
33 80 215
33 81 291
33 82 58
33 83 100
33 84 61
33 85 119
33 86 248
33 87 169
33 88 96
33 89 213
33 90 47
33 91 225
33 92 108
33 93 161
33 94 226
33 95 104
33 96 115
33 97 218
33 98 259
33 99 48
33 100 272
34 35 261
34 36 226
34 37 240
34 38 165
34 39 299
34 40 101
34 41 242
34 42 211
34 43 299
34 44 203
34 45 0
34 46 262
34 47 25
34 48 111
34 49 74
34 50 144
34 51 191
34 52 262
34 53 247
34 54 179
34 55 159
34 56 206
34 57 107
34 58 126
34 59 220
34 60 252
34 61 98
34 62 141
34 63 191
34 64 121
34 65 160
34 66 265
34 67 76
34 68 178
34 69 207
34 70 26
34 71 201
34 72 299
34 73 61
34 74 44
34 75 163
34 76 14
34 77 34
34 78 190
34 79 161
34 80 124
34 81 28
34 82 44
34 83 215
34 84 262
34 85 48
34 86 211
34 87 179
34 88 11
34 89 0
34 90 150
34 91 228
34 92 87
34 93 180
34 94 237
34 95 23
34 96 84
34 97 244
34 98 126
34 99 254
34 100 171
35 36 120
35 37 120
35 38 290
35 39 272
35 40 215
35 41 105
35 42 162
35 43 88
35 44 15
35 45 84
35 46 212
35 47 132
35 48 90
35 49 60
35 50 78
35 51 76
35 52 181
35 53 152
35 54 279
35 55 200
35 56 232
35 57 124
35 58 44
35 59 64
35 60 103
35 61 6
35 62 226
35 63 222
35 64 37
35 65 258
35 66 277
35 67 267
35 68 130
35 69 46
35 70 92
35 71 135
35 72 55
35 73 241
35 74 77
35 75 66
35 76 0
35 77 1
35 78 234
35 79 102
35 80 211
35 81 83
35 82 83
35 83 174
35 84 186
35 85 30
35 86 52
35 87 12
35 88 29
35 89 75
35 90 252
35 91 51
35 92 177
35 93 115
35 94 168
35 95 279
35 96 160
35 97 130
35 98 7
35 99 105
35 100 45
36 37 263
36 38 231
36 39 276
36 40 16
36 41 252
36 42 123
36 43 262
36 44 292
36 45 160
36 46 122
36 47 17
36 48 193
36 49 98
36 50 85
36 51 113
36 52 197
36 53 100
36 54 2
36 55 207
36 56 51
36 57 280
36 58 79
36 59 147
36 60 4
36 61 115
36 62 4
36 63 222
36 64 184
36 65 257
36 66 59
36 67 11
36 68 75
36 69 148
36 70 48
36 71 40
36 72 47
36 73 25
36 74 268
36 75 269
36 76 41
36 77 149
36 78 160
36 79 267
36 80 178
36 81 174
36 82 68
36 83 228
36 84 269
36 85 282
36 86 74
36 87 146
36 88 52
36 89 186
36 90 122
36 91 262
36 92 223
36 93 185
36 94 270
36 95 270
36 96 211
36 97 72
36 98 257
36 99 296
36 100 53
37 38 155
37 39 20
37 40 78
37 41 217
37 42 201
37 43 264
37 44 186
37 45 270
37 46 200
37 47 63
37 48 142
37 49 11
37 50 140
37 51 128
37 52 236
37 53 181
37 54 297
37 55 113
37 56 183
37 57 67
37 58 138
37 59 231
37 60 259
37 61 254
37 62 2
37 63 107
37 64 153
37 65 294
37 66 90
37 67 30
37 68 184
37 69 160
37 70 107
37 71 49
37 72 151
37 73 132
37 74 14
37 75 259
37 76 231
37 77 202
37 78 291
37 79 14
37 80 7
37 81 154
37 82 268
37 83 251
37 84 130
37 85 209
37 86 17
37 87 99
37 88 147
37 89 290
37 90 164
37 91 13
37 92 268
37 93 11
37 94 188
37 95 171
37 96 292
37 97 106
37 98 299
37 99 259
37 100 147
38 39 144
38 40 58
38 41 292
38 42 163
38 43 285
38 44 258
38 45 190
38 46 208
38 47 53
38 48 160
38 49 204
38 50 119
38 51 109
38 52 8
38 53 47
38 54 122
38 55 202
38 56 63
38 57 227
38 58 157
38 59 293
38 60 71
38 61 28
38 62 267
38 63 286
38 64 156
38 65 160
38 66 281
38 67 192
38 68 19
38 69 1
38 70 56
38 71 57
38 72 65
38 73 120
38 74 66
38 75 93
38 76 212
38 77 120
38 78 242
38 79 248
38 80 270
38 81 11
38 82 86
38 83 5
38 84 182
38 85 142
38 86 72
38 87 193
38 88 208
38 89 94
38 90 143
38 91 183
38 92 98
38 93 284
38 94 288
38 95 9
38 96 197
38 97 292
38 98 39
38 99 43
38 100 79
39 40 299
39 41 135
39 42 89
39 43 14
39 44 277
39 45 28
39 46 105
39 47 216
39 48 63
39 49 18
39 50 149
39 51 31
39 52 37
39 53 42
39 54 243
39 55 106
39 56 182
39 57 92
39 58 50
39 59 290
39 60 26
39 61 106
39 62 243
39 63 13
39 64 103
39 65 286
39 66 44
39 67 236
39 68 16
39 69 19
39 70 31
39 71 183
39 72 166
39 73 41
39 74 47
39 75 14
39 76 196
39 77 157
39 78 88
39 79 72
39 80 211
39 81 150
39 82 65
39 83 157
39 84 134
39 85 100
39 86 155
39 87 3
39 88 59
39 89 240
39 90 90
39 91 274
39 92 57
39 93 129
39 94 158
39 95 178
39 96 93
39 97 210
39 98 68
39 99 268
39 100 190
40 41 218
40 42 151
40 43 74
40 44 6
40 45 93
40 46 103
40 47 41
40 48 267
40 49 265
40 50 167
40 51 73
40 52 93
40 53 93
40 54 57
40 55 279
40 56 80
40 57 12
40 58 6
40 59 124
40 60 207
40 61 178
40 62 73
40 63 109
40 64 43
40 65 89
40 66 218
40 67 296
40 68 133
40 69 36
40 70 206
40 71 183
40 72 112
40 73 11
40 74 218
40 75 240
40 76 280
40 77 132
40 78 198
40 79 281
40 80 101
40 81 262
40 82 114
40 83 236
40 84 55
40 85 283
40 86 48
40 87 34
40 88 16
40 89 292
40 90 64
40 91 103
40 92 293
40 93 187
40 94 237
40 95 182
40 96 82
40 97 207
40 98 286
40 99 42
40 100 136
41 42 173
41 43 260
41 44 136
41 45 278
41 46 98
41 47 58
41 48 158
41 49 12
41 50 256
41 51 156
41 52 35
41 53 27
41 54 31
41 55 32
41 56 92
41 57 85
41 58 215
41 59 80
41 60 173
41 61 298
41 62 272
41 63 74
41 64 48
41 65 20
41 66 111
41 67 252
41 68 284
41 69 33
41 70 139
41 71 42
41 72 175
41 73 195
41 74 256
41 75 40
41 76 2
41 77 255
41 78 89
41 79 152
41 80 296
41 81 246
41 82 40
41 83 215
41 84 152
41 85 243
41 86 20
41 87 230
41 88 213
41 89 118
41 90 225
41 91 111
41 92 240
41 93 230
41 94 103
41 95 258
41 96 99
41 97 198
41 98 202
41 99 280
41 100 285
42 43 188
42 44 251
42 45 2
42 46 146
42 47 122
42 48 119
42 49 90
42 50 209
42 51 22
42 52 125
42 53 35
42 54 190
42 55 43
42 56 93
42 57 67
42 58 148
42 59 240
42 60 252
42 61 141
42 62 11
42 63 243
42 64 256
42 65 38
42 66 28
42 67 205
42 68 254
42 69 175
42 70 171
42 71 63
42 72 8
42 73 22
42 74 181
42 75 251
42 76 44
42 77 292
42 78 260
42 79 82
42 80 4
42 81 274
42 82 16
42 83 277
42 84 46
42 85 281
42 86 10
42 87 173
42 88 66
42 89 91
42 90 21
42 91 275
42 92 63
42 93 59
42 94 294
42 95 108
42 96 263
42 97 40
42 98 266
42 99 144
42 100 296
43 44 206
43 45 65
43 46 180
43 47 256
43 48 192
43 49 138
43 50 73
43 51 249
43 52 128
43 53 179
43 54 68
43 55 232
43 56 265
43 57 167
43 58 52
43 59 179
43 60 157
43 61 268
43 62 261
43 63 267
43 64 273
43 65 297
43 66 7
43 67 180
43 68 16
43 69 136
43 70 67
43 71 169
43 72 187
43 73 33
43 74 138
43 75 181
43 76 77
43 77 94
43 78 297
43 79 96
43 80 223
43 81 161
43 82 259
43 83 242
43 84 214
43 85 257
43 86 204
43 87 238
43 88 255
43 89 165
43 90 279
43 91 133
43 92 122
43 93 42
43 94 14
43 95 139
43 96 77
43 97 109
43 98 102
43 99 259
43 100 149
44 45 270
44 46 63
44 47 182
44 48 70
44 49 99
44 50 50
44 51 128
44 52 278
44 53 75
44 54 99
44 55 144
44 56 166
44 57 209
44 58 161
44 59 94
44 60 241
44 61 128
44 62 162
44 63 234
44 64 194
44 65 50
44 66 223
44 67 196
44 68 64
44 69 73
44 70 103
44 71 131
44 72 116
44 73 138
44 74 16
44 75 266
44 76 43
44 77 122
44 78 230
44 79 189
44 80 28
44 81 11
44 82 149
44 83 54
44 84 80
44 85 235
44 86 68
44 87 299
44 88 53
44 89 1
44 90 80
44 91 101
44 92 117
44 93 7
44 94 123
44 95 57
44 96 63
44 97 17
44 98 30
44 99 214
44 100 212
45 46 278
45 47 225
45 48 136
45 49 139
45 50 0
45 51 291
45 52 107
45 53 287
45 54 160
45 55 86
45 56 214
45 57 246
45 58 95
45 59 241
45 60 180
45 61 267
45 62 153
45 63 68
45 64 117
45 65 85
45 66 150
45 67 249
45 68 31
45 69 107
45 70 146
45 71 135
45 72 235
45 73 186
45 74 78
45 75 253
45 76 234
45 77 177
45 78 116
45 79 7
45 80 129
45 81 75
45 82 162
45 83 161
45 84 202
45 85 278
45 86 15
45 87 274
45 88 96
45 89 92
45 90 86
45 91 62
45 92 6
45 93 197
45 94 105
45 95 74
45 96 234
45 97 63
45 98 10
45 99 250
45 100 51
46 47 18
46 48 94
46 49 199
46 50 210
46 51 165
46 52 38
46 53 181
46 54 209
46 55 173
46 56 121
46 57 108
46 58 237
46 59 219
46 60 161
46 61 292
46 62 50
46 63 164
46 64 257
46 65 128
46 66 270
46 67 144
46 68 96
46 69 194
46 70 6
46 71 127
46 72 135
46 73 30
46 74 104
46 75 144
46 76 277
46 77 177
46 78 242
46 79 102
46 80 165
46 81 91
46 82 242
46 83 298
46 84 37
46 85 30
46 86 32
46 87 240
46 88 227
46 89 146
46 90 161
46 91 267
46 92 218
46 93 68
46 94 56
46 95 82
46 96 202
46 97 0
46 98 132
46 99 44
46 100 246
47 48 222
47 49 154
47 50 239
47 51 148
47 52 199
47 53 212
47 54 284
47 55 21
47 56 247
47 57 233
47 58 104
47 59 5
47 60 222
47 61 89
47 62 112
47 63 113
47 64 201
47 65 269
47 66 77
47 67 13
47 68 0
47 69 112
47 70 161
47 71 131
47 72 279
47 73 189
47 74 118
47 75 78
47 76 246
47 77 158
47 78 259
47 79 217
47 80 61
47 81 50
47 82 46
47 83 71
47 84 149
47 85 279
47 86 263
47 87 229
47 88 18
47 89 299
47 90 255
47 91 33
47 92 61
47 93 75
47 94 180
47 95 260
47 96 54
47 97 148
47 98 10
47 99 31
47 100 54
48 49 146
48 50 143
48 51 122
48 52 122
48 53 200
48 54 220
48 55 209
48 56 72
48 57 258
48 58 158
48 59 148
48 60 76
48 61 51
48 62 199
48 63 49
48 64 249
48 65 205
48 66 238
48 67 262
48 68 28
48 69 125
48 70 270
48 71 63
48 72 203
48 73 132
48 74 50
48 75 182
48 76 166
48 77 293
48 78 22
48 79 97
48 80 69
48 81 299
48 82 270
48 83 67
48 84 134
48 85 288
48 86 37
48 87 252
48 88 46
48 89 237
48 90 231
48 91 85
48 92 189
48 93 177
48 94 197
48 95 74
48 96 166
48 97 94
48 98 41
48 99 257
48 100 169
49 50 60
49 51 34
49 52 175
49 53 297
49 54 66
49 55 118
49 56 171
49 57 129
49 58 79
49 59 125
49 60 297
49 61 33
49 62 57
49 63 108
49 64 121
49 65 281
49 66 42
49 67 63
49 68 277
49 69 289
49 70 164
49 71 281
49 72 25
49 73 116
49 74 233
49 75 193
49 76 271
49 77 221
49 78 88
49 79 276
49 80 73
49 81 206
49 82 4
49 83 232
49 84 173
49 85 78
49 86 199
49 87 213
49 88 84
49 89 41
49 90 155
49 91 288
49 92 89
49 93 22
49 94 166
49 95 174
49 96 229
49 97 99
49 98 121
49 99 90
49 100 112
50 51 153
50 52 158
50 53 85
50 54 38
50 55 229
50 56 77
50 57 295
50 58 33
50 59 290
50 60 105
50 61 50
50 62 173
50 63 113
50 64 142
50 65 261
50 66 256
50 67 181
50 68 160
50 69 71
50 70 199
50 71 294
50 72 113
50 73 60
50 74 166
50 75 169
50 76 215
50 77 14
50 78 40
50 79 96
50 80 62
50 81 290
50 82 6
50 83 8
50 84 235
50 85 201
50 86 127
50 87 187
50 88 125
50 89 124
50 90 64
50 91 78
50 92 137
50 93 288
50 94 298
50 95 83
50 96 20
50 97 164
50 98 30
50 99 89
50 100 198
51 52 150
51 53 208
51 54 125
51 55 262
51 56 162
51 57 90
51 58 41
51 59 205
51 60 228
51 61 287
51 62 50
51 63 203
51 64 70
51 65 232
51 66 29
51 67 157
51 68 274
51 69 220
51 70 281
51 71 65
51 72 269
51 73 188
51 74 73
51 75 205
51 76 51
51 77 233
51 78 8
51 79 55
51 80 183
51 81 269
51 82 109
51 83 267
51 84 75
51 85 113
51 86 143
51 87 114
51 88 85
51 89 64
51 90 131
51 91 141
51 92 200
51 93 192
51 94 68
51 95 115
51 96 70
51 97 263
51 98 288
51 99 106
51 100 262
52 53 91
52 54 265
52 55 90
52 56 236
52 57 290
52 58 115
52 59 4
52 60 83
52 61 194
52 62 8
52 63 30
52 64 188
52 65 115
52 66 287
52 67 171
52 68 91
52 69 143
52 70 1
52 71 286
52 72 47
52 73 67
52 74 112
52 75 164
52 76 16
52 77 242
52 78 122
52 79 50
52 80 202
52 81 198
52 82 13
52 83 289
52 84 191
52 85 225
52 86 153
52 87 135
52 88 119
52 89 155
52 90 129
52 91 102
52 92 24
52 93 275
52 94 61
52 95 92
52 96 57
52 97 46
52 98 237
52 99 90
52 100 3
53 54 82
53 55 233
53 56 180
53 57 66
53 58 50
53 59 132
53 60 254
53 61 214
53 62 103
53 63 287
53 64 47
53 65 299
53 66 208
53 67 188
53 68 69
53 69 118
53 70 6
53 71 131
53 72 180
53 73 173
53 74 85
53 75 56
53 76 172
53 77 208
53 78 44
53 79 190
53 80 130
53 81 233
53 82 15
53 83 196
53 84 272
53 85 54
53 86 156
53 87 14
53 88 136
53 89 32
53 90 27
53 91 4
53 92 29
53 93 257
53 94 229
53 95 215
53 96 299
53 97 93
53 98 131
53 99 65
53 100 172
54 55 201
54 56 190
54 57 275
54 58 94
54 59 239
54 60 70
54 61 140
54 62 100
54 63 250
54 64 73
54 65 84
54 66 48
54 67 210
54 68 14
54 69 264
54 70 235
54 71 64
54 72 2
54 73 223
54 74 81
54 75 235
54 76 214
54 77 17
54 78 106
54 79 235
54 80 49
54 81 273
54 82 278
54 83 61
54 84 224
54 85 125
54 86 144
54 87 11
54 88 115
54 89 197
54 90 169
54 91 233
54 92 32
54 93 18
54 94 204
54 95 156
54 96 106
54 97 147
54 98 204
54 99 93
54 100 269
55 56 127
55 57 158
55 58 248
55 59 3
55 60 78
55 61 213
55 62 256
55 63 67
55 64 69
55 65 143
55 66 232
55 67 151
55 68 184
55 69 161
55 70 148
55 71 112
55 72 247
55 73 202
55 74 99
55 75 50
55 76 61
55 77 268
55 78 212
55 79 167
55 80 114
55 81 293
55 82 122
55 83 17
55 84 175
55 85 34
55 86 81
55 87 20
55 88 11
55 89 70
55 90 129
55 91 104
55 92 280
55 93 84
55 94 195
55 95 161
55 96 52
55 97 114
55 98 74
55 99 127
55 100 44
56 57 203
56 58 89
56 59 79
56 60 228
56 61 1
56 62 88
56 63 107
56 64 65
56 65 154
56 66 35
56 67 27
56 68 50
56 69 272
56 70 135
56 71 125
56 72 38
56 73 151
56 74 73
56 75 132
56 76 82
56 77 16
56 78 270
56 79 15
56 80 79
56 81 226
56 82 259
56 83 261
56 84 170
56 85 217
56 86 105
56 87 189
56 88 198
56 89 191
56 90 99
56 91 93
56 92 226
56 93 198
56 94 155
56 95 112
56 96 88
56 97 123
56 98 72
56 99 186
56 100 278
57 58 292
57 59 23
57 60 270
57 61 283
57 62 144
57 63 103
57 64 70
57 65 33
57 66 104
57 67 91
57 68 3
57 69 165
57 70 200
57 71 161
57 72 186
57 73 58
57 74 51
57 75 64
57 76 30
57 77 179
57 78 26
57 79 226
57 80 183
57 81 218
57 82 297
57 83 17
57 84 106
57 85 176
57 86 91
57 87 8
57 88 238
57 89 203
57 90 159
57 91 218
57 92 139
57 93 229
57 94 190
57 95 121
57 96 78
57 97 229
57 98 29
57 99 58
57 100 79
58 59 29
58 60 85
58 61 198
58 62 101
58 63 26
58 64 211
58 65 98
58 66 105
58 67 86
58 68 174
58 69 230
58 70 105
58 71 290
58 72 133
58 73 59
58 74 48
58 75 129
58 76 150
58 77 267
58 78 173
58 79 250
58 80 96
58 81 245
58 82 97
58 83 195
58 84 279
58 85 166
58 86 264
58 87 278
58 88 6
58 89 92
58 90 79
58 91 65
58 92 197
58 93 36
58 94 167
58 95 214
58 96 180
58 97 177
58 98 101
58 99 275
58 100 163
59 60 59
59 61 229
59 62 69
59 63 121
59 64 135
59 65 235
59 66 299
59 67 145
59 68 95
59 69 269
59 70 8
59 71 152
59 72 269
59 73 97
59 74 150
59 75 144
59 76 86
59 77 79
59 78 163
59 79 213
59 80 143
59 81 183
59 82 290
59 83 72
59 84 147
59 85 67
59 86 82
59 87 125
59 88 220
59 89 174
59 90 216
59 91 215
59 92 191
59 93 149
59 94 153
59 95 166
59 96 213
59 97 235
59 98 31
59 99 175
59 100 78
60 61 223
60 62 222
60 63 153
60 64 29
60 65 37
60 66 80
60 67 205
60 68 135
60 69 278
60 70 138
60 71 62
60 72 8
60 73 222
60 74 101
60 75 266
60 76 276
60 77 134
60 78 199
60 79 101
60 80 298
60 81 246
60 82 229
60 83 149
60 84 6
60 85 192
60 86 223
60 87 283
60 88 54
60 89 26
60 90 79
60 91 56
60 92 121
60 93 263
60 94 297
60 95 238
60 96 158
60 97 30
60 98 193
60 99 82
60 100 120
61 62 271
61 63 175
61 64 175
61 65 253
61 66 236
61 67 61
61 68 187
61 69 263
61 70 23
61 71 139
61 72 279
61 73 209
61 74 271
61 75 28
61 76 155
61 77 299
61 78 81
61 79 47
61 80 225
61 81 122
61 82 272
61 83 161
61 84 196
61 85 58
61 86 5
61 87 249
61 88 132
61 89 82
61 90 93
61 91 118
61 92 254
61 93 11
61 94 146
61 95 164
61 96 263
61 97 77
61 98 5
61 99 141
61 100 84
62 63 174
62 64 106
62 65 137
62 66 0
62 67 249
62 68 39
62 69 167
62 70 142
62 71 171
62 72 101
62 73 61
62 74 115
62 75 173
62 76 133
62 77 176
62 78 21
62 79 53
62 80 172
62 81 292
62 82 232
62 83 132
62 84 54
62 85 291
62 86 225
62 87 167
62 88 277
62 89 138
62 90 178
62 91 184
62 92 254
62 93 53
62 94 203
62 95 267
62 96 255
62 97 193
62 98 229
62 99 31
62 100 80
63 64 284
63 65 58
63 66 139
63 67 168
63 68 161
63 69 251
63 70 233
63 71 77
63 72 220
63 73 30
63 74 258
63 75 285
63 76 103
63 77 195
63 78 247
63 79 193
63 80 207
63 81 189
63 82 218
63 83 111
63 84 131
63 85 39
63 86 94
63 87 247
63 88 67
63 89 244
63 90 220
63 91 197
63 92 235
63 93 199
63 94 115
63 95 74
63 96 172
63 97 129
63 98 151
63 99 122
63 100 38
64 65 147
64 66 247
64 67 146
64 68 167
64 69 123
64 70 91
64 71 79
64 72 282
64 73 220
64 74 44
64 75 64
64 76 37
64 77 213
64 78 166
64 79 243
64 80 103
64 81 158
64 82 4
64 83 50
64 84 135
64 85 299
64 86 146
64 87 95
64 88 139
64 89 245
64 90 231
64 91 254
64 92 2
64 93 116
64 94 242
64 95 138
64 96 126
64 97 272
64 98 219
64 99 75
64 100 207
65 66 109
65 67 133
65 68 213
65 69 270
65 70 52
65 71 248
65 72 255
65 73 285
65 74 187
65 75 163
65 76 164
65 77 51
65 78 18
65 79 208
65 80 291
65 81 286
65 82 32
65 83 180
65 84 42
65 85 289
65 86 138
65 87 35
65 88 214
65 89 286
65 90 41
65 91 250
65 92 241
65 93 278
65 94 296
65 95 31
65 96 93
65 97 180
65 98 190
65 99 271
65 100 82
66 67 193
66 68 214
66 69 123
66 70 88
66 71 180
66 72 156
66 73 44
66 74 261
66 75 155
66 76 152
66 77 23
66 78 229
66 79 186
66 80 265
66 81 19
66 82 215
66 83 19
66 84 168
66 85 31
66 86 148
66 87 248
66 88 45
66 89 23
66 90 30
66 91 70
66 92 2
66 93 142
66 94 298
66 95 153
66 96 252
66 97 94
66 98 205
66 99 40
66 100 7
67 68 10
67 69 19
67 70 271
67 71 278
67 72 3
67 73 243
67 74 255
67 75 180
67 76 25
67 77 290
67 78 138
67 79 114
67 80 48
67 81 243
67 82 152
67 83 77
67 84 45
67 85 244
67 86 103
67 87 13
67 88 43
67 89 268
67 90 202
67 91 64
67 92 165
67 93 45
67 94 293
67 95 250
67 96 239
67 97 204
67 98 92
67 99 7
67 100 89
68 69 188
68 70 199
68 71 2
68 72 274
68 73 269
68 74 152
68 75 101
68 76 250
68 77 65
68 78 219
68 79 117
68 80 123
68 81 119
68 82 70
68 83 129
68 84 252
68 85 144
68 86 146
68 87 264
68 88 99
68 89 264
68 90 96
68 91 5
68 92 63
68 93 199
68 94 138
68 95 254
68 96 67
68 97 90
68 98 155
68 99 126
68 100 221
69 70 179
69 71 59
69 72 132
69 73 84
69 74 288
69 75 132
69 76 246
69 77 183
69 78 34
69 79 270
69 80 166
69 81 213
69 82 129
69 83 248
69 84 110
69 85 63
69 86 267
69 87 226
69 88 273
69 89 159
69 90 261
69 91 29
69 92 259
69 93 64
69 94 51
69 95 1
69 96 141
69 97 192
69 98 298
69 99 276
69 100 239
70 71 272
70 72 197
70 73 242
70 74 246
70 75 162
70 76 44
70 77 12
70 78 112
70 79 110
70 80 297
70 81 137
70 82 59
70 83 55
70 84 278
70 85 215
70 86 102
70 87 113
70 88 285
70 89 3
70 90 235
70 91 257
70 92 132
70 93 16
70 94 267
70 95 284
70 96 222
70 97 142
70 98 120
70 99 23
70 100 258
71 72 47
71 73 245
71 74 197
71 75 59
71 76 202
71 77 59
71 78 223
71 79 20
71 80 280
71 81 213
71 82 234
71 83 114
71 84 211
71 85 85
71 86 259
71 87 40
71 88 14
71 89 125
71 90 191
71 91 49
71 92 109
71 93 273
71 94 151
71 95 96
71 96 78
71 97 121
71 98 65
71 99 20
71 100 254
72 73 23
72 74 284
72 75 212
72 76 16
72 77 257
72 78 232
72 79 58
72 80 204
72 81 204
72 82 210
72 83 263
72 84 45
72 85 221
72 86 130
72 87 18
72 88 140
72 89 141
72 90 152
72 91 272
72 92 237
72 93 207
72 94 103
72 95 264
72 96 262
72 97 50
72 98 134
72 99 131
72 100 182
73 74 86
73 75 244
73 76 120
73 77 271
73 78 244
73 79 288
73 80 290
73 81 167
73 82 230
73 83 133
73 84 165
73 85 84
73 86 77
73 87 197
73 88 216
73 89 165
73 90 281
73 91 37
73 92 190
73 93 47
73 94 116
73 95 220
73 96 174
73 97 108
73 98 277
73 99 74
73 100 47
74 75 158
74 76 107
74 77 71
74 78 74
74 79 96
74 80 113
74 81 244
74 82 240
74 83 167
74 84 85
74 85 97
74 86 202
74 87 100
74 88 120
74 89 186
74 90 131
74 91 25
74 92 235
74 93 179
74 94 148
74 95 228
74 96 125
74 97 73
74 98 135
74 99 236
74 100 94
75 76 283
75 77 144
75 78 146
75 79 93
75 80 102
75 81 253
75 82 99
75 83 58
75 84 295
75 85 270
75 86 286
75 87 31
75 88 242
75 89 139
75 90 207
75 91 265
75 92 108
75 93 45
75 94 255
75 95 167
75 96 57
75 97 238
75 98 172
75 99 285
75 100 57
76 77 71
76 78 76
76 79 167
76 80 213
76 81 199
76 82 62
76 83 119
76 84 245
76 85 244
76 86 200
76 87 224
76 88 63
76 89 185
76 90 120
76 91 110
76 92 23
76 93 224
76 94 281
76 95 25
76 96 255
76 97 87
76 98 270
76 99 56
76 100 58
77 78 170
77 79 87
77 80 297
77 81 20
77 82 181
77 83 263
77 84 147
77 85 188
77 86 139
77 87 75
77 88 270
77 89 15
77 90 56
77 91 244
77 92 180
77 93 299
77 94 221
77 95 205
77 96 266
77 97 81
77 98 251
77 99 117
77 100 10
78 79 39
78 80 254
78 81 36
78 82 248
78 83 143
78 84 238
78 85 217
78 86 216
78 87 119
78 88 17
78 89 204
78 90 152
78 91 166
78 92 96
78 93 14
78 94 134
78 95 186
78 96 129
78 97 144
78 98 231
78 99 199
78 100 180
79 80 103
79 81 82
79 82 272
79 83 29
79 84 121
79 85 198
79 86 2
79 87 233
79 88 249
79 89 157
79 90 197
79 91 127
79 92 52
79 93 226
79 94 212
79 95 295
79 96 148
79 97 59
79 98 294
79 99 250
79 100 180
80 81 137
80 82 69
80 83 250
80 84 42
80 85 94
80 86 275
80 87 219
80 88 146
80 89 268
80 90 112
80 91 294
80 92 217
80 93 134
80 94 10
80 95 192
80 96 97
80 97 46
80 98 44
80 99 242
80 100 97
81 82 152
81 83 37
81 84 256
81 85 177
81 86 246
81 87 96
81 88 66
81 89 118
81 90 245
81 91 258
81 92 299
81 93 38
81 94 246
81 95 231
81 96 21
81 97 178
81 98 133
81 99 231
81 100 221
82 83 275
82 84 164
82 85 107
82 86 21
82 87 232
82 88 67
82 89 206
82 90 199
82 91 166
82 92 21
82 93 96
82 94 220
82 95 205
82 96 45
82 97 124
82 98 153
82 99 280
82 100 231
83 84 68
83 85 61
83 86 179
83 87 258
83 88 73
83 89 115
83 90 215
83 91 134
83 92 146
83 93 67
83 94 73
83 95 243
83 96 32
83 97 224
83 98 280
83 99 33
83 100 25
84 85 145
84 86 248
84 87 12
84 88 183
84 89 292
84 90 181
84 91 65
84 92 79
84 93 236
84 94 85
84 95 128
84 96 1
84 97 95
84 98 40
84 99 69
84 100 231
85 86 191
85 87 133
85 88 94
85 89 107
85 90 10
85 91 113
85 92 271
85 93 231
85 94 290
85 95 117
85 96 137
85 97 184
85 98 72
85 99 269
85 100 137
86 87 26
86 88 246
86 89 139
86 90 88
86 91 137
86 92 86
86 93 271
86 94 185
86 95 206
86 96 104
86 97 28
86 98 194
86 99 274
86 100 171
87 88 86
87 89 163
87 90 281
87 91 127
87 92 284
87 93 218
87 94 227
87 95 219
87 96 50
87 97 171
87 98 221
87 99 207
87 100 13
88 89 188
88 90 109
88 91 254
88 92 160
88 93 124
88 94 251
88 95 132
88 96 255
88 97 244
88 98 86
88 99 287
88 100 41
89 90 152
89 91 238
89 92 62
89 93 153
89 94 1
89 95 42
89 96 191
89 97 50
89 98 211
89 99 138
89 100 62
90 91 161
90 92 99
90 93 9
90 94 189
90 95 100
90 96 255
90 97 272
90 98 258
90 99 146
90 100 152
91 92 75
91 93 51
91 94 295
91 95 90
91 96 147
91 97 67
91 98 26
91 99 231
91 100 151
92 93 176
92 94 100
92 95 152
92 96 157
92 97 236
92 98 35
92 99 131
92 100 124
93 94 294
93 95 175
93 96 223
93 97 282
93 98 3
93 99 102
93 100 170
94 95 237
94 96 130
94 97 203
94 98 291
94 99 39
94 100 297
95 96 210
95 97 220
95 98 115
95 99 91
95 100 249
96 97 209
96 98 125
96 99 284
96 100 266
97 98 132
97 99 268
97 100 119
98 99 150
98 100 219
99 100 44
