100 4950
1 2 19
1 3 184
1 4 31
1 5 240
1 6 293
1 7 24
1 8 25
1 9 141
1 10 2
1 11 127
1 12 191
1 13 170
1 14 225
1 15 174
1 16 177
1 17 4
1 18 159
1 19 15
1 20 79
1 21 250
1 22 288
1 23 259
1 24 218
1 25 204
1 26 93
1 27 295
1 28 187
1 29 53
1 30 33
1 31 79
1 32 176
1 33 99
1 34 133
1 35 19
1 36 279
1 37 151
1 38 81
1 39 17
1 40 279
1 41 28
1 42 285
1 43 73
1 44 272
1 45 196
1 46 263
1 47 64
1 48 153
1 49 290
1 50 108
1 51 15
1 52 179
1 53 112
1 54 75
1 55 257
1 56 53
1 57 297
1 58 284
1 59 53
1 60 1
1 61 238
1 62 270
1 63 282
1 64 46
1 65 185
1 66 102
1 67 167
1 68 287
1 69 141
1 70 4
1 71 100
1 72 114
1 73 280
1 74 16
1 75 141
1 76 197
1 77 182
1 78 203
1 79 2
1 80 124
1 81 219
1 82 128
1 83 138
1 84 171
1 85 144
1 86 234
1 87 42
1 88 117
1 89 150
1 90 189
1 91 262
1 92 158
1 93 87
1 94 242
1 95 130
1 96 192
1 97 114
1 98 278
1 99 83
1 100 198
2 3 209
2 4 92
2 5 81
2 6 24
2 7 244
2 8 36
2 9 111
2 10 175
2 11 118
2 12 224
2 13 135
2 14 291
2 15 276
2 16 53
2 17 32
2 18 94
2 19 133
2 20 235
2 21 72
2 22 178
2 23 41
2 24 16
2 25 52
2 26 215
2 27 57
2 28 67
2 29 60
2 30 11
2 31 96
2 32 108
2 33 215
2 34 200
2 35 205
2 36 103
2 37 214
2 38 121
2 39 57
2 40 284
2 41 158
2 42 218
2 43 244
2 44 113
2 45 14
2 46 212
2 47 194
2 48 109
2 49 43
2 50 50
2 51 42
2 52 43
2 53 19
2 54 161
2 55 0
2 56 214
2 57 269
2 58 46
2 59 252
2 60 153
2 61 114
2 62 129
2 63 148
2 64 269
2 65 139
2 66 107
2 67 254
2 68 34
2 69 157
2 70 116
2 71 53
2 72 119
2 73 30
2 74 140
2 75 235
2 76 281
2 77 100
2 78 24
2 79 190
2 80 288
2 81 167
2 82 288
2 83 93
2 84 92
2 85 233
2 86 62
2 87 51
2 88 186
2 89 165
2 90 6
2 91 125
2 92 58
2 93 289
2 94 252
2 95 185
2 96 55
2 97 64
2 98 181
2 99 110
2 100 17
3 4 163
3 5 296
3 6 54
3 7 270
3 8 153
3 9 80
3 10 280
3 11 232
3 12 90
3 13 116
3 14 170
3 15 85
3 16 157
3 17 112
3 18 51
3 19 89
3 20 164
3 21 96
3 22 209
3 23 25
3 24 61
3 25 185
3 26 219
3 27 98
3 28 60
3 29 49
3 30 22
3 31 284
3 32 250
3 33 249
3 34 266
3 35 19
3 36 155
3 37 298
3 38 45
3 39 32
3 40 257
3 41 0
3 42 257
3 43 194
3 44 109
3 45 209
3 46 156
3 47 101
3 48 273
3 49 56
3 50 230
3 51 261
3 52 143
3 53 138
3 54 126
3 55 238
3 56 153
3 57 292
3 58 215
3 59 90
3 60 145
3 61 17
3 62 9
3 63 254
3 64 286
3 65 151
3 66 51
3 67 248
3 68 121
3 69 57
3 70 73
3 71 187
3 72 198
3 73 176
3 74 274
3 75 128
3 76 68
3 77 78
3 78 172
3 79 231
3 80 33
3 81 148
3 82 263
3 83 163
3 84 133
3 85 159
3 86 54
3 87 109
3 88 70
3 89 63
3 90 81
3 91 188
3 92 42
3 93 283
3 94 145
3 95 26
3 96 50
3 97 158
3 98 111
3 99 114
3 100 274
4 5 20
4 6 91
4 7 197
4 8 173
4 9 233
4 10 105
4 11 34
4 12 91
4 13 256
4 14 264
4 15 102
4 16 230
4 17 82
4 18 258
4 19 22
4 20 225
4 21 236
4 22 60
4 23 111
4 24 28
4 25 128
4 26 107
4 27 178
4 28 45
4 29 79
4 30 46
4 31 159
4 32 122
4 33 212
4 34 60
4 35 189
4 36 188
4 37 85
4 38 1
4 39 54
4 40 194
4 41 55
4 42 141
4 43 9
4 44 159
4 45 22
4 46 297
4 47 144
4 48 57
4 49 299
4 50 290
4 51 147
4 52 240
4 53 242
4 54 198
4 55 267
4 56 275
4 57 36
4 58 241
4 59 186
4 60 292
4 61 85
4 62 291
4 63 199
4 64 191
4 65 298
4 66 42
4 67 142
4 68 55
4 69 236
4 70 142
4 71 5
4 72 187
4 73 193
4 74 294
4 75 16
4 76 26
4 77 123
4 78 53
4 79 217
4 80 34
4 81 58
4 82 254
4 83 138
4 84 144
4 85 238
4 86 97
4 87 258
4 88 28
4 89 231
4 90 216
4 91 161
4 92 11
4 93 165
4 94 43
4 95 106
4 96 259
4 97 142
4 98 140
4 99 173
4 100 294
5 6 281
5 7 141
5 8 69
5 9 213
5 10 30
5 11 150
5 12 110
5 13 250
5 14 261
5 15 286
5 16 112
5 17 253
5 18 87
5 19 27
5 20 74
5 21 119
5 22 85
5 23 121
5 24 17
5 25 22
5 26 192
5 27 137
5 28 262
5 29 211
5 30 34
5 31 285
5 32 9
5 33 252
5 34 11
5 35 218
5 36 83
5 37 228
5 38 22
5 39 215
5 40 33
5 41 204
5 42 210
5 43 237
5 44 21
5 45 142
5 46 152
5 47 44
5 48 98
5 49 268
5 50 159
5 51 216
5 52 199
5 53 205
5 54 222
5 55 70
5 56 290
5 57 63
5 58 64
5 59 8
5 60 110
5 61 283
5 62 231
5 63 214
5 64 225
5 65 270
5 66 274
5 67 285
5 68 124
5 69 232
5 70 118
5 71 204
5 72 3
5 73 138
5 74 227
5 75 195
5 76 122
5 77 285
5 78 283
5 79 8
5 80 186
5 81 51
5 82 19
5 83 154
5 84 214
5 85 15
5 86 181
5 87 8
5 88 152
5 89 278
5 90 52
5 91 194
5 92 130
5 93 279
5 94 160
5 95 11
5 96 261
5 97 294
5 98 208
5 99 109
5 100 106
6 7 227
6 8 240
6 9 62
6 10 118
6 11 37
6 12 299
6 13 137
6 14 116
6 15 92
6 16 9
6 17 282
6 18 294
6 19 155
6 20 11
6 21 76
6 22 48
6 23 16
6 24 94
6 25 9
6 26 92
6 27 258
6 28 20
6 29 234
6 30 235
6 31 241
6 32 282
6 33 210
6 34 90
6 35 240
6 36 224
6 37 161
6 38 44
6 39 35
6 40 12
6 41 79
6 42 133
6 43 32
6 44 134
6 45 123
6 46 228
6 47 238
6 48 197
6 49 257
6 50 205
6 51 275
6 52 270
6 53 13
6 54 35
6 55 227
6 56 131
6 57 136
6 58 4
6 59 261
6 60 17
6 61 158
6 62 225
6 63 7
6 64 272
6 65 43
6 66 144
6 67 123
6 68 230
6 69 187
6 70 94
6 71 198
6 72 231
6 73 238
6 74 262
6 75 178
6 76 246
6 77 19
6 78 206
6 79 244
6 80 92
6 81 233
6 82 78
6 83 163
6 84 120
6 85 215
6 86 220
6 87 130
6 88 260
6 89 279
6 90 205
6 91 53
6 92 178
6 93 50
6 94 22
6 95 14
6 96 114
6 97 216
6 98 40
6 99 251
6 100 39
7 8 130
7 9 238
7 10 176
7 11 160
7 12 119
7 13 40
7 14 282
7 15 192
7 16 260
7 17 245
7 18 232
7 19 141
7 20 12
7 21 15
7 22 122
7 23 263
7 24 59
7 25 74
7 26 35
7 27 118
7 28 51
7 29 139
7 30 122
7 31 176
7 32 189
7 33 267
7 34 43
7 35 73
7 36 85
7 37 49
7 38 262
7 39 274
7 40 125
7 41 251
7 42 216
7 43 246
7 44 282
7 45 151
7 46 125
7 47 252
7 48 107
7 49 29
7 50 292
7 51 96
7 52 118
7 53 91
7 54 198
7 55 110
7 56 258
7 57 131
7 58 220
7 59 126
7 60 93
7 61 6
7 62 5
7 63 69
7 64 196
7 65 258
7 66 154
7 67 253
7 68 13
7 69 133
7 70 157
7 71 183
7 72 226
7 73 213
7 74 210
7 75 199
7 76 141
7 77 133
7 78 64
7 79 124
7 80 171
7 81 116
7 82 119
7 83 12
7 84 140
7 85 172
7 86 111
7 87 280
7 88 250
7 89 261
7 90 111
7 91 93
7 92 66
7 93 147
7 94 235
7 95 255
7 96 198
7 97 85
7 98 76
7 99 64
7 100 72
8 9 165
8 10 186
8 11 272
8 12 100
8 13 111
8 14 239
8 15 111
8 16 220
8 17 196
8 18 41
8 19 238
8 20 28
8 21 236
8 22 158
8 23 135
8 24 20
8 25 120
8 26 57
8 27 259
8 28 44
8 29 11
8 30 204
8 31 289
8 32 63
8 33 204
8 34 56
8 35 243
8 36 58
8 37 226
8 38 285
8 39 106
8 40 225
8 41 188
8 42 132
8 43 88
8 44 66
8 45 259
8 46 231
8 47 181
8 48 170
8 49 293
8 50 280
8 51 213
8 52 217
8 53 187
8 54 31
8 55 206
8 56 20
8 57 89
8 58 82
8 59 222
8 60 81
8 61 141
8 62 232
8 63 260
8 64 122
8 65 141
8 66 278
8 67 236
8 68 32
8 69 12
8 70 15
8 71 249
8 72 89
8 73 173
8 74 129
8 75 140
8 76 239
8 77 297
8 78 118
8 79 42
8 80 162
8 81 79
8 82 94
8 83 36
8 84 11
8 85 297
8 86 256
8 87 59
8 88 198
8 89 259
8 90 118
8 91 275
8 92 259
8 93 136
8 94 34
8 95 56
8 96 128
8 97 283
8 98 38
8 99 232
8 100 286
9 10 244
9 11 142
9 12 7
9 13 257
9 14 141
9 15 127
9 16 54
9 17 161
9 18 270
9 19 130
9 20 125
9 21 61
9 22 238
9 23 226
9 24 140
9 25 280
9 26 135
9 27 82
9 28 137
9 29 67
9 30 86
9 31 211
9 32 287
9 33 32
9 34 227
9 35 256
9 36 112
9 37 261
9 38 123
9 39 272
9 40 103
9 41 35
9 42 57
9 43 51
9 44 261
9 45 15
9 46 61
9 47 183
9 48 140
9 49 280
9 50 265
9 51 120
9 52 88
9 53 296
9 54 26
9 55 189
9 56 238
9 57 190
9 58 147
9 59 23
9 60 278
9 61 237
9 62 28
9 63 283
9 64 173
9 65 23
9 66 279
9 67 112
9 68 240
9 69 294
9 70 209
9 71 266
9 72 251
9 73 279
9 74 275
9 75 241
9 76 251
9 77 141
9 78 295
9 79 213
9 80 30
9 81 120
9 82 163
9 83 147
9 84 88
9 85 167
9 86 208
9 87 37
9 88 133
9 89 219
9 90 99
9 91 275
9 92 53
9 93 271
9 94 157
9 95 181
9 96 291
9 97 209
9 98 25
9 99 289
9 100 246
10 11 78
10 12 27
10 13 173
10 14 266
10 15 119
10 16 81
10 17 271
10 18 107
10 19 297
10 20 120
10 21 75
10 22 6
10 23 48
10 24 128
10 25 63
10 26 69
10 27 190
10 28 282
10 29 256
10 30 115
10 31 195
10 32 148
10 33 107
10 34 72
10 35 183
10 36 65
10 37 207
10 38 164
10 39 255
10 40 234
10 41 187
10 42 109
10 43 248
10 44 161
10 45 223
10 46 168
10 47 296
10 48 35
10 49 78
10 50 112
10 51 43
10 52 7
10 53 224
10 54 158
10 55 163
10 56 296
10 57 16
10 58 280
10 59 299
10 60 125
10 61 115
10 62 241
10 63 144
10 64 150
10 65 41
10 66 268
10 67 88
10 68 269
10 69 175
10 70 73
10 71 226
10 72 80
10 73 132
10 74 61
10 75 266
10 76 121
10 77 259
10 78 116
10 79 12
10 80 65
10 81 7
10 82 101
10 83 265
10 84 178
10 85 128
10 86 184
10 87 126
10 88 17
10 89 211
10 90 144
10 91 237
10 92 5
10 93 101
10 94 236
10 95 276
10 96 295
10 97 234
10 98 136
10 99 139
10 100 47
11 12 147
11 13 53
11 14 290
11 15 68
11 16 212
11 17 28
11 18 123
11 19 296
11 20 62
11 21 206
11 22 45
11 23 167
11 24 116
11 25 87
11 26 147
11 27 84
11 28 189
11 29 12
11 30 210
11 31 161
11 32 291
11 33 192
11 34 86
11 35 221
11 36 88
11 37 231
11 38 46
11 39 231
11 40 58
11 41 254
11 42 15
11 43 62
11 44 166
11 45 245
11 46 235
11 47 214
11 48 39
11 49 33
11 50 53
11 51 214
11 52 20
11 53 5
11 54 259
11 55 203
11 56 97
11 57 208
11 58 226
11 59 225
11 60 277
11 61 87
11 62 54
11 63 177
11 64 212
11 65 243
11 66 247
11 67 277
11 68 133
11 69 248
11 70 130
11 71 280
11 72 264
11 73 25
11 74 244
11 75 226
11 76 86
11 77 159
11 78 81
11 79 79
11 80 114
11 81 38
11 82 134
11 83 73
11 84 97
11 85 293
11 86 274
11 87 29
11 88 180
11 89 90
11 90 113
11 91 256
11 92 130
11 93 79
11 94 76
11 95 160
11 96 277
11 97 89
11 98 20
11 99 146
11 100 48
12 13 135
12 14 62
12 15 13
12 16 101
12 17 101
12 18 21
12 19 35
12 20 171
12 21 233
12 22 280
12 23 171
12 24 264
12 25 153
12 26 144
12 27 127
12 28 80
12 29 24
12 30 278
12 31 188
12 32 210
12 33 49
12 34 137
12 35 285
12 36 282
12 37 150
12 38 222
12 39 244
12 40 283
12 41 248
12 42 104
12 43 279
12 44 14
12 45 222
12 46 161
12 47 210
12 48 259
12 49 288
12 50 218
12 51 151
12 52 172
12 53 251
12 54 116
12 55 63
12 56 16
12 57 39
12 58 278
12 59 240
12 60 82
12 61 284
12 62 167
12 63 106
12 64 69
12 65 63
12 66 12
12 67 92
12 68 90
12 69 14
12 70 152
12 71 214
12 72 238
12 73 112
12 74 107
12 75 173
12 76 146
12 77 290
12 78 198
12 79 176
12 80 113
12 81 172
12 82 142
12 83 161
12 84 92
12 85 11
12 86 29
12 87 245
12 88 186
12 89 24
12 90 182
12 91 241
12 92 257
12 93 187
12 94 136
12 95 160
12 96 87
12 97 123
12 98 248
12 99 6
12 100 81
13 14 251
13 15 279
13 16 271
13 17 74
13 18 65
13 19 239
13 20 126
13 21 248
13 22 80
13 23 177
13 24 153
13 25 171
13 26 47
13 27 116
13 28 178
13 29 26
13 30 49
13 31 80
13 32 9
13 33 96
13 34 126
13 35 179
13 36 56
13 37 99
13 38 73
13 39 41
13 40 31
13 41 285
13 42 140
13 43 255
13 44 177
13 45 144
13 46 88
13 47 179
13 48 30
13 49 162
13 50 55
13 51 193
13 52 249
13 53 194
13 54 64
13 55 136
13 56 140
13 57 23
13 58 75
13 59 187
13 60 158
13 61 147
13 62 138
13 63 12
13 64 211
13 65 39
13 66 27
13 67 149
13 68 274
13 69 299
13 70 236
13 71 280
13 72 272
13 73 113
13 74 29
13 75 218
13 76 133
13 77 224
13 78 137
13 79 76
13 80 273
13 81 235
13 82 156
13 83 186
13 84 239
13 85 299
13 86 152
13 87 68
13 88 151
13 89 37
13 90 163
13 91 204
13 92 29
13 93 80
13 94 121
13 95 206
13 96 263
13 97 257
13 98 226
13 99 86
13 100 94
14 15 58
14 16 122
14 17 240
14 18 266
14 19 278
14 20 54
14 21 81
14 22 8
14 23 257
14 24 50
14 25 133
14 26 116
14 27 152
14 28 10
14 29 26
14 30 282
14 31 97
14 32 248
14 33 280
14 34 153
14 35 281
14 36 96
14 37 151
14 38 62
14 39 147
14 40 125
14 41 17
14 42 126
14 43 59
14 44 100
14 45 187
14 46 46
14 47 151
14 48 263
14 49 264
14 50 270
14 51 142
14 52 141
14 53 151
14 54 267
14 55 125
14 56 3
14 57 60
14 58 267
14 59 123
14 60 219
14 61 91
14 62 85
14 63 136
14 64 212
14 65 267
14 66 193
14 67 51
14 68 6
14 69 297
14 70 296
14 71 238
14 72 26
14 73 29
14 74 93
14 75 170
14 76 232
14 77 122
14 78 191
14 79 263
14 80 244
14 81 296
14 82 269
14 83 68
14 84 39
14 85 294
14 86 174
14 87 24
14 88 105
14 89 204
14 90 104
14 91 53
14 92 157
14 93 147
14 94 283
14 95 107
14 96 216
14 97 82
14 98 146
14 99 104
14 100 263
15 16 140
15 17 130
15 18 238
15 19 18
15 20 297
15 21 15
15 22 298
15 23 30
15 24 286
15 25 224
15 26 271
15 27 207
15 28 190
15 29 171
15 30 64
15 31 259
15 32 146
15 33 189
15 34 227
15 35 267
15 36 55
15 37 69
15 38 277
15 39 198
15 40 142
15 41 222
15 42 14
15 43 291
15 44 29
15 45 68
15 46 45
15 47 185
15 48 200
15 49 210
15 50 76
15 51 182
15 52 5
15 53 296
15 54 107
15 55 116
15 56 284
15 57 282
15 58 30
15 59 149
15 60 175
15 61 206
15 62 198
15 63 46
15 64 257
15 65 234
15 66 184
15 67 264
15 68 24
15 69 82
15 70 298
15 71 138
15 72 122
15 73 186
15 74 187
15 75 65
15 76 44
15 77 178
15 78 252
15 79 147
15 80 276
15 81 52
15 82 133
15 83 14
15 84 256
15 85 176
15 86 23
15 87 55
15 88 14
15 89 50
15 90 128
15 91 118
15 92 175
15 93 282
15 94 256
15 95 15
15 96 279
15 97 156
15 98 18
15 99 236
15 100 129
16 17 218
16 18 212
16 19 280
16 20 97
16 21 29
16 22 93
16 23 281
16 24 214
16 25 292
16 26 212
16 27 5
16 28 141
16 29 163
16 30 259
16 31 15
16 32 32
16 33 102
16 34 257
16 35 158
16 36 156
16 37 277
16 38 216
16 39 215
16 40 43
16 41 15
16 42 272
16 43 275
16 44 75
16 45 177
16 46 4
16 47 37
16 48 35
16 49 114
16 50 181
16 51 257
16 52 145
16 53 12
16 54 19
16 55 109
16 56 2
16 57 31
16 58 281
16 59 200
16 60 159
16 61 216
16 62 136
16 63 262
16 64 279
16 65 57
16 66 250
16 67 198
16 68 115
16 69 141
16 70 256
16 71 82
16 72 101
16 73 261
16 74 283
16 75 85
16 76 127
16 77 243
16 78 113
16 79 277
16 80 202
16 81 254
16 82 173
16 83 270
16 84 100
16 85 12
16 86 159
16 87 162
16 88 63
16 89 56
16 90 103
16 91 75
16 92 190
16 93 224
16 94 139
16 95 263
16 96 275
16 97 34
16 98 152
16 99 240
16 100 131
17 18 51
17 19 204
17 20 47
17 21 46
17 22 177
17 23 101
17 24 35
17 25 280
17 26 107
17 27 135
17 28 159
17 29 208
17 30 184
17 31 70
17 32 186
17 33 52
17 34 67
17 35 63
17 36 179
17 37 286
17 38 16
17 39 106
17 40 107
17 41 185
17 42 273
17 43 145
17 44 25
17 45 155
17 46 250
17 47 202
17 48 269
17 49 166
17 50 105
17 51 45
17 52 270
17 53 35
17 54 8
17 55 192
17 56 227
17 57 102
17 58 264
17 59 123
17 60 206
17 61 115
17 62 281
17 63 60
17 64 110
17 65 170
17 66 62
17 67 238
17 68 119
17 69 261
17 70 101
17 71 101
17 72 288
17 73 238
17 74 38
17 75 25
17 76 230
17 77 5
17 78 288
17 79 97
17 80 228
17 81 177
17 82 42
17 83 224
17 84 39
17 85 149
17 86 203
17 87 107
17 88 121
17 89 85
17 90 106
17 91 26
17 92 116
17 93 197
17 94 234
17 95 190
17 96 92
17 97 43
17 98 240
17 99 107
17 100 39
18 19 49
18 20 198
18 21 53
18 22 251
18 23 135
18 24 98
18 25 77
18 26 270
18 27 203
18 28 240
18 29 287
18 30 233
18 31 248
18 32 97
18 33 175
18 34 137
18 35 62
18 36 0
18 37 104
18 38 235
18 39 194
18 40 267
18 41 207
18 42 11
18 43 62
18 44 1
18 45 245
18 46 238
18 47 3
18 48 146
18 49 64
18 50 39
18 51 283
18 52 242
18 53 96
18 54 152
18 55 162
18 56 299
18 57 103
18 58 270
18 59 266
18 60 190
18 61 18
18 62 257
18 63 62
18 64 7
18 65 45
18 66 1
18 67 150
18 68 27
18 69 150
18 70 55
18 71 220
18 72 238
18 73 251
18 74 55
18 75 0
18 76 299
18 77 73
18 78 33
18 79 17
18 80 251
18 81 158
18 82 201
18 83 19
18 84 263
18 85 63
18 86 146
18 87 234
18 88 249
18 89 94
18 90 116
18 91 224
18 92 159
18 93 293
18 94 252
18 95 177
18 96 252
18 97 216
18 98 121
18 99 17
18 100 275
19 20 0
19 21 1
19 22 197
19 23 226
19 24 238
19 25 168
19 26 161
19 27 87
19 28 165
19 29 57
19 30 60
19 31 269
19 32 282
19 33 10
19 34 147
19 35 163
19 36 188
19 37 142
19 38 32
19 39 1
19 40 152
19 41 271
19 42 3
19 43 166
19 44 207
19 45 77
19 46 298
19 47 297
19 48 78
19 49 188
19 50 79
19 51 144
19 52 62
19 53 295
19 54 18
19 55 87
19 56 39
19 57 234
19 58 98
19 59 187
19 60 105
19 61 99
19 62 54
19 63 63
19 64 182
19 65 276
19 66 9
19 67 54
19 68 175
19 69 116
19 70 243
19 71 8
19 72 114
19 73 235
19 74 299
19 75 61
19 76 113
19 77 230
19 78 94
19 79 32
19 80 199
19 81 104
19 82 25
19 83 175
19 84 276
19 85 93
19 86 136
19 87 197
19 88 226
19 89 205
19 90 19
19 91 58
19 92 80
19 93 231
19 94 264
19 95 269
19 96 261
19 97 285
19 98 83
19 99 242
19 100 267
20 21 148
20 22 125
20 23 284
20 24 179
20 25 100
20 26 237
20 27 153
20 28 256
20 29 238
20 30 59
20 31 258
20 32 137
20 33 270
20 34 273
20 35 219
20 36 147
20 37 181
20 38 174
20 39 193
20 40 201
20 41 288
20 42 234
20 43 97
20 44 113
20 45 68
20 46 238
20 47 208
20 48 114
20 49 43
20 50 249
20 51 47
20 52 199
20 53 178
20 54 201
20 55 126
20 56 109
20 57 66
20 58 35
20 59 148
20 60 256
20 61 25
20 62 272
20 63 28
20 64 12
20 65 39
20 66 19
20 67 98
20 68 9
20 69 222
20 70 279
20 71 213
20 72 2
20 73 161
20 74 217
20 75 11
20 76 16
20 77 184
20 78 50
20 79 190
20 80 7
20 81 221
20 82 142
20 83 99
20 84 199
20 85 52
20 86 270
20 87 299
20 88 214
20 89 21
20 90 111
20 91 42
20 92 144
20 93 229
20 94 164
20 95 32
20 96 161
20 97 190
20 98 237
20 99 17
20 100 223
21 22 1
21 23 148
21 24 268
21 25 178
21 26 72
21 27 38
21 28 253
21 29 22
21 30 99
21 31 140
21 32 40
21 33 212
21 34 248
21 35 61
21 36 55
21 37 22
21 38 193
21 39 13
21 40 116
21 41 44
21 42 157
21 43 183
21 44 277
21 45 152
21 46 163
21 47 83
21 48 19
21 49 122
21 50 8
21 51 270
21 52 244
21 53 40
21 54 107
21 55 204
21 56 155
21 57 7
21 58 129
21 59 108
21 60 274
21 61 81
21 62 275
21 63 206
21 64 263
21 65 37
21 66 94
21 67 297
21 68 99
21 69 24
21 70 22
21 71 158
21 72 139
21 73 8
21 74 114
21 75 128
21 76 159
21 77 78
21 78 20
21 79 165
21 80 53
21 81 132
21 82 81
21 83 199
21 84 286
21 85 39
21 86 138
21 87 36
21 88 66
21 89 107
21 90 224
21 91 271
21 92 209
21 93 41
21 94 129
21 95 153
21 96 221
21 97 184
21 98 84
21 99 242
21 100 50
22 23 117
22 24 296
22 25 37
22 26 243
22 27 172
22 28 107
22 29 166
22 30 139
22 31 265
22 32 26
22 33 122
22 34 187
22 35 183
22 36 193
22 37 105
22 38 131
22 39 161
22 40 69
22 41 146
22 42 155
22 43 34
22 44 32
22 45 35
22 46 169
22 47 36
22 48 100
22 49 254
22 50 241
22 51 141
22 52 11
22 53 65
22 54 204
22 55 33
22 56 124
22 57 137
22 58 148
22 59 148
22 60 8
22 61 264
22 62 59
22 63 34
22 64 9
22 65 105
22 66 167
22 67 255
22 68 183
22 69 47
22 70 25
22 71 254
22 72 72
22 73 66
22 74 167
22 75 279
22 76 59
22 77 238
22 78 106
22 79 176
22 80 9
22 81 210
22 82 236
22 83 74
22 84 264
22 85 233
22 86 153
22 87 112
22 88 48
22 89 271
22 90 141
22 91 277
22 92 30
22 93 33
22 94 221
22 95 131
22 96 97
22 97 67
22 98 158
22 99 0
22 100 125
23 24 16
23 25 186
23 26 134
23 27 173
23 28 281
23 29 109
23 30 263
23 31 38
23 32 157
23 33 149
23 34 12
23 35 34
23 36 209
23 37 273
23 38 78
23 39 83
23 40 59
23 41 257
23 42 33
23 43 246
23 44 281
23 45 230
23 46 249
23 47 219
23 48 282
23 49 41
23 50 8
23 51 104
23 52 134
23 53 264
23 54 130
23 55 39
23 56 143
23 57 294
23 58 55
23 59 44
23 60 209
23 61 70
23 62 214
23 63 55
23 64 263
23 65 116
23 66 68
23 67 186
23 68 220
23 69 169
23 70 38
23 71 252
23 72 274
23 73 210
23 74 58
23 75 105
23 76 136
23 77 84
23 78 295
23 79 207
23 80 74
23 81 294
23 82 35
23 83 283
23 84 15
23 85 21
23 86 274
23 87 289
23 88 137
23 89 172
23 90 276
23 91 256
23 92 81
23 93 92
23 94 130
23 95 223
23 96 129
23 97 260
23 98 39
23 99 29
23 100 261
24 25 132
24 26 196
24 27 124
24 28 250
24 29 124
24 30 117
24 31 144
24 32 143
24 33 285
24 34 236
24 35 185
24 36 119
24 37 248
24 38 100
24 39 21
24 40 34
24 41 173
24 42 69
24 43 218
24 44 235
24 45 86
24 46 37
24 47 122
24 48 189
24 49 218
24 50 127
24 51 243
24 52 245
24 53 182
24 54 28
24 55 248
24 56 257
24 57 200
24 58 164
24 59 4
24 60 51
24 61 205
24 62 270
24 63 91
24 64 296
24 65 8
24 66 27
24 67 104
24 68 155
24 69 77
24 70 194
24 71 53
24 72 217
24 73 61
24 74 83
24 75 129
24 76 216
24 77 154
24 78 196
24 79 251
24 80 144
24 81 254
24 82 163
24 83 82
24 84 241
24 85 272
24 86 99
24 87 184
24 88 115
24 89 126
24 90 266
24 91 255
24 92 49
24 93 66
24 94 119
24 95 266
24 96 258
24 97 189
24 98 149
24 99 254
24 100 78
25 26 23
25 27 199
25 28 274
25 29 193
25 30 288
25 31 147
25 32 41
25 33 150
25 34 126
25 35 40
25 36 91
25 37 174
25 38 205
25 39 191
25 40 259
25 41 0
25 42 227
25 43 69
25 44 263
25 45 65
25 46 242
25 47 212
25 48 80
25 49 41
25 50 127
25 51 117
25 52 269
25 53 19
25 54 85
25 55 198
25 56 180
25 57 262
25 58 295
25 59 32
25 60 105
25 61 250
25 62 259
25 63 71
25 64 272
25 65 125
25 66 7
25 67 161
25 68 291
25 69 189
25 70 213
25 71 235
25 72 138
25 73 130
25 74 264
25 75 109
25 76 57
25 77 33
25 78 230
25 79 8
25 80 159
25 81 267
25 82 78
25 83 1
25 84 279
25 85 56
25 86 13
25 87 124
25 88 79
25 89 260
25 90 296
25 91 138
25 92 46
25 93 249
25 94 133
25 95 208
25 96 107
25 97 48
25 98 282
25 99 30
25 100 256
26 27 296
26 28 71
26 29 63
26 30 239
26 31 80
26 32 28
26 33 37
26 34 103
26 35 223
26 36 29
26 37 13
26 38 246
26 39 52
26 40 264
26 41 234
26 42 26
26 43 274
26 44 65
26 45 152
26 46 156
26 47 212
26 48 234
26 49 193
26 50 217
26 51 111
26 52 269
26 53 74
26 54 257
26 55 228
26 56 266
26 57 179
26 58 240
26 59 65
26 60 32
26 61 104
26 62 162
26 63 82
26 64 23
26 65 193
26 66 68
26 67 35
26 68 149
26 69 52
26 70 51
26 71 57
26 72 146
26 73 76
26 74 221
26 75 268
26 76 15
26 77 55
26 78 198
26 79 297
26 80 166
26 81 132
26 82 156
26 83 218
26 84 287
26 85 130
26 86 159
26 87 190
26 88 6
26 89 143
26 90 143
26 91 166
26 92 227
26 93 126
26 94 46
26 95 121
26 96 83
26 97 276
26 98 131
26 99 119
26 100 89
27 28 181
27 29 146
27 30 296
27 31 255
27 32 285
27 33 274
27 34 10
27 35 52
27 36 125
27 37 217
27 38 178
27 39 124
27 40 250
27 41 288
27 42 94
27 43 39
27 44 252
27 45 156
27 46 24
27 47 121
27 48 218
27 49 206
27 50 260
27 51 134
27 52 277
27 53 183
27 54 114
27 55 123
27 56 261
27 57 115
27 58 51
27 59 140
27 60 217
27 61 27
27 62 139
27 63 140
27 64 272
27 65 239
27 66 151
27 67 280
27 68 296
27 69 79
27 70 28
27 71 12
27 72 81
27 73 68
27 74 157
27 75 201
27 76 72
27 77 129
27 78 165
27 79 294
27 80 67
27 81 287
27 82 47
27 83 13
27 84 271
27 85 208
27 86 133
27 87 269
27 88 220
27 89 81
27 90 76
27 91 58
27 92 5
27 93 182
27 94 258
27 95 22
27 96 180
27 97 146
27 98 139
27 99 38
27 100 171
28 29 277
28 30 33
28 31 134
28 32 278
28 33 8
28 34 270
28 35 283
28 36 201
28 37 255
28 38 161
28 39 260
28 40 3
28 41 132
28 42 234
28 43 258
28 44 219
28 45 164
28 46 293
28 47 182
28 48 259
28 49 250
28 50 239
28 51 146
28 52 48
28 53 157
28 54 152
28 55 159
28 56 70
28 57 238
28 58 58
28 59 16
28 60 22
28 61 122
28 62 287
28 63 100
28 64 126
28 65 265
28 66 175
28 67 118
28 68 145
28 69 206
28 70 96
28 71 22
28 72 120
28 73 8
28 74 87
28 75 101
28 76 27
28 77 270
28 78 124
28 79 162
28 80 148
28 81 100
28 82 104
28 83 4
28 84 142
28 85 163
28 86 241
28 87 22
28 88 146
28 89 132
28 90 164
28 91 44
28 92 76
28 93 179
28 94 183
28 95 42
28 96 121
28 97 205
28 98 159
28 99 1
28 100 23
29 30 129
29 31 113
29 32 251
29 33 6
29 34 176
29 35 163
29 36 16
29 37 247
29 38 172
29 39 203
29 40 199
29 41 148
29 42 189
29 43 146
29 44 291
29 45 293
29 46 175
29 47 11
29 48 42
29 49 222
29 50 113
29 51 253
29 52 165
29 53 244
29 54 204
29 55 269
29 56 295
29 57 293
29 58 225
29 59 132
29 60 181
29 61 91
29 62 295
29 63 208
29 64 207
29 65 121
29 66 118
29 67 281
29 68 186
29 69 74
29 70 183
29 71 95
29 72 267
29 73 221
29 74 120
29 75 178
29 76 252
29 77 137
29 78 106
29 79 225
29 80 24
29 81 189
29 82 19
29 83 52
29 84 237
29 85 226
29 86 20
29 87 144
29 88 26
29 89 193
29 90 147
29 91 113
29 92 156
29 93 56
29 94 201
29 95 283
29 96 145
29 97 161
29 98 263
29 99 230
29 100 225
30 31 41
30 32 16
30 33 101
30 34 229
30 35 65
30 36 92
30 37 59
30 38 166
30 39 246
30 40 206
30 41 220
30 42 268
30 43 148
30 44 45
30 45 255
30 46 257
30 47 118
30 48 225
30 49 240
30 50 148
30 51 207
30 52 211
30 53 9
30 54 163
30 55 27
30 56 117
30 57 129
30 58 97
30 59 117
30 60 157
30 61 152
30 62 103
30 63 282
30 64 52
30 65 150
30 66 71
30 67 86
30 68 293
30 69 171
30 70 97
30 71 81
30 72 241
30 73 81
30 74 225
30 75 27
30 76 272
30 77 71
30 78 92
30 79 279
30 80 51
30 81 89
30 82 6
30 83 46
30 84 186
30 85 246
30 86 56
30 87 236
30 88 148
30 89 240
30 90 173
30 91 282
30 92 142
30 93 206
30 94 216
30 95 137
30 96 259
30 97 29
30 98 299
30 99 148
30 100 291
31 32 95
31 33 18
31 34 18
31 35 288
31 36 19
31 37 75
31 38 128
31 39 9
31 40 82
31 41 94
31 42 185
31 43 294
31 44 277
31 45 54
31 46 138
31 47 29
31 48 83
31 49 52
31 50 233
31 51 63
31 52 39
31 53 26
31 54 90
31 55 222
31 56 125
31 57 277
31 58 46
31 59 122
31 60 231
31 61 214
31 62 72
31 63 256
31 64 178
31 65 291
31 66 8
31 67 117
31 68 188
31 69 123
31 70 203
31 71 222
31 72 188
31 73 208
31 74 44
31 75 188
31 76 289
31 77 263
31 78 285
31 79 174
31 80 9
31 81 29
31 82 195
31 83 173
31 84 19
31 85 210
31 86 279
31 87 97
31 88 104
31 89 157
31 90 268
31 91 276
31 92 285
31 93 155
31 94 77
31 95 177
31 96 7
31 97 115
31 98 268
31 99 82
31 100 203
32 33 49
32 34 243
32 35 133
32 36 138
32 37 141
32 38 249
32 39 189
32 40 41
32 41 62
32 42 156
32 43 244
32 44 232
32 45 288
32 46 129
32 47 272
32 48 46
32 49 296
32 50 173
32 51 101
32 52 137
32 53 191
32 54 104
32 55 129
32 56 74
32 57 274
32 58 51
32 59 151
32 60 15
32 61 180
32 62 160
32 63 127
32 64 161
32 65 33
32 66 197
32 67 274
32 68 10
32 69 297
32 70 122
32 71 57
32 72 93
32 73 264
32 74 153
32 75 289
32 76 205
32 77 276
32 78 85
32 79 240
32 80 7
32 81 134
32 82 61
32 83 52
32 84 142
32 85 148
32 86 288
32 87 30
32 88 128
32 89 128
32 90 76
32 91 163
32 92 281
32 93 236
32 94 223
32 95 163
32 96 111
32 97 103
32 98 286
32 99 268
32 100 121
33 34 26
33 35 51
33 36 211
33 37 53
33 38 200
33 39 35
33 40 224
33 41 202
33 42 89
33 43 162
33 44 248
33 45 12
33 46 137
33 47 125
33 48 92
33 49 289
33 50 25
33 51 85
33 52 203
33 53 146
33 54 228
33 55 181
33 56 94
33 57 154
33 58 7
33 59 96
33 60 225
33 61 131
33 62 238
33 63 119
33 64 294
33 65 41
33 66 149
33 67 17
33 68 147
33 69 134
33 70 291
33 71 16
33 72 215
33 73 66
33 74 170
33 75 57
33 76 254
33 77 195
33 78 124
33 79 9
33 80 50
33 81 81
33 82 23
33 83 225
33 84 3
33 85 105
33 86 244
33 87 107
33 88 128
33 89 2
33 90 188
33 91 72
33 92 167
33 93 101
33 94 61
33 95 294
33 96 241
33 97 258
33 98 64
33 99 262
33 100 297
34 35 234
34 36 202
34 37 161
34 38 13
34 39 89
34 40 108
34 41 70
34 42 54
34 43 17
34 44 113
34 45 169
34 46 182
34 47 279
34 48 213
34 49 118
34 50 246
34 51 15
34 52 247
34 53 27
34 54 180
34 55 8
34 56 204
34 57 195
34 58 165
34 59 115
34 60 178
34 61 216
34 62 215
34 63 26
34 64 59
34 65 123
34 66 243
34 67 173
34 68 186
34 69 74
34 70 284
34 71 217
34 72 103
34 73 45
34 74 283
34 75 227
34 76 299
34 77 50
34 78 63
34 79 62
34 80 167
34 81 141
34 82 76
34 83 173
34 84 120
34 85 276
34 86 202
34 87 234
34 88 172
34 89 265
34 90 33
34 91 149
34 92 102
34 93 192
34 94 243
34 95 293
34 96 259
34 97 267
34 98 114
34 99 171
34 100 30
35 36 188
35 37 221
35 38 105
35 39 18
35 40 137
35 41 282
35 42 261
35 43 114
35 44 130
35 45 245
35 46 34
35 47 213
35 48 84
35 49 4
35 50 288
35 51 116
35 52 52
35 53 251
35 54 274
35 55 146
35 56 132
35 57 281
35 58 37
35 59 216
35 60 210
35 61 137
35 62 299
35 63 116
35 64 34
35 65 10
35 66 222
35 67 173
35 68 135
35 69 126
35 70 126
35 71 282
35 72 232
35 73 171
35 74 285
35 75 217
35 76 236
35 77 114
35 78 152
35 79 155
35 80 220
35 81 195
35 82 85
35 83 89
35 84 242
35 85 246
35 86 122
35 87 264
35 88 96
35 89 73
35 90 80
35 91 115
35 92 50
35 93 65
35 94 297
35 95 3
35 96 118
35 97 25
35 98 253
35 99 284
35 100 13
36 37 20
36 38 9
36 39 37
36 40 284
36 41 88
36 42 270
36 43 237
36 44 63
36 45 246
36 46 271
36 47 297
36 48 256
36 49 97
36 50 31
36 51 54
36 52 48
36 53 88
36 54 46
36 55 264
36 56 66
36 57 198
36 58 242
36 59 81
36 60 216
36 61 253
36 62 211
36 63 33
36 64 189
36 65 250
36 66 210
36 67 122
36 68 292
36 69 42
36 70 201
36 71 271
36 72 100
36 73 158
36 74 160
36 75 241
36 76 54
36 77 15
36 78 109
36 79 275
36 80 110
36 81 156
36 82 253
36 83 271
36 84 50
36 85 35
36 86 81
36 87 168
36 88 124
36 89 225
36 90 35
36 91 279
36 92 124
36 93 136
36 94 238
36 95 110
36 96 122
36 97 209
36 98 9
36 99 42
36 100 37
37 38 52
37 39 85
37 40 199
37 41 236
37 42 136
37 43 134
37 44 177
37 45 163
37 46 37
37 47 233
37 48 174
37 49 78
37 50 90
37 51 95
37 52 143
37 53 79
37 54 240
37 55 83
37 56 211
37 57 70
37 58 232
37 59 132
37 60 63
37 61 30
37 62 270
37 63 14
37 64 31
37 65 29
37 66 105
37 67 133
37 68 280
37 69 117
37 70 9
37 71 160
37 72 208
37 73 87
37 74 271
37 75 136
37 76 260
37 77 151
37 78 60
37 79 15
37 80 20
37 81 221
37 82 33
37 83 263
37 84 189
37 85 252
37 86 72
37 87 276
37 88 77
37 89 83
37 90 153
37 91 235
37 92 201
37 93 102
37 94 88
37 95 161
37 96 100
37 97 264
37 98 229
37 99 194
37 100 296
38 39 22
38 40 192
38 41 193
38 42 241
38 43 244
38 44 55
38 45 266
38 46 70
38 47 202
38 48 214
38 49 185
38 50 90
38 51 189
38 52 157
38 53 90
38 54 4
38 55 7
38 56 59
38 57 72
38 58 268
38 59 247
38 60 118
38 61 278
38 62 247
38 63 278
38 64 279
38 65 237
38 66 93
38 67 90
38 68 122
38 69 130
38 70 149
38 71 135
38 72 262
38 73 196
38 74 264
38 75 290
38 76 119
38 77 114
38 78 260
38 79 190
38 80 254
38 81 28
38 82 181
38 83 211
38 84 182
38 85 139
38 86 114
38 87 273
38 88 27
38 89 211
38 90 214
38 91 18
38 92 7
38 93 83
38 94 273
38 95 180
38 96 284
38 97 137
38 98 69
38 99 144
38 100 169
39 40 255
39 41 174
39 42 277
39 43 149
39 44 18
39 45 126
39 46 203
39 47 38
39 48 12
39 49 240
39 50 62
39 51 250
39 52 75
39 53 290
39 54 117
39 55 290
39 56 5
39 57 183
39 58 101
39 59 54
39 60 186
39 61 14
39 62 213
39 63 258
39 64 96
39 65 106
39 66 43
39 67 247
39 68 22
39 69 171
39 70 84
39 71 14
39 72 66
39 73 190
39 74 270
39 75 269
39 76 261
39 77 178
39 78 234
39 79 56
39 80 33
39 81 20
39 82 85
39 83 13
39 84 25
39 85 93
39 86 299
39 87 73
39 88 56
39 89 13
39 90 160
39 91 171
39 92 213
39 93 92
39 94 238
39 95 138
39 96 236
39 97 120
39 98 101
39 99 70
39 100 111
40 41 279
40 42 234
40 43 52
40 44 67
40 45 234
40 46 21
40 47 195
40 48 4
40 49 214
40 50 182
40 51 291
40 52 121
40 53 106
40 54 28
40 55 134
40 56 110
40 57 56
40 58 158
40 59 207
40 60 270
40 61 289
40 62 46
40 63 27
40 64 295
40 65 201
40 66 167
40 67 129
40 68 3
40 69 24
40 70 38
40 71 121
40 72 229
40 73 143
40 74 178
40 75 149
40 76 232
40 77 70
40 78 270
40 79 255
40 80 120
40 81 225
40 82 142
40 83 279
40 84 194
40 85 109
40 86 67
40 87 191
40 88 256
40 89 267
40 90 92
40 91 94
40 92 207
40 93 102
40 94 257
40 95 13
40 96 24
40 97 219
40 98 295
40 99 166
40 100 233
41 42 277
41 43 224
41 44 264
41 45 47
41 46 268
41 47 26
41 48 31
41 49 241
41 50 46
41 51 88
41 52 119
41 53 155
41 54 59
41 55 203
41 56 276
41 57 130
41 58 230
41 59 212
41 60 268
41 61 80
41 62 219
41 63 167
41 64 149
41 65 201
41 66 293
41 67 38
41 68 291
41 69 21
41 70 76
41 71 122
41 72 119
41 73 202
41 74 35
41 75 107
41 76 65
41 77 163
41 78 163
41 79 264
41 80 268
41 81 88
41 82 173
41 83 64
41 84 299
41 85 219
41 86 236
41 87 37
41 88 194
41 89 226
41 90 246
41 91 206
41 92 204
41 93 188
41 94 42
41 95 48
41 96 258
41 97 184
41 98 254
41 99 247
41 100 183
42 43 125
42 44 20
42 45 179
42 46 133
42 47 260
42 48 145
42 49 292
42 50 102
42 51 59
42 52 105
42 53 84
42 54 211
42 55 241
42 56 80
42 57 84
42 58 196
42 59 262
42 60 168
42 61 23
42 62 280
42 63 262
42 64 207
42 65 245
42 66 33
42 67 30
42 68 0
42 69 48
42 70 186
42 71 138
42 72 147
42 73 254
42 74 140
42 75 107
42 76 39
42 77 15
42 78 187
42 79 91
42 80 153
42 81 123
42 82 101
42 83 93
42 84 5
42 85 27
42 86 251
42 87 23
42 88 177
42 89 97
42 90 215
42 91 243
42 92 24
42 93 71
42 94 238
42 95 184
42 96 267
42 97 261
42 98 208
42 99 80
42 100 240
43 44 99
43 45 90
43 46 162
43 47 256
43 48 284
43 49 292
43 50 142
43 51 2
43 52 146
43 53 81
43 54 87
43 55 285
43 56 213
43 57 291
43 58 38
43 59 263
43 60 66
43 61 161
43 62 23
43 63 154
43 64 261
43 65 226
43 66 93
43 67 214
43 68 7
43 69 158
43 70 224
43 71 115
43 72 31
43 73 117
43 74 289
43 75 227
43 76 172
43 77 244
43 78 43
43 79 68
43 80 189
43 81 237
43 82 141
43 83 29
43 84 192
43 85 235
43 86 147
43 87 168
43 88 58
43 89 61
43 90 280
43 91 249
43 92 150
43 93 96
43 94 59
43 95 242
43 96 208
43 97 151
43 98 209
43 99 257
43 100 23
44 45 132
44 46 39
44 47 108
44 48 35
44 49 14
44 50 164
44 51 287
44 52 204
44 53 202
44 54 259
44 55 162
44 56 17
44 57 41
44 58 85
44 59 253
44 60 167
44 61 212
44 62 52
44 63 187
44 64 119
44 65 70
44 66 20
44 67 181
44 68 293
44 69 99
44 70 3
44 71 11
44 72 167
44 73 92
44 74 51
44 75 61
44 76 173
44 77 246
44 78 184
44 79 122
44 80 143
44 81 223
44 82 15
44 83 270
44 84 251
44 85 181
44 86 66
44 87 17
44 88 169
44 89 9
44 90 124
44 91 215
44 92 199
44 93 148
44 94 205
44 95 212
44 96 221
44 97 16
44 98 139
44 99 146
44 100 31
45 46 100
45 47 104
45 48 88
45 49 250
45 50 15
45 51 259
45 52 216
45 53 228
45 54 137
45 55 25
45 56 26
45 57 196
45 58 295
45 59 103
45 60 182
45 61 227
45 62 233
45 63 15
45 64 90
45 65 18
45 66 27
45 67 61
45 68 287
45 69 138
45 70 212
45 71 276
45 72 9
45 73 24
45 74 200
45 75 212
45 76 262
45 77 33
45 78 100
45 79 257
45 80 117
45 81 106
45 82 72
45 83 35
45 84 124
45 85 93
45 86 77
45 87 202
45 88 180
45 89 47
45 90 276
45 91 33
45 92 267
45 93 65
45 94 166
45 95 179
45 96 232
45 97 96
45 98 170
45 99 75
45 100 184
46 47 257
46 48 37
46 49 208
46 50 216
46 51 223
46 52 29
46 53 18
46 54 188
46 55 280
46 56 169
46 57 141
46 58 173
46 59 58
46 60 50
46 61 270
46 62 159
46 63 196
46 64 92
46 65 34
46 66 207
46 67 67
46 68 189
46 69 187
46 70 259
46 71 109
46 72 226
46 73 214
46 74 29
46 75 118
46 76 181
46 77 84
46 78 14
46 79 33
46 80 20
46 81 279
46 82 132
46 83 168
46 84 268
46 85 101
46 86 126
46 87 214
46 88 146
46 89 188
46 90 68
46 91 175
46 92 152
46 93 159
46 94 204
46 95 63
46 96 200
46 97 90
46 98 74
46 99 282
46 100 271
47 48 261
47 49 110
47 50 185
47 51 139
47 52 12
47 53 106
47 54 134
47 55 50
47 56 291
47 57 229
47 58 99
47 59 256
47 60 188
47 61 186
47 62 232
47 63 194
47 64 237
47 65 179
47 66 32
47 67 288
47 68 41
47 69 130
47 70 167
47 71 54
47 72 1
47 73 183
47 74 61
47 75 101
47 76 204
47 77 129
47 78 126
47 79 294
47 80 47
47 81 159
47 82 253
47 83 290
47 84 270
47 85 120
47 86 33
47 87 285
47 88 201
47 89 53
47 90 21
47 91 171
47 92 158
47 93 247
47 94 205
47 95 150
47 96 45
47 97 92
47 98 152
47 99 130
47 100 51
48 49 230
48 50 19
48 51 85
48 52 18
48 53 27
48 54 266
48 55 272
48 56 129
48 57 272
48 58 217
48 59 58
48 60 260
48 61 243
48 62 71
48 63 59
48 64 54
48 65 198
48 66 179
48 67 132
48 68 274
48 69 39
48 70 39
48 71 84
48 72 151
48 73 7
48 74 88
48 75 138
48 76 41
48 77 127
48 78 139
48 79 60
48 80 126
48 81 85
48 82 259
48 83 70
48 84 254
48 85 114
48 86 146
48 87 272
48 88 229
48 89 131
48 90 203
48 91 228
48 92 252
48 93 252
48 94 234
48 95 281
48 96 120
48 97 122
48 98 277
48 99 2
48 100 86
49 50 10
49 51 20
49 52 189
49 53 144
49 54 227
49 55 33
49 56 186
49 57 34
49 58 74
49 59 144
49 60 293
49 61 143
49 62 84
49 63 189
49 64 283
49 65 90
49 66 263
49 67 219
49 68 213
49 69 228
49 70 203
49 71 11
49 72 179
49 73 169
49 74 244
49 75 18
49 76 218
49 77 253
49 78 130
49 79 121
49 80 217
49 81 237
49 82 87
49 83 291
49 84 200
49 85 202
49 86 16
49 87 111
49 88 39
49 89 61
49 90 66
49 91 274
49 92 2
49 93 291
49 94 218
49 95 274
49 96 217
49 97 246
49 98 177
49 99 112
49 100 74
50 51 52
50 52 263
50 53 208
50 54 88
50 55 14
50 56 52
50 57 104
50 58 273
50 59 189
50 60 120
50 61 222
50 62 221
50 63 76
50 64 196
50 65 172
50 66 158
50 67 269
50 68 252
50 69 244
50 70 187
50 71 67
50 72 210
50 73 224
50 74 263
50 75 235
50 76 244
50 77 32
50 78 231
50 79 136
50 80 77
50 81 93
50 82 202
50 83 126
50 84 299
50 85 128
50 86 104
50 87 152
50 88 40
50 89 75
50 90 271
50 91 229
50 92 236
50 93 98
50 94 241
50 95 40
50 96 198
50 97 260
50 98 79
50 99 129
50 100 167
51 52 177
51 53 258
51 54 75
51 55 155
51 56 1
51 57 109
51 58 68
51 59 190
51 60 10
51 61 298
51 62 209
51 63 46
51 64 198
51 65 18
51 66 143
51 67 61
51 68 276
51 69 168
51 70 259
51 71 100
51 72 243
51 73 10
51 74 84
51 75 98
51 76 178
51 77 278
51 78 159
51 79 123
51 80 188
51 81 87
51 82 44
51 83 204
51 84 73
51 85 206
51 86 187
51 87 31
51 88 57
51 89 252
51 90 131
51 91 238
51 92 239
51 93 263
51 94 115
51 95 84
51 96 297
51 97 252
51 98 50
51 99 76
51 100 164
52 53 22
52 54 229
52 55 264
52 56 103
52 57 113
52 58 287
52 59 105
52 60 283
52 61 144
52 62 101
52 63 129
52 64 249
52 65 154
52 66 279
52 67 50
52 68 167
52 69 293
52 70 138
52 71 258
52 72 41
52 73 7
52 74 205
52 75 198
52 76 136
52 77 297
52 78 259
52 79 100
52 80 93
52 81 28
52 82 154
52 83 156
52 84 100
52 85 42
52 86 66
52 87 77
52 88 218
52 89 114
52 90 262
52 91 97
52 92 267
52 93 27
52 94 134
52 95 8
52 96 227
52 97 48
52 98 134
52 99 146
52 100 152
53 54 84
53 55 95
53 56 122
53 57 230
53 58 268
53 59 23
53 60 265
53 61 11
53 62 82
53 63 198
53 64 221
53 65 206
53 66 258
53 67 122
53 68 164
53 69 106
53 70 127
53 71 181
53 72 2
53 73 25
53 74 226
53 75 26
53 76 103
53 77 160
53 78 140
53 79 192
53 80 64
53 81 163
53 82 112
53 83 238
53 84 203
53 85 88
53 86 134
53 87 72
53 88 102
53 89 297
53 90 130
53 91 264
53 92 259
53 93 14
53 94 15
53 95 48
53 96 64
53 97 216
53 98 112
53 99 97
53 100 107
54 55 212
54 56 27
54 57 297
54 58 243
54 59 153
54 60 217
54 61 273
54 62 168
54 63 227
54 64 119
54 65 294
54 66 98
54 67 277
54 68 118
54 69 25
54 70 9
54 71 53
54 72 143
54 73 10
54 74 95
54 75 299
54 76 98
54 77 140
54 78 200
54 79 263
54 80 144
54 81 8
54 82 203
54 83 263
54 84 71
54 85 154
54 86 237
54 87 220
54 88 140
54 89 128
54 90 54
54 91 224
54 92 158
54 93 132
54 94 209
54 95 181
54 96 267
54 97 127
54 98 139
54 99 139
54 100 83
55 56 179
55 57 201
55 58 235
55 59 179
55 60 56
55 61 115
55 62 10
55 63 186
55 64 85
55 65 165
55 66 217
55 67 285
55 68 169
55 69 11
55 70 59
55 71 274
55 72 76
55 73 236
55 74 201
55 75 87
55 76 151
55 77 37
55 78 270
55 79 125
55 80 225
55 81 29
55 82 155
55 83 287
55 84 82
55 85 42
55 86 172
55 87 190
55 88 6
55 89 122
55 90 170
55 91 48
55 92 33
55 93 2
55 94 110
55 95 98
55 96 175
55 97 11
55 98 299
55 99 158
55 100 15
56 57 17
56 58 194
56 59 134
56 60 2
56 61 229
56 62 25
56 63 47
56 64 187
56 65 107
56 66 270
56 67 219
56 68 212
56 69 236
56 70 282
56 71 145
56 72 66
56 73 140
56 74 269
56 75 207
56 76 199
56 77 22
56 78 6
56 79 130
56 80 91
56 81 299
56 82 121
56 83 262
56 84 52
56 85 270
56 86 153
56 87 154
56 88 5
56 89 250
56 90 107
56 91 108
56 92 283
56 93 126
56 94 104
56 95 275
56 96 24
56 97 179
56 98 37
56 99 172
56 100 285
57 58 128
57 59 271
57 60 109
57 61 91
57 62 51
57 63 142
57 64 98
57 65 25
57 66 198
57 67 79
57 68 259
57 69 41
57 70 104
57 71 196
57 72 32
57 73 61
57 74 42
57 75 47
57 76 282
57 77 3
57 78 272
57 79 256
57 80 111
57 81 174
57 82 53
57 83 249
57 84 161
57 85 249
57 86 218
57 87 275
57 88 183
57 89 231
57 90 152
57 91 134
57 92 133
57 93 8
57 94 290
57 95 240
57 96 216
57 97 166
57 98 208
57 99 226
57 100 255
58 59 149
58 60 81
58 61 102
58 62 238
58 63 114
58 64 72
58 65 263
58 66 168
58 67 40
58 68 51
58 69 247
58 70 61
58 71 31
58 72 293
58 73 232
58 74 28
58 75 289
58 76 106
58 77 83
58 78 163
58 79 108
58 80 279
58 81 75
58 82 113
58 83 136
58 84 251
58 85 290
58 86 34
58 87 174
58 88 202
58 89 98
58 90 118
58 91 179
58 92 18
58 93 148
58 94 168
58 95 118
58 96 187
58 97 88
58 98 4
58 99 52
58 100 46
59 60 274
59 61 210
59 62 159
59 63 135
59 64 22
59 65 104
59 66 99
59 67 102
59 68 162
59 69 185
59 70 69
59 71 5
59 72 175
59 73 278
59 74 187
59 75 26
59 76 242
59 77 83
59 78 109
59 79 159
59 80 279
59 81 291
59 82 292
59 83 5
59 84 28
59 85 128
59 86 96
59 87 197
59 88 111
59 89 202
59 90 161
59 91 222
59 92 141
59 93 259
59 94 229
59 95 76
59 96 189
59 97 225
59 98 284
59 99 108
59 100 163
60 61 139
60 62 106
60 63 26
60 64 274
60 65 183
60 66 77
60 67 143
60 68 46
60 69 17
60 70 97
60 71 199
60 72 90
60 73 169
60 74 168
60 75 135
60 76 5
60 77 191
60 78 229
60 79 120
60 80 149
60 81 69
60 82 60
60 83 98
60 84 32
60 85 175
60 86 197
60 87 86
60 88 197
60 89 69
60 90 158
60 91 244
60 92 170
60 93 126
60 94 103
60 95 210
60 96 100
60 97 197
60 98 230
60 99 128
60 100 6
61 62 149
61 63 265
61 64 119
61 65 86
61 66 137
61 67 140
61 68 79
61 69 15
61 70 26
61 71 286
61 72 220
61 73 255
61 74 16
61 75 95
61 76 174
61 77 127
61 78 25
61 79 85
61 80 98
61 81 152
61 82 48
61 83 130
61 84 280
61 85 235
61 86 55
61 87 225
61 88 244
61 89 222
61 90 73
61 91 238
61 92 56
61 93 93
61 94 225
61 95 79
61 96 151
61 97 227
61 98 64
61 99 256
61 100 165
62 63 20
62 64 243
62 65 4
62 66 245
62 67 80
62 68 223
62 69 267
62 70 55
62 71 194
62 72 204
62 73 270
62 74 145
62 75 147
62 76 125
62 77 88
62 78 153
62 79 55
62 80 114
62 81 282
62 82 246
62 83 186
62 84 159
62 85 166
62 86 215
62 87 52
62 88 233
62 89 15
62 90 99
62 91 146
62 92 100
62 93 17
62 94 221
62 95 163
62 96 55
62 97 160
62 98 179
62 99 80
62 100 275
63 64 164
63 65 127
63 66 286
63 67 290
63 68 16
63 69 204
63 70 227
63 71 58
63 72 128
63 73 42
63 74 44
63 75 151
63 76 282
63 77 74
63 78 218
63 79 161
63 80 234
63 81 257
63 82 200
63 83 200
63 84 132
63 85 25
63 86 167
63 87 125
63 88 186
63 89 234
63 90 134
63 91 270
63 92 234
63 93 136
63 94 251
63 95 110
63 96 68
63 97 88
63 98 25
63 99 65
63 100 64
64 65 19
64 66 23
64 67 181
64 68 199
64 69 19
64 70 6
64 71 77
64 72 82
64 73 52
64 74 78
64 75 102
64 76 131
64 77 283
64 78 49
64 79 72
64 80 96
64 81 77
64 82 226
64 83 5
64 84 102
64 85 1
64 86 154
64 87 281
64 88 15
64 89 133
64 90 17
64 91 177
64 92 268
64 93 188
64 94 113
64 95 199
64 96 216
64 97 8
64 98 257
64 99 158
64 100 62
65 66 36
65 67 194
65 68 252
65 69 185
65 70 23
65 71 163
65 72 150
65 73 64
65 74 298
65 75 97
65 76 82
65 77 250
65 78 56
65 79 206
65 80 84
65 81 52
65 82 193
65 83 10
65 84 96
65 85 237
65 86 157
65 87 137
65 88 147
65 89 60
65 90 254
65 91 207
65 92 185
65 93 198
65 94 120
65 95 210
65 96 89
65 97 138
65 98 13
65 99 150
65 100 268
66 67 137
66 68 204
66 69 177
66 70 156
66 71 54
66 72 288
66 73 74
66 74 296
66 75 39
66 76 68
66 77 25
66 78 285
66 79 241
66 80 251
66 81 271
66 82 266
66 83 206
66 84 0
66 85 44
66 86 12
66 87 109
66 88 150
66 89 159
66 90 12
66 91 174
66 92 5
66 93 29
66 94 82
66 95 269
66 96 260
66 97 115
66 98 73
66 99 24
66 100 202
67 68 86
67 69 20
67 70 109
67 71 179
67 72 97
67 73 88
67 74 44
67 75 73
67 76 170
67 77 22
67 78 259
67 79 268
67 80 248
67 81 62
67 82 27
67 83 116
67 84 211
67 85 23
67 86 94
67 87 159
67 88 147
67 89 291
67 90 266
67 91 79
67 92 263
67 93 288
67 94 53
67 95 231
67 96 263
67 97 176
67 98 8
67 99 107
67 100 257
68 69 7
68 70 213
68 71 182
68 72 77
68 73 19
68 74 245
68 75 49
68 76 121
68 77 265
68 78 104
68 79 55
68 80 125
68 81 292
68 82 133
68 83 205
68 84 46
68 85 155
68 86 210
68 87 74
68 88 228
68 89 71
68 90 186
68 91 152
68 92 195
68 93 201
68 94 40
68 95 113
68 96 82
68 97 249
68 98 203
68 99 12
68 100 221
69 70 159
69 71 174
69 72 217
69 73 163
69 74 145
69 75 13
69 76 20
69 77 226
69 78 227
69 79 112
69 80 117
69 81 99
69 82 123
69 83 83
69 84 189
69 85 99
69 86 101
69 87 212
69 88 0
69 89 96
69 90 21
69 91 272
69 92 178
69 93 263
69 94 130
69 95 25
69 96 13
69 97 47
69 98 7
69 99 32
69 100 45
70 71 53
70 72 133
70 73 156
70 74 232
70 75 110
70 76 137
70 77 109
70 78 44
70 79 164
70 80 173
70 81 236
70 82 47
70 83 117
70 84 135
70 85 278
70 86 147
70 87 295
70 88 152
70 89 36
70 90 155
70 91 104
70 92 206
70 93 181
70 94 163
70 95 96
70 96 206
70 97 219
70 98 49
70 99 258
70 100 20
71 72 11
71 73 153
71 74 250
71 75 128
71 76 205
71 77 283
71 78 178
71 79 15
71 80 104
71 81 91
71 82 271
71 83 213
71 84 164
71 85 119
71 86 142
71 87 25
71 88 291
71 89 242
71 90 172
71 91 141
71 92 14
71 93 196
71 94 45
71 95 62
71 96 156
71 97 45
71 98 158
71 99 289
71 100 101
72 73 266
72 74 124
72 75 239
72 76 191
72 77 179
72 78 156
72 79 123
72 80 27
72 81 260
72 82 254
72 83 20
72 84 145
72 85 45
72 86 48
72 87 103
72 88 248
72 89 191
72 90 259
72 91 54
72 92 174
72 93 5
72 94 90
72 95 107
72 96 272
72 97 233
72 98 245
72 99 196
72 100 103
73 74 142
73 75 42
73 76 166
73 77 145
73 78 2
73 79 134
73 80 167
73 81 259
73 82 232
73 83 220
73 84 206
73 85 29
73 86 64
73 87 11
73 88 274
73 89 291
73 90 146
73 91 73
73 92 85
73 93 17
73 94 52
73 95 211
73 96 166
73 97 192
73 98 102
73 99 235
73 100 43
74 75 175
74 76 67
74 77 133
74 78 136
74 79 124
74 80 9
74 81 231
74 82 165
74 83 1
74 84 119
74 85 53
74 86 64
74 87 53
74 88 228
74 89 293
74 90 280
74 91 107
74 92 51
74 93 98
74 94 40
74 95 207
74 96 210
74 97 208
74 98 100
74 99 244
74 100 0
75 76 138
75 77 91
75 78 124
75 79 176
75 80 292
75 81 147
75 82 254
75 83 20
75 84 11
75 85 117
75 86 52
75 87 81
75 88 267
75 89 84
75 90 136
75 91 250
75 92 62
75 93 24
75 94 54
75 95 146
75 96 140
75 97 134
75 98 152
75 99 285
75 100 275
76 77 35
76 78 162
76 79 17
76 80 92
76 81 92
76 82 162
76 83 50
76 84 269
76 85 261
76 86 78
76 87 173
76 88 168
76 89 97
76 90 57
76 91 190
76 92 55
76 93 251
76 94 262
76 95 113
76 96 296
76 97 34
76 98 73
76 99 54
76 100 208
77 78 3
77 79 108
77 80 252
77 81 254
77 82 126
77 83 132
77 84 254
77 85 258
77 86 147
77 87 26
77 88 36
77 89 206
77 90 89
77 91 165
77 92 127
77 93 263
77 94 101
77 95 25
77 96 19
77 97 24
77 98 193
77 99 97
77 100 176
78 79 2
78 80 85
78 81 188
78 82 227
78 83 193
78 84 119
78 85 284
78 86 161
78 87 32
78 88 64
78 89 191
78 90 125
78 91 60
78 92 233
78 93 222
78 94 178
78 95 19
78 96 27
78 97 254
78 98 178
78 99 124
78 100 216
79 80 155
79 81 270
79 82 74
79 83 12
79 84 276
79 85 127
79 86 177
79 87 105
79 88 103
79 89 126
79 90 296
79 91 35
79 92 175
79 93 34
79 94 170
79 95 144
79 96 213
79 97 209
79 98 230
79 99 177
79 100 143
80 81 87
80 82 242
80 83 293
80 84 11
80 85 221
80 86 272
80 87 104
80 88 193
80 89 71
80 90 143
80 91 50
80 92 2
80 93 54
80 94 272
80 95 219
80 96 219
80 97 111
80 98 77
80 99 120
80 100 265
81 82 14
81 83 64
81 84 28
81 85 54
81 86 37
81 87 51
81 88 293
81 89 114
81 90 218
81 91 84
81 92 233
81 93 174
81 94 37
81 95 76
81 96 271
81 97 174
81 98 17
81 99 41
81 100 213
82 83 80
82 84 69
82 85 124
82 86 55
82 87 60
82 88 69
82 89 180
82 90 216
82 91 241
82 92 128
82 93 6
82 94 131
82 95 298
82 96 290
82 97 4
82 98 49
82 99 241
82 100 61
83 84 120
83 85 60
83 86 140
83 87 244
83 88 168
83 89 43
83 90 262
83 91 184
83 92 13
83 93 235
83 94 60
83 95 153
83 96 33
83 97 7
83 98 34
83 99 107
83 100 199
84 85 266
84 86 173
84 87 274
84 88 90
84 89 168
84 90 293
84 91 5
84 92 97
84 93 93
84 94 290
84 95 221
84 96 231
84 97 151
84 98 285
84 99 297
84 100 160
85 86 278
85 87 219
85 88 253
85 89 91
85 90 244
85 91 212
85 92 109
85 93 239
85 94 287
85 95 197
85 96 70
85 97 89
85 98 252
85 99 233
85 100 293
86 87 198
86 88 42
86 89 20
86 90 285
86 91 126
86 92 101
86 93 227
86 94 97
86 95 118
86 96 126
86 97 91
86 98 158
86 99 206
86 100 177
87 88 285
87 89 38
87 90 74
87 91 154
87 92 100
87 93 107
87 94 44
87 95 142
87 96 158
87 97 100
87 98 234
87 99 264
87 100 191
88 89 224
88 90 13
88 91 51
88 92 4
88 93 156
88 94 238
88 95 258
88 96 25
88 97 239
88 98 292
88 99 285
88 100 276
89 90 112
89 91 249
89 92 201
89 93 232
89 94 207
89 95 240
89 96 111
89 97 289
89 98 41
89 99 15
89 100 229
90 91 24
90 92 134
90 93 94
90 94 145
90 95 4
90 96 41
90 97 71
90 98 213
90 99 110
90 100 75
91 92 48
91 93 50
91 94 13
91 95 23
91 96 284
91 97 194
91 98 180
91 99 13
91 100 65
92 93 252
92 94 132
92 95 69
92 96 130
92 97 122
92 98 237
92 99 105
92 100 175
93 94 44
93 95 131
93 96 89
93 97 152
93 98 155
93 99 257
93 100 150
94 95 153
94 96 88
94 97 114
94 98 79
94 99 290
94 100 136
95 96 291
95 97 1
95 98 258
95 99 237
95 100 85
96 97 47
96 98 31
96 99 8
96 100 91
97 98 7
97 99 185
97 100 274
98 99 230
98 100 178
99 100 258
