100 4950
1 2 176
1 3 74
1 4 16
1 5 230
1 6 244
1 7 153
1 8 236
1 9 244
1 10 126
1 11 229
1 12 74
1 13 258
1 14 160
1 15 149
1 16 139
1 17 75
1 18 1
1 19 146
1 20 280
1 21 11
1 22 296
1 23 22
1 24 290
1 25 180
1 26 120
1 27 179
1 28 213
1 29 24
1 30 255
1 31 113
1 32 123
1 33 262
1 34 255
1 35 243
1 36 166
1 37 138
1 38 280
1 39 278
1 40 190
1 41 222
1 42 147
1 43 261
1 44 256
1 45 85
1 46 217
1 47 173
1 48 297
1 49 244
1 50 130
1 51 81
1 52 156
1 53 141
1 54 25
1 55 144
1 56 26
1 57 59
1 58 239
1 59 164
1 60 278
1 61 195
1 62 57
1 63 50
1 64 291
1 65 276
1 66 164
1 67 190
1 68 260
1 69 91
1 70 189
1 71 3
1 72 281
1 73 16
1 74 285
1 75 137
1 76 178
1 77 250
1 78 280
1 79 202
1 80 56
1 81 104
1 82 47
1 83 204
1 84 111
1 85 48
1 86 132
1 87 88
1 88 253
1 89 77
1 90 232
1 91 283
1 92 31
1 93 1
1 94 176
1 95 208
1 96 103
1 97 14
1 98 247
1 99 89
1 100 230
2 3 122
2 4 94
2 5 49
2 6 8
2 7 102
2 8 21
2 9 258
2 10 186
2 11 293
2 12 262
2 13 104
2 14 173
2 15 174
2 16 182
2 17 251
2 18 209
2 19 211
2 20 59
2 21 96
2 22 146
2 23 115
2 24 282
2 25 19
2 26 145
2 27 188
2 28 171
2 29 72
2 30 190
2 31 272
2 32 96
2 33 117
2 34 228
2 35 15
2 36 288
2 37 141
2 38 143
2 39 206
2 40 123
2 41 20
2 42 175
2 43 175
2 44 203
2 45 225
2 46 184
2 47 201
2 48 184
2 49 6
2 50 216
2 51 22
2 52 248
2 53 38
2 54 123
2 55 88
2 56 64
2 57 24
2 58 295
2 59 181
2 60 28
2 61 212
2 62 213
2 63 123
2 64 60
2 65 86
2 66 138
2 67 4
2 68 40
2 69 64
2 70 116
2 71 95
2 72 87
2 73 103
2 74 128
2 75 45
2 76 143
2 77 220
2 78 138
2 79 130
2 80 36
2 81 17
2 82 95
2 83 86
2 84 129
2 85 5
2 86 270
2 87 146
2 88 42
2 89 282
2 90 63
2 91 26
2 92 25
2 93 55
2 94 257
2 95 64
2 96 31
2 97 194
2 98 38
2 99 185
2 100 84
3 4 245
3 5 299
3 6 32
3 7 172
3 8 166
3 9 23
3 10 166
3 11 288
3 12 41
3 13 70
3 14 14
3 15 148
3 16 56
3 17 36
3 18 284
3 19 23
3 20 117
3 21 266
3 22 153
3 23 231
3 24 80
3 25 199
3 26 83
3 27 218
3 28 62
3 29 55
3 30 158
3 31 43
3 32 253
3 33 225
3 34 9
3 35 259
3 36 290
3 37 48
3 38 181
3 39 163
3 40 60
3 41 57
3 42 46
3 43 148
3 44 86
3 45 207
3 46 205
3 47 124
3 48 254
3 49 126
3 50 109
3 51 279
3 52 43
3 53 54
3 54 50
3 55 245
3 56 221
3 57 175
3 58 117
3 59 82
3 60 42
3 61 143
3 62 19
3 63 36
3 64 41
3 65 266
3 66 267
3 67 297
3 68 174
3 69 14
3 70 23
3 71 122
3 72 224
3 73 230
3 74 202
3 75 89
3 76 166
3 77 100
3 78 88
3 79 141
3 80 211
3 81 75
3 82 36
3 83 25
3 84 22
3 85 154
3 86 211
3 87 131
3 88 74
3 89 109
3 90 17
3 91 53
3 92 169
3 93 6
3 94 92
3 95 32
3 96 175
3 97 243
3 98 293
3 99 180
3 100 145
4 5 152
4 6 54
4 7 121
4 8 120
4 9 110
4 10 194
4 11 269
4 12 61
4 13 11
4 14 13
4 15 255
4 16 79
4 17 266
4 18 72
4 19 73
4 20 182
4 21 274
4 22 72
4 23 270
4 24 66
4 25 236
4 26 146
4 27 73
4 28 284
4 29 174
4 30 90
4 31 197
4 32 78
4 33 167
4 34 84
4 35 191
4 36 148
4 37 261
4 38 132
4 39 1
4 40 177
4 41 271
4 42 268
4 43 86
4 44 280
4 45 122
4 46 19
4 47 16
4 48 166
4 49 190
4 50 201
4 51 223
4 52 248
4 53 258
4 54 171
4 55 24
4 56 134
4 57 116
4 58 190
4 59 15
4 60 183
4 61 243
4 62 41
4 63 96
4 64 35
4 65 223
4 66 277
4 67 155
4 68 160
4 69 247
4 70 165
4 71 236
4 72 119
4 73 151
4 74 207
4 75 238
4 76 34
4 77 20
4 78 103
4 79 267
4 80 162
4 81 24
4 82 187
4 83 27
4 84 113
4 85 223
4 86 12
4 87 100
4 88 170
4 89 180
4 90 244
4 91 146
4 92 290
4 93 125
4 94 50
4 95 234
4 96 182
4 97 201
4 98 188
4 99 164
4 100 118
5 6 53
5 7 5
5 8 107
5 9 134
5 10 227
5 11 204
5 12 143
5 13 278
5 14 32
5 15 162
5 16 252
5 17 179
5 18 232
5 19 7
5 20 188
5 21 240
5 22 88
5 23 158
5 24 90
5 25 186
5 26 93
5 27 55
5 28 30
5 29 294
5 30 8
5 31 84
5 32 148
5 33 89
5 34 82
5 35 290
5 36 180
5 37 177
5 38 249
5 39 210
5 40 19
5 41 252
5 42 142
5 43 238
5 44 161
5 45 229
5 46 263
5 47 177
5 48 226
5 49 283
5 50 57
5 51 198
5 52 67
5 53 9
5 54 89
5 55 96
5 56 124
5 57 242
5 58 64
5 59 26
5 60 208
5 61 209
5 62 193
5 63 175
5 64 41
5 65 252
5 66 110
5 67 220
5 68 155
5 69 290
5 70 230
5 71 178
5 72 13
5 73 198
5 74 41
5 75 131
5 76 276
5 77 175
5 78 62
5 79 9
5 80 7
5 81 67
5 82 39
5 83 88
5 84 193
5 85 176
5 86 272
5 87 171
5 88 36
5 89 227
5 90 218
5 91 71
5 92 61
5 93 231
5 94 166
5 95 2
5 96 105
5 97 121
5 98 182
5 99 116
5 100 241
6 7 74
6 8 288
6 9 129
6 10 182
6 11 244
6 12 55
6 13 289
6 14 144
6 15 247
6 16 40
6 17 29
6 18 69
6 19 118
6 20 164
6 21 240
6 22 92
6 23 221
6 24 205
6 25 282
6 26 278
6 27 292
6 28 231
6 29 257
6 30 8
6 31 97
6 32 20
6 33 259
6 34 202
6 35 295
6 36 28
6 37 68
6 38 263
6 39 280
6 40 263
6 41 1
6 42 255
6 43 146
6 44 199
6 45 67
6 46 36
6 47 59
6 48 25
6 49 282
6 50 140
6 51 258
6 52 6
6 53 68
6 54 143
6 55 33
6 56 262
6 57 154
6 58 163
6 59 64
6 60 17
6 61 263
6 62 150
6 63 43
6 64 203
6 65 175
6 66 237
6 67 159
6 68 43
6 69 76
6 70 151
6 71 81
6 72 235
6 73 45
6 74 57
6 75 151
6 76 86
6 77 208
6 78 91
6 79 100
6 80 290
6 81 8
6 82 62
6 83 203
6 84 120
6 85 179
6 86 275
6 87 31
6 88 13
6 89 157
6 90 190
6 91 184
6 92 37
6 93 256
6 94 56
6 95 261
6 96 124
6 97 92
6 98 191
6 99 155
6 100 205
7 8 145
7 9 166
7 10 247
7 11 213
7 12 172
7 13 143
7 14 283
7 15 252
7 16 273
7 17 156
7 18 167
7 19 134
7 20 143
7 21 230
7 22 223
7 23 137
7 24 158
7 25 127
7 26 101
7 27 62
7 28 176
7 29 235
7 30 86
7 31 270
7 32 234
7 33 113
7 34 229
7 35 104
7 36 280
7 37 95
7 38 116
7 39 44
7 40 298
7 41 121
7 42 127
7 43 71
7 44 121
7 45 160
7 46 206
7 47 147
7 48 157
7 49 236
7 50 111
7 51 261
7 52 143
7 53 3
7 54 280
7 55 136
7 56 168
7 57 101
7 58 134
7 59 102
7 60 1
7 61 73
7 62 118
7 63 173
7 64 260
7 65 259
7 66 24
7 67 180
7 68 274
7 69 125
7 70 162
7 71 228
7 72 222
7 73 232
7 74 246
7 75 1
7 76 262
7 77 128
7 78 272
7 79 184
7 80 235
7 81 14
7 82 266
7 83 65
7 84 210
7 85 222
7 86 38
7 87 149
7 88 1
7 89 294
7 90 286
7 91 199
7 92 264
7 93 164
7 94 190
7 95 132
7 96 215
7 97 51
7 98 265
7 99 77
7 100 124
8 9 217
8 10 221
8 11 199
8 12 21
8 13 281
8 14 85
8 15 76
8 16 36
8 17 8
8 18 236
8 19 171
8 20 24
8 21 165
8 22 120
8 23 38
8 24 58
8 25 151
8 26 286
8 27 145
8 28 246
8 29 60
8 30 294
8 31 114
8 32 43
8 33 132
8 34 99
8 35 206
8 36 251
8 37 271
8 38 191
8 39 262
8 40 43
8 41 19
8 42 211
8 43 261
8 44 156
8 45 188
8 46 166
8 47 138
8 48 224
8 49 21
8 50 51
8 51 180
8 52 254
8 53 50
8 54 283
8 55 177
8 56 105
8 57 115
8 58 139
8 59 245
8 60 218
8 61 34
8 62 211
8 63 167
8 64 19
8 65 81
8 66 257
8 67 18
8 68 150
8 69 262
8 70 292
8 71 219
8 72 75
8 73 280
8 74 62
8 75 8
8 76 273
8 77 40
8 78 280
8 79 47
8 80 258
8 81 297
8 82 58
8 83 213
8 84 275
8 85 92
8 86 283
8 87 8
8 88 127
8 89 179
8 90 51
8 91 116
8 92 140
8 93 102
8 94 170
8 95 87
8 96 82
8 97 235
8 98 188
8 99 105
8 100 99
9 10 298
9 11 184
9 12 139
9 13 145
9 14 128
9 15 10
9 16 20
9 17 241
9 18 225
9 19 206
9 20 216
9 21 119
9 22 98
9 23 233
9 24 171
9 25 34
9 26 145
9 27 106
9 28 26
9 29 122
9 30 87
9 31 149
9 32 261
9 33 42
9 34 118
9 35 114
9 36 99
9 37 204
9 38 2
9 39 265
9 40 29
9 41 198
9 42 187
9 43 50
9 44 172
9 45 161
9 46 277
9 47 191
9 48 144
9 49 79
9 50 202
9 51 77
9 52 247
9 53 191
9 54 78
9 55 88
9 56 61
9 57 113
9 58 171
9 59 57
9 60 230
9 61 136
9 62 238
9 63 124
9 64 80
9 65 165
9 66 181
9 67 127
9 68 132
9 69 220
9 70 150
9 71 209
9 72 254
9 73 36
9 74 171
9 75 46
9 76 63
9 77 261
9 78 72
9 79 282
9 80 48
9 81 239
9 82 22
9 83 184
9 84 74
9 85 191
9 86 63
9 87 186
9 88 21
9 89 260
9 90 25
9 91 119
9 92 187
9 93 150
9 94 251
9 95 221
9 96 234
9 97 116
9 98 138
9 99 274
9 100 221
10 11 149
10 12 42
10 13 86
10 14 172
10 15 41
10 16 265
10 17 125
10 18 120
10 19 166
10 20 18
10 21 55
10 22 287
10 23 231
10 24 90
10 25 292
10 26 264
10 27 187
10 28 275
10 29 216
10 30 32
10 31 66
10 32 19
10 33 277
10 34 234
10 35 244
10 36 239
10 37 172
10 38 285
10 39 154
10 40 53
10 41 174
10 42 130
10 43 143
10 44 180
10 45 163
10 46 160
10 47 6
10 48 42
10 49 76
10 50 27
10 51 196
10 52 282
10 53 100
10 54 74
10 55 1
10 56 184
10 57 208
10 58 124
10 59 282
10 60 153
10 61 89
10 62 230
10 63 219
10 64 93
10 65 94
10 66 79
10 67 14
10 68 157
10 69 140
10 70 75
10 71 65
10 72 161
10 73 138
10 74 114
10 75 268
10 76 56
10 77 225
10 78 94
10 79 62
10 80 39
10 81 137
10 82 0
10 83 108
10 84 235
10 85 119
10 86 37
10 87 255
10 88 76
10 89 98
10 90 35
10 91 213
10 92 263
10 93 192
10 94 97
10 95 261
10 96 211
10 97 166
10 98 47
10 99 219
10 100 101
11 12 87
11 13 174
11 14 182
11 15 60
11 16 36
11 17 104
11 18 217
11 19 256
11 20 48
11 21 228
11 22 134
11 23 86
11 24 44
11 25 241
11 26 90
11 27 183
11 28 298
11 29 262
11 30 144
11 31 265
11 32 285
11 33 42
11 34 196
11 35 175
11 36 101
11 37 42
11 38 76
11 39 106
11 40 16
11 41 86
11 42 15
11 43 142
11 44 70
11 45 109
11 46 88
11 47 80
11 48 71
11 49 275
11 50 59
11 51 68
11 52 174
11 53 293
11 54 222
11 55 24
11 56 122
11 57 9
11 58 254
11 59 114
11 60 182
11 61 204
11 62 226
11 63 1
11 64 62
11 65 66
11 66 191
11 67 258
11 68 28
11 69 65
11 70 216
11 71 279
11 72 233
11 73 165
11 74 273
11 75 213
11 76 158
11 77 171
11 78 185
11 79 15
11 80 96
11 81 82
11 82 298
11 83 296
11 84 56
11 85 294
11 86 290
11 87 199
11 88 130
11 89 137
11 90 123
11 91 12
11 92 116
11 93 129
11 94 110
11 95 50
11 96 282
11 97 109
11 98 243
11 99 3
11 100 60
12 13 282
12 14 269
12 15 124
12 16 20
12 17 257
12 18 115
12 19 88
12 20 110
12 21 59
12 22 110
12 23 282
12 24 247
12 25 190
12 26 10
12 27 256
12 28 4
12 29 232
12 30 198
12 31 2
12 32 253
12 33 234
12 34 261
12 35 100
12 36 52
12 37 183
12 38 88
12 39 234
12 40 171
12 41 179
12 42 17
12 43 92
12 44 180
12 45 112
12 46 54
12 47 68
12 48 134
12 49 265
12 50 88
12 51 70
12 52 178
12 53 252
12 54 10
12 55 72
12 56 123
12 57 56
12 58 195
12 59 49
12 60 259
12 61 220
12 62 58
12 63 121
12 64 126
12 65 27
12 66 133
12 67 2
12 68 96
12 69 278
12 70 291
12 71 51
12 72 145
12 73 49
12 74 255
12 75 66
12 76 147
12 77 186
12 78 175
12 79 278
12 80 269
12 81 154
12 82 56
12 83 168
12 84 184
12 85 83
12 86 260
12 87 206
12 88 174
12 89 6
12 90 217
12 91 193
12 92 180
12 93 237
12 94 33
12 95 31
12 96 75
12 97 215
12 98 168
12 99 100
12 100 192
13 14 101
13 15 298
13 16 81
13 17 182
13 18 115
13 19 181
13 20 281
13 21 198
13 22 80
13 23 105
13 24 258
13 25 10
13 26 243
13 27 273
13 28 174
13 29 111
13 30 123
13 31 173
13 32 40
13 33 159
13 34 47
13 35 51
13 36 69
13 37 19
13 38 17
13 39 209
13 40 27
13 41 149
13 42 123
13 43 78
13 44 39
13 45 38
13 46 150
13 47 252
13 48 62
13 49 12
13 50 121
13 51 46
13 52 150
13 53 94
13 54 72
13 55 60
13 56 135
13 57 96
13 58 271
13 59 157
13 60 95
13 61 89
13 62 42
13 63 208
13 64 176
13 65 62
13 66 223
13 67 16
13 68 189
13 69 100
13 70 123
13 71 299
13 72 288
13 73 276
13 74 263
13 75 159
13 76 209
13 77 187
13 78 274
13 79 66
13 80 155
13 81 7
13 82 285
13 83 296
13 84 259
13 85 175
13 86 196
13 87 296
13 88 178
13 89 250
13 90 190
13 91 165
13 92 18
13 93 111
13 94 204
13 95 222
13 96 157
13 97 27
13 98 17
13 99 186
13 100 211
14 15 234
14 16 193
14 17 119
14 18 48
14 19 249
14 20 46
14 21 81
14 22 156
14 23 226
14 24 189
14 25 143
14 26 287
14 27 249
14 28 12
14 29 148
14 30 288
14 31 209
14 32 58
14 33 262
14 34 222
14 35 65
14 36 54
14 37 123
14 38 40
14 39 74
14 40 162
14 41 280
14 42 298
14 43 262
14 44 97
14 45 122
14 46 164
14 47 232
14 48 234
14 49 254
14 50 18
14 51 163
14 52 63
14 53 20
14 54 7
14 55 266
14 56 152
14 57 235
14 58 108
14 59 28
14 60 253
14 61 251
14 62 234
14 63 114
14 64 130
14 65 198
14 66 106
14 67 289
14 68 63
14 69 28
14 70 111
14 71 11
14 72 165
14 73 213
14 74 186
14 75 219
14 76 276
14 77 191
14 78 244
14 79 287
14 80 250
14 81 250
14 82 255
14 83 38
14 84 203
14 85 32
14 86 53
14 87 23
14 88 138
14 89 72
14 90 70
14 91 199
14 92 18
14 93 105
14 94 242
14 95 168
14 96 44
14 97 179
14 98 86
14 99 208
14 100 278
15 16 110
15 17 99
15 18 23
15 19 157
15 20 41
15 21 237
15 22 17
15 23 38
15 24 224
15 25 264
15 26 102
15 27 289
15 28 47
15 29 62
15 30 168
15 31 136
15 32 6
15 33 191
15 34 282
15 35 286
15 36 61
15 37 58
15 38 1
15 39 253
15 40 276
15 41 87
15 42 118
15 43 56
15 44 249
15 45 51
15 46 120
15 47 96
15 48 259
15 49 14
15 50 185
15 51 214
15 52 155
15 53 18
15 54 16
15 55 65
15 56 175
15 57 278
15 58 15
15 59 281
15 60 169
15 61 229
15 62 4
15 63 176
15 64 31
15 65 219
15 66 243
15 67 82
15 68 169
15 69 47
15 70 139
15 71 260
15 72 105
15 73 29
15 74 218
15 75 113
15 76 125
15 77 4
15 78 261
15 79 259
15 80 54
15 81 137
15 82 212
15 83 201
15 84 219
15 85 90
15 86 265
15 87 164
15 88 38
15 89 18
15 90 2
15 91 80
15 92 232
15 93 260
15 94 98
15 95 104
15 96 33
15 97 31
15 98 242
15 99 101
15 100 276
16 17 263
16 18 260
16 19 235
16 20 169
16 21 175
16 22 174
16 23 88
16 24 2
16 25 206
16 26 214
16 27 269
16 28 82
16 29 113
16 30 141
16 31 122
16 32 277
16 33 49
16 34 210
16 35 113
16 36 250
16 37 39
16 38 181
16 39 162
16 40 37
16 41 179
16 42 112
16 43 137
16 44 287
16 45 26
16 46 19
16 47 164
16 48 174
16 49 248
16 50 32
16 51 220
16 52 51
16 53 100
16 54 234
16 55 158
16 56 59
16 57 235
16 58 166
16 59 299
16 60 267
16 61 72
16 62 13
16 63 120
16 64 45
16 65 117
16 66 71
16 67 176
16 68 2
16 69 109
16 70 240
16 71 193
16 72 222
16 73 73
16 74 181
16 75 27
16 76 296
16 77 184
16 78 260
16 79 258
16 80 276
16 81 149
16 82 108
16 83 82
16 84 40
16 85 26
16 86 116
16 87 101
16 88 131
16 89 206
16 90 152
16 91 260
16 92 123
16 93 23
16 94 275
16 95 34
16 96 196
16 97 40
16 98 230
16 99 254
16 100 67
17 18 64
17 19 65
17 20 101
17 21 16
17 22 63
17 23 228
17 24 71
17 25 204
17 26 286
17 27 207
17 28 149
17 29 94
17 30 20
17 31 1
17 32 0
17 33 274
17 34 259
17 35 4
17 36 34
17 37 165
17 38 110
17 39 138
17 40 136
17 41 196
17 42 53
17 43 80
17 44 229
17 45 101
17 46 68
17 47 257
17 48 173
17 49 46
17 50 292
17 51 253
17 52 188
17 53 160
17 54 299
17 55 276
17 56 93
17 57 109
17 58 273
17 59 18
17 60 296
17 61 124
17 62 169
17 63 194
17 64 66
17 65 258
17 66 61
17 67 41
17 68 189
17 69 149
17 70 237
17 71 63
17 72 15
17 73 296
17 74 156
17 75 168
17 76 256
17 77 144
17 78 67
17 79 23
17 80 90
17 81 252
17 82 189
17 83 39
17 84 165
17 85 85
17 86 153
17 87 88
17 88 17
17 89 40
17 90 21
17 91 276
17 92 280
17 93 30
17 94 125
17 95 247
17 96 112
17 97 154
17 98 111
17 99 194
17 100 76
18 19 110
18 20 248
18 21 257
18 22 153
18 23 266
18 24 10
18 25 124
18 26 110
18 27 124
18 28 2
18 29 261
18 30 30
18 31 94
18 32 176
18 33 104
18 34 112
18 35 286
18 36 188
18 37 23
18 38 136
18 39 256
18 40 166
18 41 128
18 42 68
18 43 159
18 44 230
18 45 101
18 46 253
18 47 267
18 48 42
18 49 74
18 50 259
18 51 196
18 52 229
18 53 34
18 54 78
18 55 256
18 56 222
18 57 72
18 58 12
18 59 64
18 60 114
18 61 277
18 62 143
18 63 37
18 64 89
18 65 256
18 66 80
18 67 105
18 68 184
18 69 70
18 70 6
18 71 272
18 72 253
18 73 111
18 74 201
18 75 243
18 76 112
18 77 228
18 78 97
18 79 40
18 80 24
18 81 18
18 82 208
18 83 59
18 84 252
18 85 172
18 86 191
18 87 1
18 88 146
18 89 103
18 90 284
18 91 240
18 92 263
18 93 129
18 94 69
18 95 130
18 96 18
18 97 32
18 98 154
18 99 150
18 100 263
19 20 115
19 21 196
19 22 198
19 23 83
19 24 231
19 25 82
19 26 17
19 27 215
19 28 245
19 29 39
19 30 79
19 31 212
19 32 196
19 33 76
19 34 7
19 35 255
19 36 282
19 37 218
19 38 76
19 39 96
19 40 161
19 41 15
19 42 35
19 43 93
19 44 47
19 45 180
19 46 65
19 47 47
19 48 202
19 49 9
19 50 242
19 51 207
19 52 24
19 53 44
19 54 192
19 55 114
19 56 40
19 57 94
19 58 203
19 59 261
19 60 82
19 61 180
19 62 32
19 63 13
19 64 157
19 65 246
19 66 21
19 67 98
19 68 249
19 69 82
19 70 288
19 71 132
19 72 58
19 73 21
19 74 227
19 75 114
19 76 189
19 77 132
19 78 29
19 79 8
19 80 150
19 81 220
19 82 105
19 83 107
19 84 297
19 85 228
19 86 98
19 87 17
19 88 47
19 89 54
19 90 103
19 91 121
19 92 26
19 93 261
19 94 47
19 95 130
19 96 53
19 97 288
19 98 5
19 99 183
19 100 249
20 21 4
20 22 274
20 23 107
20 24 238
20 25 132
20 26 223
20 27 24
20 28 208
20 29 288
20 30 138
20 31 92
20 32 265
20 33 64
20 34 163
20 35 119
20 36 127
20 37 282
20 38 219
20 39 232
20 40 275
20 41 174
20 42 154
20 43 124
20 44 138
20 45 75
20 46 270
20 47 64
20 48 5
20 49 113
20 50 28
20 51 139
20 52 205
20 53 257
20 54 70
20 55 92
20 56 101
20 57 48
20 58 178
20 59 249
20 60 124
20 61 126
20 62 170
20 63 180
20 64 219
20 65 215
20 66 85
20 67 161
20 68 114
20 69 6
20 70 112
20 71 141
20 72 233
20 73 228
20 74 197
20 75 69
20 76 269
20 77 74
20 78 236
20 79 165
20 80 117
20 81 106
20 82 190
20 83 37
20 84 279
20 85 297
20 86 169
20 87 202
20 88 291
20 89 126
20 90 249
20 91 201
20 92 31
20 93 61
20 94 81
20 95 179
20 96 127
20 97 261
20 98 201
20 99 142
20 100 164
21 22 123
21 23 71
21 24 222
21 25 62
21 26 118
21 27 88
21 28 201
21 29 212
21 30 199
21 31 180
21 32 130
21 33 222
21 34 205
21 35 69
21 36 237
21 37 108
21 38 17
21 39 194
21 40 48
21 41 44
21 42 5
21 43 183
21 44 73
21 45 133
21 46 256
21 47 103
21 48 256
21 49 181
21 50 49
21 51 70
21 52 220
21 53 293
21 54 179
21 55 116
21 56 40
21 57 3
21 58 111
21 59 237
21 60 142
21 61 119
21 62 65
21 63 75
21 64 92
21 65 247
21 66 67
21 67 133
21 68 275
21 69 212
21 70 232
21 71 184
21 72 252
21 73 130
21 74 50
21 75 154
21 76 245
21 77 109
21 78 290
21 79 254
21 80 51
21 81 226
21 82 149
21 83 292
21 84 285
21 85 298
21 86 220
21 87 241
21 88 16
21 89 57
21 90 200
21 91 17
21 92 43
21 93 46
21 94 1
21 95 22
21 96 256
21 97 257
21 98 287
21 99 18
21 100 72
22 23 216
22 24 180
22 25 0
22 26 41
22 27 67
22 28 269
22 29 17
22 30 71
22 31 212
22 32 9
22 33 108
22 34 190
22 35 258
22 36 144
22 37 254
22 38 43
22 39 94
22 40 279
22 41 35
22 42 146
22 43 228
22 44 196
22 45 267
22 46 284
22 47 237
22 48 210
22 49 93
22 50 107
22 51 45
22 52 146
22 53 212
22 54 39
22 55 4
22 56 254
22 57 200
22 58 257
22 59 162
22 60 144
22 61 201
22 62 249
22 63 158
22 64 240
22 65 52
22 66 164
22 67 49
22 68 159
22 69 233
22 70 96
22 71 214
22 72 60
22 73 85
22 74 289
22 75 253
22 76 251
22 77 216
22 78 0
22 79 163
22 80 160
22 81 248
22 82 119
22 83 256
22 84 253
22 85 145
22 86 46
22 87 35
22 88 202
22 89 56
22 90 225
22 91 116
22 92 97
22 93 125
22 94 130
22 95 147
22 96 204
22 97 160
22 98 150
22 99 169
22 100 38
23 24 239
23 25 213
23 26 192
23 27 32
23 28 228
23 29 258
23 30 189
23 31 169
23 32 111
23 33 174
23 34 143
23 35 242
23 36 265
23 37 128
23 38 265
23 39 63
23 40 281
23 41 234
23 42 34
23 43 293
23 44 103
23 45 238
23 46 200
23 47 144
23 48 10
23 49 228
23 50 132
23 51 227
23 52 258
23 53 230
23 54 130
23 55 84
23 56 240
23 57 238
23 58 138
23 59 6
23 60 29
23 61 241
23 62 296
23 63 116
23 64 0
23 65 159
23 66 156
23 67 193
23 68 208
23 69 23
23 70 2
23 71 299
23 72 259
23 73 55
23 74 264
23 75 273
23 76 72
23 77 280
23 78 139
23 79 262
23 80 166
23 81 27
23 82 68
23 83 158
23 84 278
23 85 95
23 86 297
23 87 113
23 88 286
23 89 284
23 90 7
23 91 99
23 92 63
23 93 235
23 94 33
23 95 98
23 96 293
23 97 282
23 98 299
23 99 223
23 100 69
24 25 50
24 26 82
24 27 183
24 28 123
24 29 141
24 30 118
24 31 158
24 32 135
24 33 276
24 34 283
24 35 78
24 36 220
24 37 59
24 38 131
24 39 290
24 40 84
24 41 169
24 42 184
24 43 288
24 44 249
24 45 228
24 46 156
24 47 199
24 48 202
24 49 160
24 50 119
24 51 209
24 52 47
24 53 162
24 54 293
24 55 290
24 56 77
24 57 282
24 58 149
24 59 188
24 60 81
24 61 126
24 62 290
24 63 184
24 64 79
24 65 38
24 66 106
24 67 110
24 68 45
24 69 48
24 70 118
24 71 21
24 72 8
24 73 181
24 74 18
24 75 241
24 76 94
24 77 122
24 78 126
24 79 228
24 80 229
24 81 162
24 82 104
24 83 151
24 84 103
24 85 35
24 86 275
24 87 180
24 88 247
24 89 263
24 90 203
24 91 282
24 92 185
24 93 226
24 94 294
24 95 236
24 96 148
24 97 43
24 98 210
24 99 181
24 100 101
25 26 265
25 27 110
25 28 297
25 29 75
25 30 278
25 31 13
25 32 90
25 33 76
25 34 267
25 35 257
25 36 295
25 37 69
25 38 28
25 39 31
25 40 143
25 41 54
25 42 174
25 43 35
25 44 295
25 45 258
25 46 16
25 47 153
25 48 57
25 49 192
25 50 48
25 51 39
25 52 124
25 53 259
25 54 239
25 55 32
25 56 141
25 57 16
25 58 274
25 59 272
25 60 11
25 61 59
25 62 122
25 63 42
25 64 127
25 65 230
25 66 190
25 67 115
25 68 269
25 69 279
25 70 195
25 71 6
25 72 90
25 73 227
25 74 258
25 75 91
25 76 208
25 77 31
25 78 183
25 79 199
25 80 11
25 81 50
25 82 139
25 83 34
25 84 131
25 85 24
25 86 184
25 87 183
25 88 184
25 89 242
25 90 147
25 91 76
25 92 46
25 93 297
25 94 245
25 95 224
25 96 276
25 97 233
25 98 254
25 99 251
25 100 87
26 27 31
26 28 249
26 29 129
26 30 36
26 31 15
26 32 66
26 33 109
26 34 260
26 35 225
26 36 180
26 37 292
26 38 140
26 39 230
26 40 215
26 41 284
26 42 267
26 43 232
26 44 17
26 45 84
26 46 17
26 47 145
26 48 107
26 49 99
26 50 221
26 51 287
26 52 54
26 53 228
26 54 293
26 55 51
26 56 241
26 57 238
26 58 50
26 59 148
26 60 281
26 61 89
26 62 34
26 63 226
26 64 0
26 65 294
26 66 241
26 67 95
26 68 88
26 69 106
26 70 108
26 71 5
26 72 89
26 73 132
26 74 229
26 75 206
26 76 298
26 77 93
26 78 197
26 79 134
26 80 90
26 81 223
26 82 153
26 83 101
26 84 134
26 85 140
26 86 165
26 87 256
26 88 135
26 89 219
26 90 77
26 91 85
26 92 168
26 93 45
26 94 49
26 95 189
26 96 26
26 97 96
26 98 69
26 99 290
26 100 162
27 28 281
27 29 254
27 30 276
27 31 187
27 32 146
27 33 254
27 34 99
27 35 34
27 36 118
27 37 79
27 38 130
27 39 116
27 40 94
27 41 189
27 42 239
27 43 9
27 44 78
27 45 160
27 46 102
27 47 34
27 48 24
27 49 205
27 50 72
27 51 153
27 52 121
27 53 152
27 54 49
27 55 269
27 56 101
27 57 269
27 58 27
27 59 129
27 60 178
27 61 232
27 62 101
27 63 188
27 64 298
27 65 215
27 66 242
27 67 143
27 68 267
27 69 19
27 70 183
27 71 169
27 72 190
27 73 131
27 74 292
27 75 72
27 76 170
27 77 83
27 78 244
27 79 78
27 80 257
27 81 127
27 82 13
27 83 40
27 84 175
27 85 147
27 86 193
27 87 7
27 88 95
27 89 266
27 90 213
27 91 183
27 92 135
27 93 84
27 94 168
27 95 139
27 96 117
27 97 241
27 98 10
27 99 272
27 100 248
28 29 296
28 30 283
28 31 255
28 32 153
28 33 117
28 34 233
28 35 34
28 36 177
28 37 180
28 38 214
28 39 18
28 40 14
28 41 150
28 42 38
28 43 155
28 44 256
28 45 250
28 46 185
28 47 281
28 48 196
28 49 282
28 50 183
28 51 205
28 52 128
28 53 202
28 54 8
28 55 266
28 56 193
28 57 44
28 58 58
28 59 298
28 60 213
28 61 115
28 62 60
28 63 230
28 64 69
28 65 232
28 66 149
28 67 121
28 68 219
28 69 8
28 70 77
28 71 59
28 72 36
28 73 215
28 74 8
28 75 12
28 76 183
28 77 48
28 78 165
28 79 169
28 80 107
28 81 189
28 82 206
28 83 2
28 84 261
28 85 132
28 86 109
28 87 171
28 88 240
28 89 153
28 90 88
28 91 187
28 92 106
28 93 164
28 94 214
28 95 46
28 96 121
28 97 273
28 98 172
28 99 55
28 100 113
29 30 166
29 31 269
29 32 295
29 33 74
29 34 274
29 35 64
29 36 57
29 37 65
29 38 231
29 39 85
29 40 76
29 41 98
29 42 240
29 43 263
29 44 54
29 45 273
29 46 243
29 47 38
29 48 190
29 49 286
29 50 34
29 51 16
29 52 91
29 53 149
29 54 63
29 55 14
29 56 53
29 57 245
29 58 161
29 59 36
29 60 134
29 61 243
29 62 195
29 63 226
29 64 65
29 65 161
29 66 101
29 67 222
29 68 203
29 69 91
29 70 222
29 71 246
29 72 204
29 73 277
29 74 19
29 75 241
29 76 33
29 77 284
29 78 41
29 79 210
29 80 128
29 81 97
29 82 198
29 83 138
29 84 121
29 85 81
29 86 217
29 87 80
29 88 184
29 89 211
29 90 184
29 91 15
29 92 186
29 93 197
29 94 277
29 95 161
29 96 105
29 97 250
29 98 133
29 99 222
29 100 238
30 31 132
30 32 270
30 33 94
30 34 53
30 35 165
30 36 25
30 37 259
30 38 260
30 39 171
30 40 203
30 41 210
30 42 164
30 43 1
30 44 205
30 45 10
30 46 286
30 47 129
30 48 209
30 49 240
30 50 133
30 51 231
30 52 154
30 53 177
30 54 125
30 55 51
30 56 158
30 57 15
30 58 121
30 59 296
30 60 271
30 61 263
30 62 284
30 63 8
30 64 90
30 65 200
30 66 33
30 67 0
30 68 147
30 69 235
30 70 210
30 71 239
30 72 102
30 73 70
30 74 133
30 75 110
30 76 58
30 77 157
30 78 66
30 79 142
30 80 248
30 81 126
30 82 38
30 83 60
30 84 185
30 85 78
30 86 103
30 87 262
30 88 261
30 89 68
30 90 132
30 91 132
30 92 182
30 93 200
30 94 279
30 95 235
30 96 295
30 97 207
30 98 237
30 99 289
30 100 182
31 32 186
31 33 264
31 34 149
31 35 134
31 36 3
31 37 12
31 38 73
31 39 149
31 40 4
31 41 254
31 42 213
31 43 15
31 44 223
31 45 140
31 46 135
31 47 6
31 48 22
31 49 270
31 50 54
31 51 146
31 52 172
31 53 298
31 54 167
31 55 198
31 56 12
31 57 221
31 58 19
31 59 50
31 60 126
31 61 211
31 62 250
31 63 177
31 64 87
31 65 243
31 66 150
31 67 234
31 68 167
31 69 32
31 70 89
31 71 103
31 72 38
31 73 3
31 74 141
31 75 260
31 76 137
31 77 147
31 78 154
31 79 154
31 80 3
31 81 99
31 82 260
31 83 197
31 84 280
31 85 272
31 86 14
31 87 196
31 88 202
31 89 276
31 90 8
31 91 272
31 92 244
31 93 119
31 94 68
31 95 206
31 96 119
31 97 232
31 98 245
31 99 82
31 100 83
32 33 293
32 34 111
32 35 104
32 36 171
32 37 8
32 38 103
32 39 122
32 40 158
32 41 255
32 42 243
32 43 59
32 44 87
32 45 271
32 46 46
32 47 202
32 48 84
32 49 151
32 50 207
32 51 74
32 52 260
32 53 288
32 54 212
32 55 98
32 56 59
32 57 89
32 58 115
32 59 189
32 60 210
32 61 164
32 62 251
32 63 78
32 64 255
32 65 182
32 66 259
32 67 142
32 68 273
32 69 19
32 70 5
32 71 271
32 72 47
32 73 6
32 74 111
32 75 18
32 76 127
32 77 290
32 78 3
32 79 179
32 80 175
32 81 120
32 82 195
32 83 165
32 84 86
32 85 193
32 86 46
32 87 8
32 88 282
32 89 62
32 90 92
32 91 166
32 92 39
32 93 268
32 94 126
32 95 264
32 96 80
32 97 112
32 98 148
32 99 92
32 100 6
33 34 258
33 35 39
33 36 82
33 37 65
33 38 237
33 39 206
33 40 250
33 41 30
33 42 67
33 43 222
33 44 144
33 45 12
33 46 243
33 47 209
33 48 249
33 49 213
33 50 286
33 51 265
33 52 280
33 53 121
33 54 99
33 55 191
33 56 263
33 57 90
33 58 151
33 59 77
33 60 298
33 61 229
33 62 90
33 63 19
33 64 14
33 65 215
33 66 100
33 67 243
33 68 276
33 69 238
33 70 143
33 71 59
33 72 291
33 73 296
33 74 1
33 75 218
33 76 109
33 77 258
33 78 84
33 79 275
33 80 162
33 81 214
33 82 215
33 83 92
33 84 184
33 85 206
33 86 283
33 87 120
33 88 60
33 89 264
33 90 273
33 91 234
33 92 197
33 93 159
33 94 173
33 95 62
33 96 137
33 97 178
33 98 134
33 99 188
33 100 99
34 35 218
34 36 109
34 37 192
34 38 184
34 39 282
34 40 236
34 41 28
34 42 273
34 43 229
34 44 200
34 45 6
34 46 83
34 47 144
34 48 238
34 49 25
34 50 197
34 51 128
34 52 68
34 53 213
34 54 136
34 55 105
34 56 280
34 57 1
34 58 228
34 59 130
34 60 44
34 61 200
34 62 142
34 63 27
34 64 176
34 65 58
34 66 254
34 67 0
34 68 60
34 69 92
34 70 251
34 71 138
34 72 89
34 73 284
34 74 155
34 75 294
34 76 285
34 77 4
34 78 289
34 79 280
34 80 194
34 81 115
34 82 13
34 83 238
34 84 8
34 85 254
34 86 257
34 87 65
34 88 73
34 89 106
34 90 250
34 91 48
34 92 159
34 93 281
34 94 226
34 95 195
34 96 150
34 97 288
34 98 274
34 99 141
34 100 125
35 36 38
35 37 204
35 38 97
35 39 17
35 40 81
35 41 72
35 42 262
35 43 298
35 44 213
35 45 121
35 46 39
35 47 112
35 48 98
35 49 17
35 50 102
35 51 249
35 52 288
35 53 169
35 54 3
35 55 34
35 56 239
35 57 2
35 58 231
35 59 49
35 60 24
35 61 193
35 62 200
35 63 237
35 64 101
35 65 30
35 66 212
35 67 259
35 68 45
35 69 3
35 70 160
35 71 263
35 72 120
35 73 287
35 74 70
35 75 104
35 76 124
35 77 105
35 78 24
35 79 89
35 80 113
35 81 245
35 82 115
35 83 141
35 84 75
35 85 102
35 86 275
35 87 197
35 88 196
35 89 180
35 90 102
35 91 64
35 92 30
35 93 214
35 94 260
35 95 164
35 96 94
35 97 225
35 98 138
35 99 156
35 100 113
36 37 101
36 38 19
36 39 224
36 40 166
36 41 257
36 42 9
36 43 115
36 44 133
36 45 71
36 46 208
36 47 215
36 48 142
36 49 116
36 50 262
36 51 257
36 52 269
36 53 92
36 54 247
36 55 135
36 56 97
36 57 24
36 58 157
36 59 142
36 60 114
36 61 169
36 62 77
36 63 200
36 64 120
36 65 94
36 66 269
36 67 97
36 68 56
36 69 119
36 70 182
36 71 152
36 72 13
36 73 16
36 74 246
36 75 168
36 76 120
36 77 250
36 78 33
36 79 205
36 80 65
36 81 240
36 82 151
36 83 211
36 84 132
36 85 38
36 86 196
36 87 189
36 88 75
36 89 124
36 90 117
36 91 55
36 92 146
36 93 269
36 94 296
36 95 27
36 96 235
36 97 148
36 98 296
36 99 250
36 100 199
37 38 268
37 39 246
37 40 156
37 41 9
37 42 121
37 43 156
37 44 23
37 45 31
37 46 22
37 47 103
37 48 26
37 49 88
37 50 55
37 51 239
37 52 178
37 53 214
37 54 172
37 55 269
37 56 265
37 57 197
37 58 110
37 59 294
37 60 63
37 61 54
37 62 177
37 63 178
37 64 9
37 65 3
37 66 77
37 67 63
37 68 179
37 69 29
37 70 192
37 71 16
37 72 126
37 73 35
37 74 299
37 75 227
37 76 65
37 77 268
37 78 29
37 79 142
37 80 58
37 81 94
37 82 235
37 83 286
37 84 244
37 85 42
37 86 2
37 87 290
37 88 157
37 89 242
37 90 206
37 91 122
37 92 235
37 93 286
37 94 218
37 95 17
37 96 170
37 97 80
37 98 104
37 99 43
37 100 157
38 39 21
38 40 189
38 41 79
38 42 93
38 43 3
38 44 265
38 45 59
38 46 79
38 47 58
38 48 155
38 49 235
38 50 125
38 51 4
38 52 27
38 53 250
38 54 123
38 55 87
38 56 27
38 57 35
38 58 257
38 59 249
38 60 220
38 61 179
38 62 113
38 63 55
38 64 138
38 65 69
38 66 132
38 67 34
38 68 63
38 69 132
38 70 70
38 71 257
38 72 246
38 73 238
38 74 144
38 75 281
38 76 0
38 77 163
38 78 207
38 79 130
38 80 136
38 81 122
38 82 172
38 83 242
38 84 155
38 85 96
38 86 56
38 87 141
38 88 226
38 89 43
38 90 230
38 91 170
38 92 160
38 93 268
38 94 219
38 95 185
38 96 157
38 97 63
38 98 79
38 99 230
38 100 65
39 40 5
39 41 76
39 42 159
39 43 180
39 44 128
39 45 227
39 46 39
39 47 204
39 48 81
39 49 260
39 50 183
39 51 278
39 52 284
39 53 50
39 54 255
39 55 69
39 56 60
39 57 57
39 58 173
39 59 251
39 60 239
39 61 220
39 62 54
39 63 22
39 64 0
39 65 170
39 66 157
39 67 174
39 68 145
39 69 192
39 70 265
39 71 268
39 72 246
39 73 200
39 74 275
39 75 218
39 76 254
39 77 125
39 78 293
39 79 256
39 80 119
39 81 28
39 82 166
39 83 108
39 84 254
39 85 167
39 86 75
39 87 289
39 88 262
39 89 145
39 90 277
39 91 4
39 92 150
39 93 93
39 94 78
39 95 35
39 96 265
39 97 254
39 98 168
39 99 38
39 100 138
40 41 31
40 42 209
40 43 20
40 44 69
40 45 205
40 46 61
40 47 145
40 48 198
40 49 269
40 50 7
40 51 255
40 52 61
40 53 245
40 54 112
40 55 197
40 56 110
40 57 134
40 58 245
40 59 269
40 60 201
40 61 76
40 62 248
40 63 214
40 64 270
40 65 194
40 66 32
40 67 103
40 68 148
40 69 199
40 70 131
40 71 42
40 72 217
40 73 73
40 74 285
40 75 178
40 76 50
40 77 290
40 78 217
40 79 142
40 80 122
40 81 196
40 82 223
40 83 80
40 84 210
40 85 104
40 86 44
40 87 189
40 88 45
40 89 278
40 90 221
40 91 243
40 92 201
40 93 264
40 94 183
40 95 198
40 96 238
40 97 234
40 98 113
40 99 31
40 100 10
41 42 275
41 43 25
41 44 266
41 45 66
41 46 129
41 47 50
41 48 64
41 49 275
41 50 224
41 51 154
41 52 104
41 53 296
41 54 297
41 55 279
41 56 224
41 57 200
41 58 80
41 59 38
41 60 113
41 61 247
41 62 164
41 63 183
41 64 246
41 65 163
41 66 202
41 67 214
41 68 221
41 69 8
41 70 137
41 71 73
41 72 2
41 73 7
41 74 44
41 75 210
41 76 283
41 77 166
41 78 64
41 79 33
41 80 250
41 81 265
41 82 287
41 83 69
41 84 65
41 85 286
41 86 69
41 87 296
41 88 20
41 89 33
41 90 151
41 91 92
41 92 72
41 93 98
41 94 183
41 95 212
41 96 19
41 97 125
41 98 197
41 99 290
41 100 154
42 43 117
42 44 78
42 45 283
42 46 208
42 47 194
42 48 23
42 49 179
42 50 278
42 51 287
42 52 112
42 53 274
42 54 17
42 55 84
42 56 277
42 57 115
42 58 11
42 59 122
42 60 211
42 61 243
42 62 165
42 63 17
42 64 190
42 65 189
42 66 286
42 67 82
42 68 125
42 69 135
42 70 59
42 71 116
42 72 12
42 73 236
42 74 190
42 75 190
42 76 210
42 77 175
42 78 123
42 79 106
42 80 285
42 81 234
42 82 200
42 83 147
42 84 13
42 85 256
42 86 173
42 87 238
42 88 140
42 89 103
42 90 209
42 91 137
42 92 202
42 93 140
42 94 132
42 95 74
42 96 34
42 97 18
42 98 266
42 99 17
42 100 111
43 44 69
43 45 205
43 46 136
43 47 274
43 48 172
43 49 76
43 50 249
43 51 111
43 52 54
43 53 109
43 54 197
43 55 140
43 56 79
43 57 226
43 58 53
43 59 109
43 60 180
43 61 123
43 62 296
43 63 119
43 64 177
43 65 176
43 66 69
43 67 170
43 68 295
43 69 265
43 70 14
43 71 40
43 72 121
43 73 189
43 74 212
43 75 47
43 76 137
43 77 106
43 78 284
43 79 151
43 80 81
43 81 189
43 82 117
43 83 65
43 84 58
43 85 18
43 86 232
43 87 50
43 88 37
43 89 192
43 90 53
43 91 240
43 92 9
43 93 259
43 94 187
43 95 113
43 96 213
43 97 84
43 98 76
43 99 277
43 100 40
44 45 194
44 46 273
44 47 129
44 48 187
44 49 276
44 50 270
44 51 31
44 52 9
44 53 259
44 54 61
44 55 152
44 56 11
44 57 255
44 58 279
44 59 127
44 60 295
44 61 84
44 62 192
44 63 187
44 64 38
44 65 112
44 66 183
44 67 234
44 68 1
44 69 123
44 70 176
44 71 114
44 72 265
44 73 167
44 74 97
44 75 114
44 76 209
44 77 177
44 78 274
44 79 42
44 80 224
44 81 295
44 82 8
44 83 98
44 84 199
44 85 94
44 86 168
44 87 49
44 88 222
44 89 216
44 90 101
44 91 56
44 92 111
44 93 291
44 94 170
44 95 167
44 96 238
44 97 76
44 98 175
44 99 229
44 100 2
45 46 287
45 47 68
45 48 210
45 49 184
45 50 19
45 51 168
45 52 236
45 53 114
45 54 180
45 55 101
45 56 175
45 57 132
45 58 189
45 59 118
45 60 223
45 61 195
45 62 285
45 63 259
45 64 210
45 65 73
45 66 114
45 67 168
45 68 257
45 69 63
45 70 180
45 71 74
45 72 68
45 73 179
45 74 38
45 75 104
45 76 115
45 77 144
45 78 274
45 79 229
45 80 187
45 81 112
45 82 86
45 83 279
45 84 10
45 85 39
45 86 59
45 87 297
45 88 176
45 89 224
45 90 242
45 91 295
45 92 226
45 93 204
45 94 87
45 95 23
45 96 214
45 97 156
45 98 62
45 99 121
45 100 248
46 47 281
46 48 211
46 49 240
46 50 219
46 51 76
46 52 173
46 53 257
46 54 98
46 55 182
46 56 267
46 57 131
46 58 278
46 59 180
46 60 266
46 61 132
46 62 296
46 63 119
46 64 167
46 65 243
46 66 189
46 67 189
46 68 180
46 69 229
46 70 168
46 71 75
46 72 242
46 73 29
46 74 134
46 75 66
46 76 269
46 77 153
46 78 87
46 79 182
46 80 245
46 81 285
46 82 156
46 83 91
46 84 273
46 85 105
46 86 224
46 87 28
46 88 78
46 89 273
46 90 48
46 91 62
46 92 118
46 93 264
46 94 283
46 95 26
46 96 165
46 97 60
46 98 269
46 99 156
46 100 145
47 48 7
47 49 53
47 50 56
47 51 95
47 52 201
47 53 297
47 54 158
47 55 283
47 56 273
47 57 166
47 58 128
47 59 131
47 60 279
47 61 16
47 62 203
47 63 124
47 64 123
47 65 94
47 66 197
47 67 161
47 68 226
47 69 73
47 70 269
47 71 159
47 72 172
47 73 110
47 74 272
47 75 120
47 76 299
47 77 289
47 78 32
47 79 216
47 80 18
47 81 242
47 82 194
47 83 286
47 84 290
47 85 70
47 86 284
47 87 284
47 88 174
47 89 45
47 90 90
47 91 143
47 92 6
47 93 231
47 94 5
47 95 144
47 96 137
47 97 261
47 98 109
47 99 48
47 100 297
48 49 279
48 50 38
48 51 77
48 52 249
48 53 253
48 54 215
48 55 292
48 56 158
48 57 16
48 58 133
48 59 288
48 60 271
48 61 163
48 62 268
48 63 91
48 64 80
48 65 285
48 66 4
48 67 257
48 68 159
48 69 159
48 70 110
48 71 87
48 72 195
48 73 208
48 74 252
48 75 212
48 76 47
48 77 232
48 78 30
48 79 15
48 80 234
48 81 88
48 82 249
48 83 123
48 84 95
48 85 206
48 86 154
48 87 292
48 88 0
48 89 287
48 90 54
48 91 93
48 92 69
48 93 255
48 94 217
48 95 294
48 96 90
48 97 187
48 98 68
48 99 234
48 100 286
49 50 64
49 51 119
49 52 113
49 53 61
49 54 54
49 55 186
49 56 17
49 57 15
49 58 219
49 59 182
49 60 281
49 61 83
49 62 154
49 63 41
49 64 21
49 65 55
49 66 254
49 67 254
49 68 100
49 69 42
49 70 50
49 71 153
49 72 148
49 73 133
49 74 80
49 75 22
49 76 150
49 77 123
49 78 46
49 79 4
49 80 13
49 81 35
49 82 218
49 83 268
49 84 31
49 85 139
49 86 16
49 87 123
49 88 288
49 89 148
49 90 69
49 91 16
49 92 201
49 93 252
49 94 108
49 95 40
49 96 96
49 97 82
49 98 293
49 99 70
49 100 88
50 51 155
50 52 88
50 53 255
50 54 224
50 55 160
50 56 264
50 57 35
50 58 85
50 59 138
50 60 34
50 61 256
50 62 70
50 63 244
50 64 123
50 65 41
50 66 124
50 67 11
50 68 81
50 69 132
50 70 70
50 71 290
50 72 34
50 73 113
50 74 217
50 75 124
50 76 84
50 77 32
50 78 52
50 79 227
50 80 126
50 81 255
50 82 50
50 83 142
50 84 60
50 85 221
50 86 244
50 87 201
50 88 278
50 89 248
50 90 176
50 91 180
50 92 58
50 93 116
50 94 233
50 95 264
50 96 136
50 97 149
50 98 181
50 99 34
50 100 265
51 52 135
51 53 74
51 54 69
51 55 46
51 56 54
51 57 271
51 58 227
51 59 71
51 60 40
51 61 35
51 62 180
51 63 92
51 64 65
51 65 197
51 66 94
51 67 266
51 68 163
51 69 285
51 70 117
51 71 162
51 72 174
51 73 33
51 74 198
51 75 80
51 76 237
51 77 258
51 78 38
51 79 10
51 80 134
51 81 133
51 82 82
51 83 41
51 84 66
51 85 198
51 86 160
51 87 206
51 88 268
51 89 125
51 90 149
51 91 154
51 92 133
51 93 282
51 94 23
51 95 296
51 96 17
51 97 229
51 98 114
51 99 89
51 100 215
52 53 120
52 54 259
52 55 76
52 56 299
52 57 262
52 58 278
52 59 56
52 60 26
52 61 30
52 62 2
52 63 254
52 64 118
52 65 127
52 66 66
52 67 47
52 68 15
52 69 63
52 70 128
52 71 86
52 72 190
52 73 37
52 74 36
52 75 16
52 76 162
52 77 176
52 78 110
52 79 136
52 80 137
52 81 85
52 82 207
52 83 99
52 84 122
52 85 244
52 86 49
52 87 8
52 88 268
52 89 146
52 90 173
52 91 227
52 92 10
52 93 89
52 94 220
52 95 149
52 96 243
52 97 9
52 98 77
52 99 241
52 100 51
53 54 289
53 55 262
53 56 119
53 57 286
53 58 146
53 59 5
53 60 56
53 61 7
53 62 203
53 63 91
53 64 76
53 65 115
53 66 254
53 67 34
53 68 128
53 69 221
53 70 66
53 71 43
53 72 141
53 73 254
53 74 49
53 75 204
53 76 91
53 77 3
53 78 78
53 79 21
53 80 295
53 81 278
53 82 68
53 83 31
53 84 73
53 85 225
53 86 61
53 87 152
53 88 21
53 89 253
53 90 62
53 91 105
53 92 164
53 93 239
53 94 84
53 95 211
53 96 114
53 97 51
53 98 64
53 99 267
53 100 81
54 55 179
54 56 14
54 57 252
54 58 44
54 59 59
54 60 52
54 61 20
54 62 292
54 63 296
54 64 91
54 65 194
54 66 111
54 67 221
54 68 295
54 69 117
54 70 295
54 71 105
54 72 188
54 73 90
54 74 243
54 75 176
54 76 8
54 77 267
54 78 137
54 79 262
54 80 125
54 81 115
54 82 40
54 83 214
54 84 78
54 85 175
54 86 127
54 87 7
54 88 103
54 89 97
54 90 84
54 91 274
54 92 156
54 93 167
54 94 182
54 95 18
54 96 197
54 97 18
54 98 117
54 99 279
54 100 282
55 56 21
55 57 294
55 58 117
55 59 266
55 60 216
55 61 109
55 62 157
55 63 165
55 64 14
55 65 187
55 66 10
55 67 285
55 68 214
55 69 55
55 70 71
55 71 101
55 72 86
55 73 122
55 74 183
55 75 151
55 76 89
55 77 233
55 78 191
55 79 76
55 80 32
55 81 138
55 82 205
55 83 159
55 84 272
55 85 87
55 86 191
55 87 244
55 88 214
55 89 107
55 90 150
55 91 109
55 92 47
55 93 131
55 94 183
55 95 231
55 96 160
55 97 101
55 98 227
55 99 194
55 100 54
56 57 99
56 58 52
56 59 116
56 60 265
56 61 28
56 62 129
56 63 240
56 64 207
56 65 114
56 66 72
56 67 69
56 68 84
56 69 201
56 70 235
56 71 103
56 72 243
56 73 42
56 74 0
56 75 264
56 76 248
56 77 177
56 78 171
56 79 259
56 80 239
56 81 266
56 82 159
56 83 196
56 84 56
56 85 157
56 86 117
56 87 222
56 88 223
56 89 1
56 90 192
56 91 9
56 92 174
56 93 148
56 94 61
56 95 190
56 96 269
56 97 205
56 98 180
56 99 232
56 100 257
57 58 286
57 59 206
57 60 253
57 61 276
57 62 160
57 63 117
57 64 26
57 65 113
57 66 108
57 67 113
57 68 145
57 69 52
57 70 263
57 71 102
57 72 110
57 73 234
57 74 217
57 75 89
57 76 276
57 77 280
57 78 85
57 79 72
57 80 48
57 81 62
57 82 265
57 83 25
57 84 49
57 85 105
57 86 173
57 87 199
57 88 41
57 89 131
57 90 3
57 91 288
57 92 266
57 93 18
57 94 179
57 95 169
57 96 246
57 97 158
57 98 54
57 99 270
57 100 70
58 59 182
58 60 130
58 61 243
58 62 75
58 63 2
58 64 278
58 65 258
58 66 250
58 67 245
58 68 205
58 69 283
58 70 209
58 71 273
58 72 222
58 73 195
58 74 283
58 75 158
58 76 280
58 77 290
58 78 115
58 79 20
58 80 41
58 81 160
58 82 269
58 83 185
58 84 186
58 85 160
58 86 290
58 87 176
58 88 77
58 89 57
58 90 126
58 91 243
58 92 279
58 93 227
58 94 118
58 95 85
58 96 46
58 97 157
58 98 69
58 99 148
58 100 100
59 60 99
59 61 232
59 62 12
59 63 88
59 64 161
59 65 141
59 66 122
59 67 250
59 68 164
59 69 10
59 70 273
59 71 59
59 72 0
59 73 183
59 74 25
59 75 218
59 76 280
59 77 243
59 78 188
59 79 177
59 80 47
59 81 37
59 82 288
59 83 234
59 84 117
59 85 235
59 86 273
59 87 270
59 88 280
59 89 67
59 90 134
59 91 47
59 92 185
59 93 17
59 94 211
59 95 55
59 96 216
59 97 214
59 98 293
59 99 267
59 100 166
60 61 114
60 62 121
60 63 207
60 64 251
60 65 200
60 66 136
60 67 288
60 68 54
60 69 178
60 70 54
60 71 214
60 72 37
60 73 136
60 74 90
60 75 143
60 76 198
60 77 104
60 78 241
60 79 188
60 80 70
60 81 8
60 82 179
60 83 59
60 84 247
60 85 98
60 86 134
60 87 212
60 88 266
60 89 177
60 90 51
60 91 38
60 92 188
60 93 157
60 94 107
60 95 174
60 96 279
60 97 10
60 98 67
60 99 136
60 100 158
61 62 62
61 63 17
61 64 210
61 65 166
61 66 128
61 67 119
61 68 174
61 69 191
61 70 73
61 71 268
61 72 298
61 73 137
61 74 11
61 75 160
61 76 143
61 77 116
61 78 55
61 79 286
61 80 45
61 81 71
61 82 23
61 83 185
61 84 236
61 85 157
61 86 136
61 87 234
61 88 295
61 89 93
61 90 88
61 91 21
61 92 244
61 93 212
61 94 37
61 95 38
61 96 194
61 97 35
61 98 259
61 99 227
61 100 275
62 63 85
62 64 143
62 65 98
62 66 106
62 67 69
62 68 179
62 69 27
62 70 58
62 71 64
62 72 3
62 73 41
62 74 61
62 75 189
62 76 122
62 77 148
62 78 17
62 79 211
62 80 228
62 81 292
62 82 191
62 83 216
62 84 116
62 85 268
62 86 78
62 87 285
62 88 198
62 89 45
62 90 36
62 91 225
62 92 12
62 93 236
62 94 180
62 95 23
62 96 107
62 97 5
62 98 202
62 99 232
62 100 20
63 64 170
63 65 12
63 66 215
63 67 165
63 68 248
63 69 31
63 70 238
63 71 278
63 72 42
63 73 147
63 74 129
63 75 144
63 76 183
63 77 110
63 78 159
63 79 222
63 80 244
63 81 280
63 82 146
63 83 57
63 84 51
63 85 233
63 86 181
63 87 285
63 88 271
63 89 27
63 90 169
63 91 146
63 92 228
63 93 246
63 94 215
63 95 254
63 96 194
63 97 233
63 98 280
63 99 54
63 100 205
64 65 234
64 66 26
64 67 264
64 68 9
64 69 119
64 70 147
64 71 168
64 72 179
64 73 206
64 74 228
64 75 284
64 76 12
64 77 117
64 78 1
64 79 135
64 80 180
64 81 58
64 82 145
64 83 112
64 84 232
64 85 103
64 86 189
64 87 57
64 88 82
64 89 151
64 90 71
64 91 247
64 92 85
64 93 165
64 94 278
64 95 282
64 96 130
64 97 244
64 98 120
64 99 193
64 100 30
65 66 275
65 67 186
65 68 81
65 69 25
65 70 165
65 71 292
65 72 116
65 73 100
65 74 211
65 75 109
65 76 159
65 77 15
65 78 232
65 79 279
65 80 105
65 81 209
65 82 133
65 83 40
65 84 151
65 85 195
65 86 153
65 87 221
65 88 180
65 89 198
65 90 20
65 91 103
65 92 273
65 93 48
65 94 107
65 95 174
65 96 196
65 97 73
65 98 20
65 99 252
65 100 14
66 67 3
66 68 14
66 69 263
66 70 263
66 71 110
66 72 153
66 73 185
66 74 239
66 75 149
66 76 112
66 77 226
66 78 290
66 79 63
66 80 88
66 81 171
66 82 36
66 83 194
66 84 267
66 85 212
66 86 115
66 87 186
66 88 62
66 89 268
66 90 53
66 91 185
66 92 235
66 93 51
66 94 102
66 95 44
66 96 80
66 97 54
66 98 240
66 99 105
66 100 296
67 68 11
67 69 265
67 70 258
67 71 220
67 72 28
67 73 35
67 74 262
67 75 94
67 76 180
67 77 252
67 78 109
67 79 78
67 80 199
67 81 144
67 82 216
67 83 268
67 84 50
67 85 298
67 86 231
67 87 21
67 88 115
67 89 41
67 90 13
67 91 194
67 92 226
67 93 65
67 94 85
67 95 139
67 96 130
67 97 151
67 98 108
67 99 79
67 100 144
68 69 148
68 70 94
68 71 110
68 72 233
68 73 94
68 74 212
68 75 171
68 76 238
68 77 241
68 78 175
68 79 37
68 80 240
68 81 170
68 82 234
68 83 81
68 84 214
68 85 42
68 86 284
68 87 97
68 88 54
68 89 107
68 90 217
68 91 201
68 92 198
68 93 0
68 94 197
68 95 22
68 96 140
68 97 117
68 98 146
68 99 65
68 100 56
69 70 150
69 71 91
69 72 88
69 73 11
69 74 245
69 75 257
69 76 115
69 77 18
69 78 53
69 79 284
69 80 204
69 81 117
69 82 85
69 83 201
69 84 126
69 85 121
69 86 156
69 87 240
69 88 220
69 89 15
69 90 67
69 91 190
69 92 192
69 93 120
69 94 299
69 95 14
69 96 56
69 97 39
69 98 246
69 99 288
69 100 142
70 71 99
70 72 295
70 73 90
70 74 274
70 75 90
70 76 216
70 77 97
70 78 150
70 79 234
70 80 218
70 81 52
70 82 124
70 83 108
70 84 242
70 85 36
70 86 91
70 87 259
70 88 113
70 89 132
70 90 120
70 91 73
70 92 124
70 93 97
70 94 238
70 95 116
70 96 252
70 97 125
70 98 208
70 99 75
70 100 165
71 72 61
71 73 212
71 74 191
71 75 130
71 76 10
71 77 214
71 78 295
71 79 203
71 80 155
71 81 287
71 82 190
71 83 99
71 84 144
71 85 103
71 86 163
71 87 279
71 88 259
71 89 292
71 90 128
71 91 49
71 92 110
71 93 202
71 94 207
71 95 234
71 96 203
71 97 16
71 98 241
71 99 29
71 100 42
72 73 288
72 74 78
72 75 90
72 76 81
72 77 143
72 78 243
72 79 209
72 80 76
72 81 30
72 82 269
72 83 158
72 84 178
72 85 110
72 86 228
72 87 73
72 88 26
72 89 33
72 90 143
72 91 76
72 92 70
72 93 231
72 94 79
72 95 61
72 96 228
72 97 92
72 98 50
72 99 295
72 100 10
73 74 75
73 75 29
73 76 123
73 77 58
73 78 180
73 79 79
73 80 78
73 81 132
73 82 74
73 83 242
73 84 15
73 85 160
73 86 244
73 87 142
73 88 296
73 89 245
73 90 47
73 91 35
73 92 102
73 93 83
73 94 13
73 95 225
73 96 249
73 97 257
73 98 112
73 99 107
73 100 158
74 75 197
74 76 267
74 77 95
74 78 280
74 79 106
74 80 20
74 81 7
74 82 65
74 83 162
74 84 14
74 85 173
74 86 159
74 87 107
74 88 197
74 89 145
74 90 116
74 91 266
74 92 10
74 93 297
74 94 279
74 95 67
74 96 82
74 97 96
74 98 255
74 99 37
74 100 67
75 76 132
75 77 157
75 78 143
75 79 105
75 80 81
75 81 21
75 82 79
75 83 225
75 84 106
75 85 186
75 86 170
75 87 85
75 88 188
75 89 277
75 90 170
75 91 192
75 92 216
75 93 87
75 94 194
75 95 107
75 96 95
75 97 172
75 98 210
75 99 292
75 100 262
76 77 46
76 78 118
76 79 66
76 80 137
76 81 6
76 82 153
76 83 23
76 84 270
76 85 201
76 86 277
76 87 272
76 88 238
76 89 215
76 90 59
76 91 48
76 92 259
76 93 145
76 94 150
76 95 271
76 96 55
76 97 203
76 98 122
76 99 24
76 100 199
77 78 184
77 79 125
77 80 11
77 81 274
77 82 292
77 83 208
77 84 263
77 85 174
77 86 122
77 87 152
77 88 174
77 89 171
77 90 62
77 91 134
77 92 108
77 93 177
77 94 111
77 95 248
77 96 245
77 97 234
77 98 78
77 99 233
77 100 294
78 79 14
78 80 74
78 81 31
78 82 14
78 83 153
78 84 46
78 85 129
78 86 43
78 87 51
78 88 91
78 89 69
78 90 25
78 91 241
78 92 98
78 93 22
78 94 96
78 95 92
78 96 147
78 97 244
78 98 76
78 99 68
78 100 27
79 80 283
79 81 152
79 82 266
79 83 20
79 84 100
79 85 3
79 86 52
79 87 187
79 88 194
79 89 14
79 90 107
79 91 147
79 92 117
79 93 70
79 94 288
79 95 201
79 96 298
79 97 77
79 98 107
79 99 255
79 100 136
80 81 183
80 82 178
80 83 284
80 84 234
80 85 37
80 86 119
80 87 233
80 88 66
80 89 292
80 90 227
80 91 178
80 92 167
80 93 296
80 94 28
80 95 204
80 96 6
80 97 11
80 98 120
80 99 48
80 100 98
81 82 53
81 83 295
81 84 263
81 85 223
81 86 292
81 87 199
81 88 76
81 89 12
81 90 6
81 91 260
81 92 293
81 93 2
81 94 132
81 95 44
81 96 134
81 97 281
81 98 178
81 99 276
81 100 157
82 83 91
82 84 129
82 85 293
82 86 99
82 87 73
82 88 272
82 89 127
82 90 197
82 91 93
82 92 91
82 93 148
82 94 82
82 95 128
82 96 169
82 97 76
82 98 136
82 99 228
82 100 169
83 84 81
83 85 41
83 86 219
83 87 0
83 88 89
83 89 121
83 90 267
83 91 36
83 92 191
83 93 225
83 94 282
83 95 138
83 96 74
83 97 118
83 98 220
83 99 105
83 100 289
84 85 246
84 86 244
84 87 6
84 88 31
84 89 284
84 90 104
84 91 144
84 92 259
84 93 85
84 94 97
84 95 39
84 96 260
84 97 58
84 98 284
84 99 202
84 100 217
85 86 148
85 87 33
85 88 159
85 89 200
85 90 36
85 91 172
85 92 11
85 93 145
85 94 43
85 95 298
85 96 28
85 97 140
85 98 109
85 99 256
85 100 33
86 87 95
86 88 263
86 89 141
86 90 222
86 91 245
86 92 264
86 93 151
86 94 62
86 95 114
86 96 245
86 97 215
86 98 33
86 99 38
86 100 34
87 88 108
87 89 199
87 90 9
87 91 88
87 92 179
87 93 235
87 94 246
87 95 76
87 96 206
87 97 270
87 98 164
87 99 60
87 100 144
88 89 98
88 90 3
88 91 177
88 92 179
88 93 164
88 94 94
88 95 101
88 96 50
88 97 206
88 98 10
88 99 153
88 100 226
89 90 245
89 91 57
89 92 100
89 93 3
89 94 162
89 95 230
89 96 260
89 97 146
89 98 68
89 99 189
89 100 287
90 91 185
90 92 223
90 93 105
90 94 217
90 95 36
90 96 145
90 97 136
90 98 175
90 99 276
90 100 131
91 92 269
91 93 141
91 94 190
91 95 137
91 96 42
91 97 26
91 98 152
91 99 4
91 100 222
92 93 231
92 94 82
92 95 228
92 96 5
92 97 31
92 98 30
92 99 278
92 100 263
93 94 250
93 95 15
93 96 266
93 97 34
93 98 143
93 99 226
93 100 221
94 95 191
94 96 22
94 97 214
94 98 149
94 99 56
94 100 284
95 96 12
95 97 214
95 98 260
95 99 178
95 100 164
96 97 259
96 98 64
96 99 283
96 100 128
97 98 71
97 99 84
97 100 29
98 99 160
98 100 12
99 100 36
