100 4950
1 2 93
1 3 110
1 4 245
1 5 19
1 6 159
1 7 22
1 8 162
1 9 97
1 10 266
1 11 167
1 12 271
1 13 231
1 14 295
1 15 265
1 16 203
1 17 201
1 18 260
1 19 194
1 20 53
1 21 291
1 22 55
1 23 188
1 24 196
1 25 220
1 26 268
1 27 212
1 28 273
1 29 183
1 30 267
1 31 221
1 32 100
1 33 246
1 34 233
1 35 291
1 36 114
1 37 191
1 38 124
1 39 159
1 40 32
1 41 63
1 42 266
1 43 215
1 44 106
1 45 44
1 46 277
1 47 195
1 48 85
1 49 169
1 50 88
1 51 122
1 52 126
1 53 107
1 54 102
1 55 246
1 56 183
1 57 52
1 58 247
1 59 112
1 60 67
1 61 198
1 62 218
1 63 198
1 64 9
1 65 277
1 66 215
1 67 244
1 68 28
1 69 153
1 70 46
1 71 4
1 72 249
1 73 125
1 74 243
1 75 228
1 76 44
1 77 259
1 78 77
1 79 281
1 80 73
1 81 99
1 82 251
1 83 29
1 84 284
1 85 166
1 86 51
1 87 241
1 88 80
1 89 63
1 90 5
1 91 299
1 92 39
1 93 227
1 94 182
1 95 127
1 96 107
1 97 246
1 98 94
1 99 275
1 100 22
2 3 229
2 4 116
2 5 18
2 6 230
2 7 110
2 8 85
2 9 236
2 10 29
2 11 294
2 12 212
2 13 105
2 14 227
2 15 0
2 16 233
2 17 152
2 18 281
2 19 213
2 20 151
2 21 104
2 22 3
2 23 285
2 24 260
2 25 164
2 26 152
2 27 170
2 28 81
2 29 70
2 30 231
2 31 131
2 32 240
2 33 4
2 34 109
2 35 93
2 36 14
2 37 191
2 38 42
2 39 68
2 40 244
2 41 263
2 42 82
2 43 55
2 44 4
2 45 50
2 46 217
2 47 109
2 48 58
2 49 72
2 50 173
2 51 35
2 52 218
2 53 233
2 54 286
2 55 154
2 56 115
2 57 218
2 58 3
2 59 57
2 60 14
2 61 35
2 62 162
2 63 158
2 64 34
2 65 167
2 66 31
2 67 248
2 68 282
2 69 297
2 70 45
2 71 11
2 72 260
2 73 175
2 74 52
2 75 289
2 76 162
2 77 99
2 78 175
2 79 50
2 80 239
2 81 93
2 82 267
2 83 228
2 84 219
2 85 213
2 86 182
2 87 18
2 88 63
2 89 74
2 90 259
2 91 78
2 92 9
2 93 81
2 94 87
2 95 125
2 96 173
2 97 139
2 98 56
2 99 272
2 100 175
3 4 88
3 5 162
3 6 270
3 7 124
3 8 128
3 9 22
3 10 298
3 11 135
3 12 47
3 13 56
3 14 21
3 15 296
3 16 290
3 17 149
3 18 123
3 19 20
3 20 33
3 21 207
3 22 9
3 23 178
3 24 172
3 25 33
3 26 281
3 27 34
3 28 281
3 29 148
3 30 159
3 31 32
3 32 272
3 33 253
3 34 22
3 35 119
3 36 92
3 37 289
3 38 225
3 39 147
3 40 115
3 41 165
3 42 29
3 43 14
3 44 265
3 45 131
3 46 212
3 47 209
3 48 198
3 49 206
3 50 194
3 51 299
3 52 97
3 53 271
3 54 9
3 55 125
3 56 57
3 57 166
3 58 46
3 59 240
3 60 90
3 61 43
3 62 47
3 63 224
3 64 68
3 65 241
3 66 236
3 67 235
3 68 160
3 69 242
3 70 299
3 71 177
3 72 95
3 73 159
3 74 0
3 75 200
3 76 259
3 77 170
3 78 53
3 79 109
3 80 146
3 81 20
3 82 247
3 83 255
3 84 222
3 85 179
3 86 192
3 87 143
3 88 257
3 89 44
3 90 55
3 91 23
3 92 172
3 93 91
3 94 277
3 95 286
3 96 212
3 97 181
3 98 264
3 99 81
3 100 13
4 5 48
4 6 28
4 7 200
4 8 196
4 9 275
4 10 128
4 11 13
4 12 139
4 13 118
4 14 210
4 15 8
4 16 118
4 17 81
4 18 130
4 19 237
4 20 141
4 21 285
4 22 68
4 23 131
4 24 190
4 25 89
4 26 36
4 27 115
4 28 56
4 29 126
4 30 30
4 31 145
4 32 32
4 33 102
4 34 291
4 35 123
4 36 84
4 37 291
4 38 188
4 39 135
4 40 6
4 41 177
4 42 289
4 43 135
4 44 297
4 45 149
4 46 216
4 47 112
4 48 103
4 49 21
4 50 172
4 51 128
4 52 42
4 53 299
4 54 125
4 55 63
4 56 251
4 57 149
4 58 272
4 59 111
4 60 33
4 61 144
4 62 223
4 63 2
4 64 248
4 65 2
4 66 194
4 67 189
4 68 244
4 69 1
4 70 17
4 71 282
4 72 278
4 73 250
4 74 216
4 75 184
4 76 221
4 77 155
4 78 237
4 79 5
4 80 222
4 81 246
4 82 139
4 83 171
4 84 288
4 85 289
4 86 143
4 87 193
4 88 218
4 89 254
4 90 15
4 91 224
4 92 86
4 93 237
4 94 56
4 95 43
4 96 220
4 97 246
4 98 101
4 99 224
4 100 120
5 6 33
5 7 253
5 8 147
5 9 227
5 10 199
5 11 113
5 12 179
5 13 187
5 14 25
5 15 176
5 16 0
5 17 33
5 18 121
5 19 127
5 20 274
5 21 237
5 22 234
5 23 267
5 24 136
5 25 12
5 26 135
5 27 3
5 28 63
5 29 209
5 30 280
5 31 195
5 32 31
5 33 207
5 34 185
5 35 92
5 36 134
5 37 230
5 38 235
5 39 136
5 40 138
5 41 50
5 42 140
5 43 92
5 44 48
5 45 28
5 46 96
5 47 221
5 48 69
5 49 39
5 50 82
5 51 173
5 52 258
5 53 47
5 54 37
5 55 108
5 56 268
5 57 146
5 58 186
5 59 233
5 60 43
5 61 251
5 62 286
5 63 199
5 64 217
5 65 79
5 66 177
5 67 176
5 68 154
5 69 180
5 70 7
5 71 10
5 72 151
5 73 285
5 74 180
5 75 287
5 76 7
5 77 288
5 78 223
5 79 177
5 80 217
5 81 59
5 82 97
5 83 272
5 84 159
5 85 284
5 86 217
5 87 108
5 88 142
5 89 285
5 90 205
5 91 15
5 92 211
5 93 25
5 94 227
5 95 222
5 96 59
5 97 17
5 98 103
5 99 99
5 100 67
6 7 142
6 8 197
6 9 40
6 10 185
6 11 178
6 12 87
6 13 288
6 14 177
6 15 71
6 16 292
6 17 249
6 18 17
6 19 27
6 20 248
6 21 214
6 22 246
6 23 173
6 24 35
6 25 65
6 26 222
6 27 288
6 28 166
6 29 104
6 30 72
6 31 197
6 32 67
6 33 116
6 34 295
6 35 123
6 36 226
6 37 150
6 38 43
6 39 87
6 40 22
6 41 99
6 42 137
6 43 220
6 44 139
6 45 137
6 46 221
6 47 295
6 48 56
6 49 179
6 50 217
6 51 118
6 52 213
6 53 191
6 54 259
6 55 55
6 56 265
6 57 288
6 58 285
6 59 21
6 60 81
6 61 202
6 62 107
6 63 164
6 64 92
6 65 216
6 66 142
6 67 14
6 68 95
6 69 24
6 70 37
6 71 95
6 72 29
6 73 51
6 74 219
6 75 10
6 76 243
6 77 77
6 78 256
6 79 83
6 80 179
6 81 138
6 82 269
6 83 56
6 84 279
6 85 40
6 86 176
6 87 108
6 88 295
6 89 15
6 90 6
6 91 41
6 92 48
6 93 49
6 94 104
6 95 1
6 96 106
6 97 220
6 98 109
6 99 54
6 100 35
7 8 79
7 9 268
7 10 116
7 11 156
7 12 40
7 13 47
7 14 182
7 15 296
7 16 203
7 17 79
7 18 84
7 19 21
7 20 127
7 21 137
7 22 86
7 23 283
7 24 85
7 25 180
7 26 161
7 27 233
7 28 93
7 29 194
7 30 59
7 31 230
7 32 257
7 33 111
7 34 291
7 35 154
7 36 176
7 37 54
7 38 242
7 39 128
7 40 35
7 41 286
7 42 191
7 43 124
7 44 254
7 45 266
7 46 8
7 47 241
7 48 282
7 49 109
7 50 128
7 51 258
7 52 101
7 53 240
7 54 126
7 55 50
7 56 260
7 57 161
7 58 32
7 59 295
7 60 36
7 61 7
7 62 97
7 63 111
7 64 19
7 65 176
7 66 103
7 67 9
7 68 117
7 69 232
7 70 94
7 71 170
7 72 56
7 73 138
7 74 250
7 75 212
7 76 194
7 77 296
7 78 22
7 79 298
7 80 298
7 81 280
7 82 126
7 83 163
7 84 109
7 85 242
7 86 155
7 87 262
7 88 4
7 89 209
7 90 79
7 91 147
7 92 62
7 93 206
7 94 13
7 95 267
7 96 67
7 97 218
7 98 85
7 99 18
7 100 18
8 9 88
8 10 27
8 11 133
8 12 238
8 13 265
8 14 185
8 15 169
8 16 80
8 17 244
8 18 244
8 19 101
8 20 212
8 21 24
8 22 109
8 23 98
8 24 264
8 25 97
8 26 299
8 27 61
8 28 84
8 29 129
8 30 298
8 31 45
8 32 125
8 33 55
8 34 224
8 35 89
8 36 45
8 37 76
8 38 200
8 39 191
8 40 226
8 41 74
8 42 28
8 43 267
8 44 113
8 45 128
8 46 220
8 47 134
8 48 135
8 49 24
8 50 245
8 51 159
8 52 181
8 53 152
8 54 112
8 55 169
8 56 74
8 57 199
8 58 91
8 59 227
8 60 86
8 61 13
8 62 109
8 63 229
8 64 81
8 65 170
8 66 235
8 67 193
8 68 28
8 69 295
8 70 134
8 71 158
8 72 122
8 73 17
8 74 224
8 75 27
8 76 224
8 77 247
8 78 168
8 79 131
8 80 56
8 81 109
8 82 138
8 83 167
8 84 78
8 85 59
8 86 190
8 87 256
8 88 55
8 89 168
8 90 139
8 91 100
8 92 62
8 93 144
8 94 126
8 95 122
8 96 6
8 97 142
8 98 75
8 99 58
8 100 292
9 10 261
9 11 276
9 12 298
9 13 144
9 14 58
9 15 276
9 16 258
9 17 70
9 18 163
9 19 119
9 20 55
9 21 65
9 22 294
9 23 231
9 24 269
9 25 113
9 26 208
9 27 36
9 28 41
9 29 124
9 30 239
9 31 31
9 32 103
9 33 247
9 34 98
9 35 278
9 36 237
9 37 219
9 38 182
9 39 148
9 40 214
9 41 118
9 42 83
9 43 265
9 44 141
9 45 279
9 46 105
9 47 49
9 48 72
9 49 179
9 50 151
9 51 186
9 52 64
9 53 190
9 54 274
9 55 242
9 56 203
9 57 284
9 58 198
9 59 234
9 60 98
9 61 102
9 62 240
9 63 282
9 64 24
9 65 20
9 66 147
9 67 108
9 68 182
9 69 277
9 70 286
9 71 114
9 72 44
9 73 43
9 74 273
9 75 151
9 76 50
9 77 65
9 78 95
9 79 23
9 80 139
9 81 257
9 82 87
9 83 163
9 84 176
9 85 152
9 86 83
9 87 73
9 88 278
9 89 244
9 90 32
9 91 42
9 92 177
9 93 176
9 94 142
9 95 136
9 96 297
9 97 28
9 98 173
9 99 35
9 100 49
10 11 234
10 12 112
10 13 243
10 14 191
10 15 298
10 16 264
10 17 293
10 18 177
10 19 254
10 20 255
10 21 83
10 22 218
10 23 81
10 24 237
10 25 70
10 26 267
10 27 217
10 28 103
10 29 289
10 30 63
10 31 290
10 32 76
10 33 255
10 34 64
10 35 5
10 36 131
10 37 75
10 38 5
10 39 298
10 40 34
10 41 34
10 42 267
10 43 240
10 44 55
10 45 194
10 46 74
10 47 276
10 48 15
10 49 20
10 50 269
10 51 74
10 52 154
10 53 89
10 54 180
10 55 72
10 56 182
10 57 145
10 58 16
10 59 195
10 60 38
10 61 159
10 62 264
10 63 199
10 64 222
10 65 65
10 66 270
10 67 147
10 68 274
10 69 245
10 70 248
10 71 144
10 72 31
10 73 196
10 74 139
10 75 219
10 76 46
10 77 169
10 78 132
10 79 181
10 80 91
10 81 248
10 82 144
10 83 8
10 84 72
10 85 261
10 86 172
10 87 108
10 88 185
10 89 150
10 90 268
10 91 281
10 92 143
10 93 56
10 94 201
10 95 68
10 96 83
10 97 224
10 98 193
10 99 298
10 100 158
11 12 220
11 13 190
11 14 272
11 15 224
11 16 141
11 17 297
11 18 59
11 19 8
11 20 210
11 21 138
11 22 61
11 23 177
11 24 159
11 25 294
11 26 219
11 27 56
11 28 152
11 29 223
11 30 63
11 31 243
11 32 203
11 33 86
11 34 231
11 35 284
11 36 162
11 37 170
11 38 177
11 39 265
11 40 122
11 41 104
11 42 130
11 43 169
11 44 197
11 45 251
11 46 223
11 47 88
11 48 221
11 49 110
11 50 179
11 51 19
11 52 245
11 53 128
11 54 129
11 55 90
11 56 71
11 57 286
11 58 119
11 59 40
11 60 250
11 61 70
11 62 40
11 63 85
11 64 92
11 65 36
11 66 170
11 67 2
11 68 227
11 69 46
11 70 72
11 71 181
11 72 50
11 73 118
11 74 63
11 75 167
11 76 233
11 77 31
11 78 141
11 79 155
11 80 94
11 81 165
11 82 264
11 83 147
11 84 242
11 85 297
11 86 57
11 87 264
11 88 73
11 89 119
11 90 1
11 91 271
11 92 277
11 93 207
11 94 158
11 95 185
11 96 266
11 97 12
11 98 100
11 99 45
11 100 271
12 13 165
12 14 292
12 15 152
12 16 224
12 17 168
12 18 2
12 19 182
12 20 23
12 21 44
12 22 14
12 23 62
12 24 202
12 25 97
12 26 285
12 27 58
12 28 232
12 29 134
12 30 291
12 31 49
12 32 154
12 33 14
12 34 209
12 35 95
12 36 164
12 37 181
12 38 84
12 39 114
12 40 269
12 41 232
12 42 250
12 43 215
12 44 65
12 45 251
12 46 51
12 47 71
12 48 73
12 49 19
12 50 16
12 51 70
12 52 162
12 53 164
12 54 21
12 55 156
12 56 88
12 57 226
12 58 9
12 59 203
12 60 226
12 61 281
12 62 231
12 63 276
12 64 205
12 65 129
12 66 132
12 67 223
12 68 298
12 69 46
12 70 238
12 71 4
12 72 38
12 73 58
12 74 63
12 75 222
12 76 164
12 77 108
12 78 3
12 79 58
12 80 97
12 81 140
12 82 27
12 83 15
12 84 7
12 85 240
12 86 224
12 87 239
12 88 162
12 89 50
12 90 6
12 91 187
12 92 145
12 93 90
12 94 53
12 95 294
12 96 267
12 97 79
12 98 192
12 99 291
12 100 167
13 14 140
13 15 162
13 16 72
13 17 205
13 18 225
13 19 50
13 20 153
13 21 77
13 22 227
13 23 4
13 24 138
13 25 266
13 26 239
13 27 61
13 28 163
13 29 159
13 30 71
13 31 117
13 32 219
13 33 103
13 34 142
13 35 245
13 36 30
13 37 57
13 38 2
13 39 271
13 40 175
13 41 222
13 42 135
13 43 111
13 44 48
13 45 197
13 46 134
13 47 170
13 48 5
13 49 136
13 50 142
13 51 18
13 52 104
13 53 78
13 54 173
13 55 66
13 56 2
13 57 34
13 58 102
13 59 6
13 60 263
13 61 107
13 62 95
13 63 254
13 64 150
13 65 8
13 66 6
13 67 155
13 68 233
13 69 107
13 70 290
13 71 280
13 72 18
13 73 45
13 74 271
13 75 190
13 76 156
13 77 183
13 78 10
13 79 292
13 80 299
13 81 269
13 82 273
13 83 132
13 84 181
13 85 51
13 86 86
13 87 164
13 88 8
13 89 165
13 90 169
13 91 238
13 92 55
13 93 103
13 94 26
13 95 74
13 96 234
13 97 128
13 98 30
13 99 1
13 100 174
14 15 93
14 16 241
14 17 290
14 18 149
14 19 137
14 20 256
14 21 142
14 22 248
14 23 237
14 24 84
14 25 76
14 26 22
14 27 117
14 28 20
14 29 138
14 30 56
14 31 69
14 32 0
14 33 152
14 34 209
14 35 166
14 36 71
14 37 133
14 38 213
14 39 131
14 40 23
14 41 254
14 42 213
14 43 261
14 44 31
14 45 210
14 46 60
14 47 143
14 48 77
14 49 268
14 50 134
14 51 82
14 52 14
14 53 265
14 54 237
14 55 23
14 56 132
14 57 27
14 58 86
14 59 136
14 60 105
14 61 22
14 62 275
14 63 283
14 64 75
14 65 279
14 66 146
14 67 33
14 68 22
14 69 189
14 70 193
14 71 289
14 72 30
14 73 100
14 74 76
14 75 76
14 76 276
14 77 70
14 78 275
14 79 272
14 80 179
14 81 252
14 82 24
14 83 196
14 84 161
14 85 3
14 86 258
14 87 76
14 88 198
14 89 266
14 90 152
14 91 245
14 92 236
14 93 236
14 94 271
14 95 151
14 96 115
14 97 186
14 98 158
14 99 26
14 100 66
15 16 215
15 17 80
15 18 201
15 19 217
15 20 296
15 21 119
15 22 292
15 23 85
15 24 35
15 25 218
15 26 28
15 27 66
15 28 186
15 29 26
15 30 20
15 31 145
15 32 185
15 33 49
15 34 157
15 35 24
15 36 193
15 37 194
15 38 283
15 39 119
15 40 247
15 41 157
15 42 231
15 43 225
15 44 201
15 45 3
15 46 180
15 47 75
15 48 253
15 49 89
15 50 266
15 51 95
15 52 283
15 53 0
15 54 109
15 55 255
15 56 237
15 57 273
15 58 8
15 59 8
15 60 21
15 61 159
15 62 177
15 63 255
15 64 22
15 65 5
15 66 41
15 67 189
15 68 12
15 69 154
15 70 236
15 71 62
15 72 150
15 73 261
15 74 56
15 75 156
15 76 96
15 77 107
15 78 226
15 79 234
15 80 0
15 81 267
15 82 104
15 83 39
15 84 68
15 85 282
15 86 293
15 87 52
15 88 222
15 89 153
15 90 234
15 91 98
15 92 46
15 93 71
15 94 177
15 95 197
15 96 254
15 97 240
15 98 145
15 99 16
15 100 75
16 17 97
16 18 270
16 19 47
16 20 15
16 21 191
16 22 176
16 23 291
16 24 120
16 25 5
16 26 9
16 27 173
16 28 132
16 29 165
16 30 167
16 31 147
16 32 113
16 33 209
16 34 257
16 35 27
16 36 255
16 37 119
16 38 16
16 39 130
16 40 23
16 41 20
16 42 99
16 43 293
16 44 93
16 45 203
16 46 265
16 47 294
16 48 51
16 49 257
16 50 113
16 51 268
16 52 266
16 53 84
16 54 55
16 55 85
16 56 47
16 57 124
16 58 299
16 59 263
16 60 69
16 61 178
16 62 280
16 63 112
16 64 224
16 65 242
16 66 236
16 67 151
16 68 210
16 69 239
16 70 283
16 71 204
16 72 0
16 73 80
16 74 10
16 75 170
16 76 297
16 77 253
16 78 39
16 79 192
16 80 134
16 81 91
16 82 61
16 83 176
16 84 118
16 85 102
16 86 16
16 87 102
16 88 258
16 89 171
16 90 50
16 91 194
16 92 119
16 93 83
16 94 105
16 95 228
16 96 29
16 97 213
16 98 56
16 99 127
16 100 208
17 18 122
17 19 141
17 20 45
17 21 244
17 22 32
17 23 51
17 24 11
17 25 173
17 26 259
17 27 205
17 28 247
17 29 168
17 30 197
17 31 148
17 32 70
17 33 215
17 34 72
17 35 175
17 36 279
17 37 246
17 38 260
17 39 260
17 40 204
17 41 223
17 42 210
17 43 218
17 44 103
17 45 227
17 46 236
17 47 36
17 48 230
17 49 286
17 50 222
17 51 14
17 52 244
17 53 159
17 54 245
17 55 296
17 56 186
17 57 7
17 58 116
17 59 41
17 60 6
17 61 65
17 62 69
17 63 5
17 64 196
17 65 272
17 66 83
17 67 20
17 68 56
17 69 181
17 70 118
17 71 116
17 72 175
17 73 93
17 74 292
17 75 201
17 76 17
17 77 178
17 78 77
17 79 143
17 80 6
17 81 268
17 82 105
17 83 121
17 84 122
17 85 245
17 86 137
17 87 4
17 88 104
17 89 209
17 90 218
17 91 258
17 92 241
17 93 174
17 94 194
17 95 128
17 96 283
17 97 4
17 98 172
17 99 77
17 100 57
18 19 128
18 20 203
18 21 236
18 22 159
18 23 282
18 24 144
18 25 108
18 26 254
18 27 186
18 28 18
18 29 97
18 30 30
18 31 99
18 32 143
18 33 139
18 34 92
18 35 277
18 36 51
18 37 280
18 38 171
18 39 103
18 40 7
18 41 220
18 42 201
18 43 13
18 44 271
18 45 290
18 46 228
18 47 69
18 48 134
18 49 59
18 50 279
18 51 289
18 52 295
18 53 6
18 54 21
18 55 188
18 56 208
18 57 190
18 58 164
18 59 281
18 60 166
18 61 133
18 62 294
18 63 141
18 64 143
18 65 245
18 66 209
18 67 225
18 68 29
18 69 231
18 70 187
18 71 186
18 72 149
18 73 5
18 74 234
18 75 37
18 76 279
18 77 174
18 78 230
18 79 149
18 80 124
18 81 115
18 82 175
18 83 212
18 84 299
18 85 193
18 86 236
18 87 211
18 88 240
18 89 41
18 90 98
18 91 219
18 92 62
18 93 123
18 94 214
18 95 35
18 96 164
18 97 43
18 98 87
18 99 1
18 100 26
19 20 193
19 21 188
19 22 28
19 23 215
19 24 221
19 25 205
19 26 262
19 27 94
19 28 16
19 29 70
19 30 11
19 31 3
19 32 47
19 33 287
19 34 16
19 35 122
19 36 250
19 37 237
19 38 46
19 39 9
19 40 70
19 41 99
19 42 76
19 43 10
19 44 23
19 45 19
19 46 224
19 47 232
19 48 226
19 49 238
19 50 74
19 51 128
19 52 222
19 53 249
19 54 124
19 55 141
19 56 43
19 57 220
19 58 217
19 59 249
19 60 88
19 61 201
19 62 8
19 63 141
19 64 196
19 65 158
19 66 145
19 67 21
19 68 55
19 69 201
19 70 23
19 71 128
19 72 234
19 73 95
19 74 207
19 75 155
19 76 29
19 77 132
19 78 93
19 79 277
19 80 205
19 81 48
19 82 104
19 83 35
19 84 176
19 85 234
19 86 21
19 87 176
19 88 282
19 89 126
19 90 148
19 91 141
19 92 289
19 93 37
19 94 296
19 95 217
19 96 295
19 97 194
19 98 163
19 99 102
19 100 278
20 21 170
20 22 51
20 23 62
20 24 60
20 25 159
20 26 60
20 27 195
20 28 160
20 29 70
20 30 249
20 31 252
20 32 253
20 33 18
20 34 208
20 35 188
20 36 274
20 37 249
20 38 70
20 39 245
20 40 176
20 41 126
20 42 159
20 43 291
20 44 24
20 45 160
20 46 214
20 47 261
20 48 297
20 49 81
20 50 193
20 51 191
20 52 98
20 53 291
20 54 100
20 55 285
20 56 156
20 57 291
20 58 2
20 59 67
20 60 207
20 61 41
20 62 179
20 63 182
20 64 34
20 65 151
20 66 150
20 67 232
20 68 138
20 69 22
20 70 164
20 71 60
20 72 135
20 73 284
20 74 23
20 75 131
20 76 186
20 77 154
20 78 64
20 79 205
20 80 8
20 81 143
20 82 222
20 83 282
20 84 252
20 85 203
20 86 42
20 87 71
20 88 194
20 89 207
20 90 296
20 91 4
20 92 118
20 93 94
20 94 36
20 95 253
20 96 277
20 97 256
20 98 259
20 99 111
20 100 44
21 22 225
21 23 30
21 24 140
21 25 226
21 26 78
21 27 79
21 28 150
21 29 208
21 30 106
21 31 82
21 32 62
21 33 164
21 34 236
21 35 8
21 36 29
21 37 13
21 38 177
21 39 106
21 40 275
21 41 261
21 42 207
21 43 56
21 44 238
21 45 268
21 46 129
21 47 127
21 48 2
21 49 107
21 50 89
21 51 241
21 52 296
21 53 225
21 54 32
21 55 243
21 56 70
21 57 1
21 58 52
21 59 55
21 60 135
21 61 273
21 62 290
21 63 128
21 64 106
21 65 28
21 66 270
21 67 237
21 68 206
21 69 199
21 70 2
21 71 39
21 72 165
21 73 23
21 74 3
21 75 14
21 76 0
21 77 261
21 78 219
21 79 192
21 80 203
21 81 109
21 82 153
21 83 262
21 84 61
21 85 246
21 86 292
21 87 204
21 88 251
21 89 117
21 90 182
21 91 187
21 92 186
21 93 218
21 94 297
21 95 254
21 96 278
21 97 285
21 98 169
21 99 113
21 100 107
22 23 40
22 24 170
22 25 5
22 26 227
22 27 161
22 28 243
22 29 127
22 30 193
22 31 244
22 32 58
22 33 267
22 34 91
22 35 200
22 36 137
22 37 144
22 38 200
22 39 48
22 40 264
22 41 58
22 42 92
22 43 83
22 44 26
22 45 195
22 46 217
22 47 184
22 48 13
22 49 3
22 50 297
22 51 180
22 52 93
22 53 224
22 54 178
22 55 175
22 56 250
22 57 106
22 58 218
22 59 261
22 60 207
22 61 87
22 62 17
22 63 214
22 64 260
22 65 9
22 66 216
22 67 260
22 68 283
22 69 141
22 70 268
22 71 122
22 72 223
22 73 169
22 74 172
22 75 136
22 76 290
22 77 19
22 78 80
22 79 189
22 80 101
22 81 223
22 82 233
22 83 288
22 84 260
22 85 17
22 86 119
22 87 127
22 88 10
22 89 181
22 90 60
22 91 83
22 92 243
22 93 97
22 94 64
22 95 257
22 96 41
22 97 194
22 98 239
22 99 124
22 100 123
23 24 80
23 25 169
23 26 269
23 27 64
23 28 199
23 29 79
23 30 153
23 31 108
23 32 129
23 33 33
23 34 122
23 35 0
23 36 27
23 37 80
23 38 55
23 39 23
23 40 154
23 41 38
23 42 30
23 43 28
23 44 127
23 45 98
23 46 29
23 47 287
23 48 55
23 49 223
23 50 215
23 51 77
23 52 277
23 53 297
23 54 278
23 55 163
23 56 151
23 57 157
23 58 255
23 59 191
23 60 72
23 61 194
23 62 22
23 63 163
23 64 157
23 65 96
23 66 189
23 67 123
23 68 130
23 69 43
23 70 199
23 71 251
23 72 110
23 73 259
23 74 146
23 75 185
23 76 178
23 77 125
23 78 113
23 79 83
23 80 232
23 81 73
23 82 292
23 83 269
23 84 193
23 85 242
23 86 38
23 87 94
23 88 289
23 89 206
23 90 258
23 91 226
23 92 220
23 93 202
23 94 90
23 95 231
23 96 252
23 97 29
23 98 140
23 99 68
23 100 11
24 25 211
24 26 212
24 27 139
24 28 255
24 29 196
24 30 126
24 31 116
24 32 48
24 33 71
24 34 16
24 35 66
24 36 7
24 37 74
24 38 4
24 39 82
24 40 199
24 41 69
24 42 210
24 43 156
24 44 155
24 45 21
24 46 236
24 47 22
24 48 120
24 49 253
24 50 270
24 51 153
24 52 125
24 53 275
24 54 152
24 55 113
24 56 293
24 57 163
24 58 186
24 59 204
24 60 184
24 61 33
24 62 71
24 63 203
24 64 184
24 65 179
24 66 143
24 67 3
24 68 22
24 69 99
24 70 140
24 71 163
24 72 62
24 73 199
24 74 248
24 75 223
24 76 182
24 77 189
24 78 21
24 79 217
24 80 216
24 81 256
24 82 223
24 83 41
24 84 23
24 85 103
24 86 270
24 87 24
24 88 55
24 89 204
24 90 218
24 91 207
24 92 200
24 93 131
24 94 225
24 95 14
24 96 69
24 97 237
24 98 193
24 99 195
24 100 126
25 26 183
25 27 113
25 28 245
25 29 53
25 30 74
25 31 197
25 32 152
25 33 260
25 34 199
25 35 219
25 36 25
25 37 94
25 38 276
25 39 251
25 40 88
25 41 206
25 42 234
25 43 26
25 44 212
25 45 36
25 46 152
25 47 249
25 48 129
25 49 170
25 50 117
25 51 48
25 52 287
25 53 142
25 54 27
25 55 7
25 56 285
25 57 90
25 58 194
25 59 37
25 60 91
25 61 73
25 62 225
25 63 143
25 64 220
25 65 263
25 66 198
25 67 264
25 68 37
25 69 257
25 70 197
25 71 32
25 72 238
25 73 109
25 74 75
25 75 80
25 76 61
25 77 211
25 78 96
25 79 175
25 80 256
25 81 244
25 82 178
25 83 83
25 84 68
25 85 292
25 86 66
25 87 220
25 88 119
25 89 213
25 90 173
25 91 225
25 92 193
25 93 259
25 94 85
25 95 49
25 96 17
25 97 80
25 98 148
25 99 214
25 100 48
26 27 177
26 28 111
26 29 256
26 30 238
26 31 174
26 32 169
26 33 248
26 34 248
26 35 79
26 36 117
26 37 259
26 38 76
26 39 1
26 40 286
26 41 67
26 42 218
26 43 147
26 44 292
26 45 288
26 46 184
26 47 95
26 48 191
26 49 70
26 50 142
26 51 10
26 52 281
26 53 82
26 54 188
26 55 229
26 56 64
26 57 180
26 58 57
26 59 235
26 60 109
26 61 76
26 62 121
26 63 229
26 64 158
26 65 181
26 66 5
26 67 61
26 68 245
26 69 81
26 70 17
26 71 169
26 72 128
26 73 269
26 74 251
26 75 70
26 76 154
26 77 61
26 78 262
26 79 152
26 80 206
26 81 129
26 82 184
26 83 88
26 84 14
26 85 65
26 86 161
26 87 251
26 88 19
26 89 199
26 90 134
26 91 232
26 92 2
26 93 213
26 94 285
26 95 127
26 96 108
26 97 108
26 98 186
26 99 251
26 100 282
27 28 219
27 29 209
27 30 277
27 31 82
27 32 87
27 33 136
27 34 264
27 35 209
27 36 69
27 37 288
27 38 60
27 39 7
27 40 238
27 41 231
27 42 192
27 43 201
27 44 280
27 45 257
27 46 117
27 47 299
27 48 84
27 49 189
27 50 268
27 51 185
27 52 159
27 53 41
27 54 298
27 55 247
27 56 187
27 57 135
27 58 183
27 59 58
27 60 32
27 61 247
27 62 264
27 63 172
27 64 91
27 65 275
27 66 14
27 67 97
27 68 109
27 69 254
27 70 173
27 71 8
27 72 292
27 73 158
27 74 76
27 75 299
27 76 2
27 77 247
27 78 134
27 79 191
27 80 216
27 81 260
27 82 159
27 83 117
27 84 120
27 85 107
27 86 70
27 87 3
27 88 0
27 89 204
27 90 175
27 91 158
27 92 288
27 93 91
27 94 139
27 95 227
27 96 185
27 97 157
27 98 29
27 99 0
27 100 150
28 29 53
28 30 48
28 31 162
28 32 82
28 33 155
28 34 8
28 35 178
28 36 173
28 37 71
28 38 109
28 39 215
28 40 73
28 41 141
28 42 297
28 43 88
28 44 190
28 45 216
28 46 48
28 47 200
28 48 44
28 49 208
28 50 298
28 51 143
28 52 20
28 53 21
28 54 231
28 55 127
28 56 56
28 57 5
28 58 44
28 59 40
28 60 230
28 61 215
28 62 52
28 63 253
28 64 76
28 65 46
28 66 24
28 67 229
28 68 272
28 69 223
28 70 31
28 71 92
28 72 76
28 73 273
28 74 102
28 75 112
28 76 122
28 77 55
28 78 128
28 79 190
28 80 104
28 81 191
28 82 142
28 83 34
28 84 89
28 85 46
28 86 97
28 87 287
28 88 26
28 89 235
28 90 122
28 91 56
28 92 146
28 93 67
28 94 101
28 95 275
28 96 154
28 97 250
28 98 42
28 99 139
28 100 156
29 30 152
29 31 220
29 32 157
29 33 109
29 34 248
29 35 183
29 36 293
29 37 273
29 38 50
29 39 7
29 40 36
29 41 187
29 42 153
29 43 228
29 44 201
29 45 262
29 46 276
29 47 224
29 48 154
29 49 151
29 50 80
29 51 123
29 52 224
29 53 47
29 54 215
29 55 259
29 56 84
29 57 280
29 58 47
29 59 106
29 60 201
29 61 64
29 62 231
29 63 252
29 64 251
29 65 294
29 66 6
29 67 96
29 68 292
29 69 128
29 70 270
29 71 102
29 72 73
29 73 34
29 74 16
29 75 260
29 76 15
29 77 188
29 78 114
29 79 177
29 80 197
29 81 55
29 82 297
29 83 110
29 84 101
29 85 24
29 86 215
29 87 272
29 88 294
29 89 245
29 90 161
29 91 80
29 92 267
29 93 63
29 94 6
29 95 193
29 96 281
29 97 78
29 98 220
29 99 7
29 100 118
30 31 60
30 32 76
30 33 157
30 34 138
30 35 107
30 36 296
30 37 215
30 38 230
30 39 102
30 40 2
30 41 53
30 42 52
30 43 7
30 44 65
30 45 221
30 46 10
30 47 108
30 48 65
30 49 57
30 50 93
30 51 16
30 52 290
30 53 119
30 54 233
30 55 59
30 56 213
30 57 233
30 58 208
30 59 1
30 60 250
30 61 121
30 62 278
30 63 160
30 64 30
30 65 181
30 66 277
30 67 217
30 68 42
30 69 37
30 70 90
30 71 179
30 72 20
30 73 87
30 74 136
30 75 275
30 76 45
30 77 148
30 78 16
30 79 189
30 80 195
30 81 262
30 82 104
30 83 265
30 84 276
30 85 75
30 86 32
30 87 254
30 88 149
30 89 173
30 90 33
30 91 75
30 92 118
30 93 143
30 94 105
30 95 45
30 96 215
30 97 158
30 98 16
30 99 107
30 100 140
31 32 115
31 33 14
31 34 22
31 35 41
31 36 297
31 37 153
31 38 62
31 39 65
31 40 1
31 41 207
31 42 183
31 43 160
31 44 136
31 45 120
31 46 156
31 47 26
31 48 72
31 49 159
31 50 244
31 51 250
31 52 68
31 53 251
31 54 69
31 55 247
31 56 278
31 57 243
31 58 41
31 59 222
31 60 158
31 61 41
31 62 201
31 63 170
31 64 71
31 65 245
31 66 9
31 67 235
31 68 132
31 69 96
31 70 14
31 71 164
31 72 183
31 73 84
31 74 289
31 75 262
31 76 279
31 77 35
31 78 57
31 79 296
31 80 146
31 81 208
31 82 28
31 83 230
31 84 70
31 85 114
31 86 262
31 87 70
31 88 174
31 89 74
31 90 24
31 91 223
31 92 74
31 93 290
31 94 248
31 95 180
31 96 102
31 97 123
31 98 38
31 99 287
31 100 62
32 33 173
32 34 181
32 35 230
32 36 112
32 37 15
32 38 167
32 39 230
32 40 4
32 41 260
32 42 286
32 43 296
32 44 21
32 45 109
32 46 169
32 47 285
32 48 261
32 49 77
32 50 212
32 51 266
32 52 26
32 53 257
32 54 272
32 55 225
32 56 182
32 57 63
32 58 242
32 59 107
32 60 13
32 61 125
32 62 255
32 63 202
32 64 43
32 65 149
32 66 121
32 67 134
32 68 282
32 69 196
32 70 22
32 71 79
32 72 282
32 73 191
32 74 252
32 75 37
32 76 168
32 77 9
32 78 203
32 79 229
32 80 44
32 81 241
32 82 55
32 83 266
32 84 294
32 85 63
32 86 294
32 87 107
32 88 178
32 89 73
32 90 259
32 91 213
32 92 114
32 93 13
32 94 6
32 95 204
32 96 39
32 97 44
32 98 30
32 99 19
32 100 245
33 34 170
33 35 111
33 36 244
33 37 293
33 38 152
33 39 261
33 40 52
33 41 209
33 42 91
33 43 48
33 44 176
33 45 12
33 46 24
33 47 72
33 48 100
33 49 193
33 50 299
33 51 81
33 52 74
33 53 209
33 54 71
33 55 285
33 56 227
33 57 110
33 58 201
33 59 214
33 60 170
33 61 89
33 62 87
33 63 189
33 64 175
33 65 205
33 66 4
33 67 160
33 68 159
33 69 6
33 70 194
33 71 27
33 72 272
33 73 70
33 74 269
33 75 256
33 76 218
33 77 145
33 78 295
33 79 133
33 80 216
33 81 239
33 82 101
33 83 188
33 84 211
33 85 257
33 86 142
33 87 195
33 88 238
33 89 83
33 90 288
33 91 53
33 92 116
33 93 224
33 94 100
33 95 101
33 96 9
33 97 254
33 98 56
33 99 91
33 100 219
34 35 115
34 36 51
34 37 59
34 38 293
34 39 91
34 40 266
34 41 156
34 42 7
34 43 125
34 44 9
34 45 235
34 46 249
34 47 143
34 48 90
34 49 241
34 50 237
34 51 159
34 52 19
34 53 118
34 54 85
34 55 227
34 56 5
34 57 122
34 58 41
34 59 279
34 60 275
34 61 29
34 62 77
34 63 202
34 64 227
34 65 109
34 66 13
34 67 269
34 68 128
34 69 114
34 70 243
34 71 293
34 72 14
34 73 171
34 74 180
34 75 181
34 76 215
34 77 178
34 78 166
34 79 258
34 80 128
34 81 218
34 82 59
34 83 231
34 84 71
34 85 264
34 86 222
34 87 122
34 88 24
34 89 28
34 90 240
34 91 69
34 92 126
34 93 138
34 94 108
34 95 184
34 96 251
34 97 296
34 98 180
34 99 42
34 100 78
35 36 36
35 37 250
35 38 292
35 39 223
35 40 215
35 41 191
35 42 189
35 43 142
35 44 174
35 45 17
35 46 255
35 47 103
35 48 141
35 49 215
35 50 60
35 51 8
35 52 144
35 53 298
35 54 226
35 55 52
35 56 34
35 57 195
35 58 265
35 59 215
35 60 57
35 61 156
35 62 81
35 63 233
35 64 289
35 65 6
35 66 130
35 67 254
35 68 242
35 69 77
35 70 136
35 71 154
35 72 179
35 73 0
35 74 59
35 75 143
35 76 50
35 77 269
35 78 283
35 79 181
35 80 286
35 81 226
35 82 73
35 83 160
35 84 53
35 85 218
35 86 272
35 87 156
35 88 209
35 89 147
35 90 202
35 91 265
35 92 166
35 93 61
35 94 190
35 95 89
35 96 271
35 97 142
35 98 149
35 99 269
35 100 199
36 37 270
36 38 145
36 39 21
36 40 47
36 41 198
36 42 81
36 43 204
36 44 161
36 45 33
36 46 252
36 47 132
36 48 153
36 49 125
36 50 194
36 51 220
36 52 225
36 53 176
36 54 94
36 55 25
36 56 256
36 57 267
36 58 108
36 59 16
36 60 69
36 61 98
36 62 107
36 63 231
36 64 123
36 65 199
36 66 220
36 67 254
36 68 99
36 69 269
36 70 208
36 71 83
36 72 119
36 73 109
36 74 0
36 75 110
36 76 85
36 77 245
36 78 43
36 79 134
36 80 252
36 81 255
36 82 11
36 83 291
36 84 241
36 85 171
36 86 26
36 87 165
36 88 92
36 89 68
36 90 97
36 91 116
36 92 86
36 93 283
36 94 196
36 95 241
36 96 281
36 97 233
36 98 181
36 99 201
36 100 254
37 38 51
37 39 24
37 40 42
37 41 232
37 42 211
37 43 118
37 44 46
37 45 215
37 46 37
37 47 39
37 48 120
37 49 272
37 50 150
37 51 278
37 52 165
37 53 80
37 54 86
37 55 275
37 56 78
37 57 277
37 58 144
37 59 52
37 60 173
37 61 2
37 62 298
37 63 280
37 64 145
37 65 270
37 66 61
37 67 63
37 68 270
37 69 254
37 70 80
37 71 258
37 72 227
37 73 63
37 74 299
37 75 134
37 76 251
37 77 253
37 78 180
37 79 222
37 80 212
37 81 33
37 82 26
37 83 28
37 84 224
37 85 203
37 86 230
37 87 257
37 88 37
37 89 70
37 90 254
37 91 213
37 92 92
37 93 126
37 94 294
37 95 164
37 96 127
37 97 208
37 98 73
37 99 188
37 100 221
38 39 281
38 40 65
38 41 51
38 42 202
38 43 86
38 44 271
38 45 205
38 46 203
38 47 222
38 48 5
38 49 125
38 50 293
38 51 155
38 52 266
38 53 186
38 54 109
38 55 195
38 56 214
38 57 129
38 58 104
38 59 253
38 60 219
38 61 232
38 62 139
38 63 152
38 64 207
38 65 143
38 66 8
38 67 270
38 68 8
38 69 29
38 70 121
38 71 83
38 72 203
38 73 229
38 74 196
38 75 248
38 76 292
38 77 292
38 78 52
38 79 48
38 80 211
38 81 199
38 82 134
38 83 214
38 84 257
38 85 101
38 86 154
38 87 173
38 88 51
38 89 198
38 90 230
38 91 285
38 92 120
38 93 211
38 94 34
38 95 204
38 96 141
38 97 216
38 98 185
38 99 90
38 100 217
39 40 288
39 41 113
39 42 100
39 43 124
39 44 264
39 45 207
39 46 283
39 47 22
39 48 239
39 49 155
39 50 287
39 51 234
39 52 212
39 53 26
39 54 250
39 55 265
39 56 86
39 57 40
39 58 246
39 59 283
39 60 193
39 61 7
39 62 110
39 63 90
39 64 226
39 65 88
39 66 128
39 67 50
39 68 164
39 69 145
39 70 80
39 71 143
39 72 70
39 73 25
39 74 295
39 75 228
39 76 133
39 77 136
39 78 70
39 79 72
39 80 78
39 81 78
39 82 249
39 83 74
39 84 181
39 85 143
39 86 129
39 87 137
39 88 127
39 89 130
39 90 3
39 91 210
39 92 84
39 93 29
39 94 144
39 95 84
39 96 236
39 97 174
39 98 88
39 99 69
39 100 158
40 41 293
40 42 107
40 43 161
40 44 213
40 45 97
40 46 25
40 47 163
40 48 59
40 49 59
40 50 119
40 51 283
40 52 222
40 53 45
40 54 136
40 55 139
40 56 215
40 57 183
40 58 298
40 59 108
40 60 89
40 61 174
40 62 53
40 63 169
40 64 22
40 65 206
40 66 7
40 67 210
40 68 248
40 69 240
40 70 226
40 71 104
40 72 39
40 73 141
40 74 31
40 75 28
40 76 82
40 77 11
40 78 282
40 79 157
40 80 49
40 81 271
40 82 255
40 83 64
40 84 116
40 85 121
40 86 134
40 87 26
40 88 286
40 89 256
40 90 292
40 91 247
40 92 276
40 93 187
40 94 171
40 95 227
40 96 45
40 97 116
40 98 27
40 99 7
40 100 299
41 42 132
41 43 45
41 44 196
41 45 208
41 46 192
41 47 10
41 48 143
41 49 202
41 50 47
41 51 154
41 52 18
41 53 166
41 54 183
41 55 243
41 56 294
41 57 151
41 58 76
41 59 23
41 60 57
41 61 195
41 62 295
41 63 270
41 64 87
41 65 79
41 66 190
41 67 32
41 68 116
41 69 98
41 70 61
41 71 40
41 72 23
41 73 100
41 74 236
41 75 3
41 76 260
41 77 94
41 78 105
41 79 150
41 80 69
41 81 58
41 82 257
41 83 232
41 84 281
41 85 166
41 86 26
41 87 259
41 88 236
41 89 49
41 90 285
41 91 1
41 92 32
41 93 136
41 94 286
41 95 63
41 96 239
41 97 73
41 98 45
41 99 178
41 100 34
42 43 132
42 44 85
42 45 280
42 46 289
42 47 75
42 48 224
42 49 212
42 50 112
42 51 174
42 52 195
42 53 292
42 54 185
42 55 276
42 56 184
42 57 135
42 58 42
42 59 48
42 60 175
42 61 160
42 62 209
42 63 250
42 64 29
42 65 205
42 66 203
42 67 22
42 68 214
42 69 148
42 70 215
42 71 14
42 72 196
42 73 284
42 74 221
42 75 7
42 76 155
42 77 98
42 78 18
42 79 110
42 80 90
42 81 1
42 82 94
42 83 231
42 84 237
42 85 51
42 86 48
42 87 293
42 88 132
42 89 283
42 90 11
42 91 56
42 92 217
42 93 67
42 94 41
42 95 227
42 96 199
42 97 32
42 98 142
42 99 113
42 100 189
43 44 18
43 45 293
43 46 215
43 47 208
43 48 143
43 49 255
43 50 218
43 51 295
43 52 216
43 53 195
43 54 7
43 55 272
43 56 7
43 57 131
43 58 43
43 59 223
43 60 255
43 61 134
43 62 94
43 63 62
43 64 98
43 65 44
43 66 35
43 67 259
43 68 157
43 69 295
43 70 290
43 71 80
43 72 155
43 73 34
43 74 19
43 75 60
43 76 123
43 77 118
43 78 264
43 79 182
43 80 169
43 81 271
43 82 125
43 83 138
43 84 260
43 85 210
43 86 168
43 87 130
43 88 213
43 89 73
43 90 91
43 91 279
43 92 55
43 93 60
43 94 34
43 95 160
43 96 96
43 97 191
43 98 272
43 99 167
43 100 85
44 45 54
44 46 91
44 47 252
44 48 141
44 49 29
44 50 114
44 51 269
44 52 222
44 53 209
44 54 207
44 55 261
44 56 287
44 57 123
44 58 40
44 59 149
44 60 286
44 61 191
44 62 95
44 63 15
44 64 101
44 65 54
44 66 194
44 67 160
44 68 106
44 69 100
44 70 0
44 71 145
44 72 131
44 73 37
44 74 88
44 75 221
44 76 149
44 77 176
44 78 294
44 79 191
44 80 46
44 81 128
44 82 214
44 83 11
44 84 76
44 85 206
44 86 193
44 87 161
44 88 42
44 89 186
44 90 38
44 91 214
44 92 118
44 93 64
44 94 12
44 95 138
44 96 233
44 97 60
44 98 209
44 99 123
44 100 247
45 46 46
45 47 36
45 48 243
45 49 233
45 50 57
45 51 245
45 52 244
45 53 144
45 54 71
45 55 239
45 56 116
45 57 246
45 58 290
45 59 223
45 60 273
45 61 274
45 62 124
45 63 171
45 64 226
45 65 93
45 66 184
45 67 296
45 68 197
45 69 9
45 70 82
45 71 148
45 72 235
45 73 18
45 74 33
45 75 167
45 76 265
45 77 103
45 78 175
45 79 25
45 80 144
45 81 39
45 82 51
45 83 29
45 84 131
45 85 97
45 86 240
45 87 142
45 88 247
45 89 78
45 90 183
45 91 34
45 92 246
45 93 212
45 94 49
45 95 273
45 96 97
45 97 238
45 98 101
45 99 282
45 100 197
46 47 207
46 48 98
46 49 153
46 50 256
46 51 109
46 52 258
46 53 8
46 54 210
46 55 225
46 56 244
46 57 174
46 58 91
46 59 231
46 60 182
46 61 101
46 62 3
46 63 41
46 64 216
46 65 254
46 66 291
46 67 177
46 68 99
46 69 71
46 70 111
46 71 233
46 72 288
46 73 52
46 74 296
46 75 8
46 76 1
46 77 84
46 78 11
46 79 270
46 80 226
46 81 221
46 82 144
46 83 136
46 84 53
46 85 293
46 86 187
46 87 79
46 88 173
46 89 52
46 90 48
46 91 233
46 92 225
46 93 237
46 94 46
46 95 259
46 96 126
46 97 116
46 98 166
46 99 287
46 100 247
47 48 55
47 49 91
47 50 269
47 51 9
47 52 187
47 53 86
47 54 156
47 55 79
47 56 100
47 57 130
47 58 17
47 59 291
47 60 150
47 61 49
47 62 288
47 63 206
47 64 158
47 65 118
47 66 47
47 67 36
47 68 286
47 69 152
47 70 171
47 71 275
47 72 178
47 73 290
47 74 12
47 75 31
47 76 75
47 77 85
47 78 23
47 79 71
47 80 263
47 81 251
47 82 172
47 83 108
47 84 261
47 85 299
47 86 191
47 87 273
47 88 123
47 89 180
47 90 272
47 91 128
47 92 283
47 93 198
47 94 137
47 95 79
47 96 43
47 97 101
47 98 92
47 99 193
47 100 103
48 49 226
48 50 20
48 51 135
48 52 69
48 53 222
48 54 245
48 55 32
48 56 252
48 57 208
48 58 101
48 59 264
48 60 266
48 61 163
48 62 136
48 63 65
48 64 226
48 65 45
48 66 182
48 67 261
48 68 24
48 69 23
48 70 248
48 71 168
48 72 245
48 73 274
48 74 191
48 75 152
48 76 132
48 77 281
48 78 22
48 79 291
48 80 117
48 81 78
48 82 219
48 83 108
48 84 137
48 85 263
48 86 288
48 87 74
48 88 21
48 89 46
48 90 101
48 91 274
48 92 17
48 93 61
48 94 169
48 95 101
48 96 269
48 97 195
48 98 256
48 99 19
48 100 269
49 50 248
49 51 228
49 52 44
49 53 281
49 54 33
49 55 289
49 56 253
49 57 212
49 58 141
49 59 48
49 60 183
49 61 256
49 62 124
49 63 56
49 64 271
49 65 96
49 66 253
49 67 70
49 68 249
49 69 267
49 70 258
49 71 238
49 72 59
49 73 27
49 74 293
49 75 45
49 76 84
49 77 43
49 78 178
49 79 235
49 80 167
49 81 81
49 82 119
49 83 146
49 84 210
49 85 128
49 86 92
49 87 116
49 88 152
49 89 214
49 90 249
49 91 120
49 92 227
49 93 242
49 94 175
49 95 212
49 96 235
49 97 62
49 98 146
49 99 257
49 100 168
50 51 133
50 52 253
50 53 206
50 54 155
50 55 162
50 56 248
50 57 167
50 58 21
50 59 155
50 60 120
50 61 34
50 62 110
50 63 250
50 64 32
50 65 229
50 66 280
50 67 91
50 68 272
50 69 238
50 70 287
50 71 195
50 72 286
50 73 100
50 74 27
50 75 181
50 76 210
50 77 131
50 78 295
50 79 12
50 80 170
50 81 268
50 82 279
50 83 292
50 84 192
50 85 293
50 86 166
50 87 119
50 88 99
50 89 142
50 90 26
50 91 64
50 92 1
50 93 124
50 94 269
50 95 87
50 96 89
50 97 69
50 98 101
50 99 44
50 100 44
51 52 63
51 53 93
51 54 29
51 55 72
51 56 25
51 57 28
51 58 207
51 59 260
51 60 37
51 61 255
51 62 46
51 63 58
51 64 216
51 65 158
51 66 134
51 67 136
51 68 99
51 69 227
51 70 100
51 71 23
51 72 31
51 73 271
51 74 86
51 75 284
51 76 178
51 77 58
51 78 227
51 79 159
51 80 48
51 81 266
51 82 265
51 83 58
51 84 137
51 85 228
51 86 66
51 87 290
51 88 105
51 89 231
51 90 250
51 91 188
51 92 231
51 93 4
51 94 177
51 95 50
51 96 232
51 97 55
51 98 183
51 99 236
51 100 108
52 53 31
52 54 3
52 55 176
52 56 293
52 57 48
52 58 71
52 59 86
52 60 244
52 61 83
52 62 30
52 63 85
52 64 116
52 65 44
52 66 125
52 67 95
52 68 232
52 69 65
52 70 98
52 71 103
52 72 283
52 73 108
52 74 199
52 75 84
52 76 175
52 77 184
52 78 222
52 79 87
52 80 8
52 81 267
52 82 246
52 83 102
52 84 106
52 85 165
52 86 230
52 87 20
52 88 277
52 89 278
52 90 208
52 91 211
52 92 230
52 93 54
52 94 195
52 95 1
52 96 23
52 97 292
52 98 260
52 99 124
52 100 102
53 54 273
53 55 153
53 56 138
53 57 298
53 58 263
53 59 148
53 60 202
53 61 166
53 62 28
53 63 121
53 64 240
53 65 224
53 66 203
53 67 290
53 68 18
53 69 245
53 70 144
53 71 291
53 72 252
53 73 181
53 74 220
53 75 285
53 76 115
53 77 205
53 78 43
53 79 68
53 80 77
53 81 20
53 82 252
53 83 111
53 84 133
53 85 204
53 86 180
53 87 183
53 88 233
53 89 156
53 90 248
53 91 162
53 92 45
53 93 11
53 94 102
53 95 117
53 96 250
53 97 254
53 98 129
53 99 181
53 100 266
54 55 58
54 56 224
54 57 242
54 58 296
54 59 248
54 60 226
54 61 252
54 62 76
54 63 91
54 64 273
54 65 83
54 66 73
54 67 152
54 68 71
54 69 87
54 70 142
54 71 268
54 72 58
54 73 49
54 74 36
54 75 54
54 76 166
54 77 89
54 78 141
54 79 249
54 80 151
54 81 177
54 82 8
54 83 19
54 84 287
54 85 137
54 86 163
54 87 160
54 88 42
54 89 78
54 90 98
54 91 245
54 92 55
54 93 299
54 94 14
54 95 225
54 96 64
54 97 35
54 98 166
54 99 135
54 100 218
55 56 228
55 57 74
55 58 73
55 59 230
55 60 268
55 61 232
55 62 117
55 63 15
55 64 213
55 65 42
55 66 251
55 67 263
55 68 251
55 69 132
55 70 136
55 71 70
55 72 223
55 73 96
55 74 285
55 75 247
55 76 103
55 77 268
55 78 298
55 79 230
55 80 47
55 81 74
55 82 287
55 83 123
55 84 146
55 85 298
55 86 85
55 87 170
55 88 9
55 89 52
55 90 202
55 91 11
55 92 232
55 93 102
55 94 138
55 95 278
55 96 237
55 97 39
55 98 218
55 99 256
55 100 128
56 57 172
56 58 255
56 59 11
56 60 126
56 61 170
56 62 183
56 63 102
56 64 202
56 65 163
56 66 197
56 67 196
56 68 163
56 69 24
56 70 46
56 71 223
56 72 223
56 73 201
56 74 238
56 75 8
56 76 39
56 77 151
56 78 226
56 79 7
56 80 176
56 81 247
56 82 297
56 83 13
56 84 150
56 85 32
56 86 206
56 87 252
56 88 28
56 89 140
56 90 171
56 91 114
56 92 288
56 93 217
56 94 128
56 95 16
56 96 258
56 97 53
56 98 166
56 99 57
56 100 271
57 58 27
57 59 200
57 60 149
57 61 164
57 62 177
57 63 148
57 64 44
57 65 19
57 66 67
57 67 102
57 68 82
57 69 270
57 70 128
57 71 183
57 72 227
57 73 171
57 74 152
57 75 38
57 76 168
57 77 107
57 78 26
57 79 24
57 80 129
57 81 97
57 82 133
57 83 106
57 84 90
57 85 204
57 86 175
57 87 276
57 88 78
57 89 230
57 90 62
57 91 196
57 92 245
57 93 160
57 94 124
57 95 280
57 96 235
57 97 58
57 98 153
57 99 57
57 100 94
58 59 278
58 60 245
58 61 30
58 62 5
58 63 227
58 64 251
58 65 148
58 66 162
58 67 24
58 68 206
58 69 67
58 70 208
58 71 48
58 72 45
58 73 227
58 74 106
58 75 39
58 76 125
58 77 82
58 78 12
58 79 5
58 80 4
58 81 145
58 82 49
58 83 90
58 84 258
58 85 87
58 86 264
58 87 76
58 88 184
58 89 96
58 90 52
58 91 129
58 92 196
58 93 124
58 94 299
58 95 141
58 96 66
58 97 26
58 98 78
58 99 97
58 100 284
59 60 44
59 61 0
59 62 167
59 63 232
59 64 59
59 65 118
59 66 274
59 67 286
59 68 68
59 69 170
59 70 178
59 71 46
59 72 239
59 73 40
59 74 167
59 75 288
59 76 88
59 77 107
59 78 129
59 79 231
59 80 67
59 81 280
59 82 295
59 83 271
59 84 31
59 85 110
59 86 114
59 87 5
59 88 119
59 89 100
59 90 71
59 91 96
59 92 295
59 93 55
59 94 197
59 95 23
59 96 197
59 97 34
59 98 26
59 99 194
59 100 234
60 61 256
60 62 132
60 63 295
60 64 271
60 65 38
60 66 226
60 67 117
60 68 49
60 69 243
60 70 289
60 71 261
60 72 28
60 73 161
60 74 71
60 75 202
60 76 123
60 77 65
60 78 117
60 79 76
60 80 193
60 81 256
60 82 69
60 83 42
60 84 135
60 85 154
60 86 218
60 87 100
60 88 245
60 89 14
60 90 275
60 91 35
60 92 154
60 93 59
60 94 55
60 95 276
60 96 120
60 97 39
60 98 279
60 99 134
60 100 282
61 62 103
61 63 50
61 64 241
61 65 102
61 66 92
61 67 22
61 68 31
61 69 183
61 70 180
61 71 24
61 72 31
61 73 271
61 74 23
61 75 283
61 76 122
61 77 278
61 78 26
61 79 181
61 80 189
61 81 134
61 82 195
61 83 24
61 84 15
61 85 264
61 86 155
61 87 61
61 88 213
61 89 162
61 90 18
61 91 276
61 92 180
61 93 277
61 94 198
61 95 169
61 96 136
61 97 142
61 98 4
61 99 75
61 100 23
62 63 27
62 64 42
62 65 46
62 66 277
62 67 7
62 68 70
62 69 146
62 70 262
62 71 79
62 72 176
62 73 42
62 74 270
62 75 149
62 76 292
62 77 113
62 78 142
62 79 181
62 80 22
62 81 4
62 82 241
62 83 256
62 84 12
62 85 86
62 86 250
62 87 247
62 88 93
62 89 144
62 90 133
62 91 62
62 92 194
62 93 84
62 94 223
62 95 214
62 96 9
62 97 32
62 98 78
62 99 104
62 100 1
63 64 189
63 65 65
63 66 178
63 67 207
63 68 165
63 69 139
63 70 51
63 71 145
63 72 131
63 73 124
63 74 263
63 75 221
63 76 39
63 77 216
63 78 19
63 79 229
63 80 175
63 81 186
63 82 46
63 83 252
63 84 14
63 85 31
63 86 139
63 87 50
63 88 238
63 89 292
63 90 271
63 91 288
63 92 13
63 93 37
63 94 82
63 95 239
63 96 79
63 97 233
63 98 120
63 99 228
63 100 26
64 65 61
64 66 49
64 67 263
64 68 231
64 69 13
64 70 274
64 71 171
64 72 138
64 73 251
64 74 42
64 75 287
64 76 9
64 77 206
64 78 64
64 79 222
64 80 42
64 81 233
64 82 114
64 83 285
64 84 292
64 85 49
64 86 176
64 87 259
64 88 22
64 89 116
64 90 124
64 91 166
64 92 39
64 93 43
64 94 257
64 95 34
64 96 135
64 97 254
64 98 153
64 99 160
64 100 84
65 66 266
65 67 26
65 68 271
65 69 135
65 70 280
65 71 70
65 72 234
65 73 121
65 74 5
65 75 63
65 76 34
65 77 69
65 78 209
65 79 142
65 80 239
65 81 153
65 82 299
65 83 248
65 84 41
65 85 74
65 86 295
65 87 67
65 88 93
65 89 31
65 90 33
65 91 54
65 92 16
65 93 271
65 94 19
65 95 286
65 96 238
65 97 298
65 98 172
65 99 184
65 100 46
66 67 207
66 68 251
66 69 219
66 70 126
66 71 93
66 72 200
66 73 203
66 74 249
66 75 260
66 76 282
66 77 239
66 78 24
66 79 120
66 80 274
66 81 290
66 82 61
66 83 28
66 84 223
66 85 245
66 86 17
66 87 88
66 88 267
66 89 121
66 90 221
66 91 189
66 92 149
66 93 222
66 94 76
66 95 58
66 96 296
66 97 247
66 98 207
66 99 55
66 100 65
67 68 159
67 69 27
67 70 71
67 71 82
67 72 162
67 73 279
67 74 235
67 75 101
67 76 190
67 77 268
67 78 109
67 79 221
67 80 274
67 81 241
67 82 139
67 83 2
67 84 227
67 85 72
67 86 288
67 87 274
67 88 39
67 89 151
67 90 32
67 91 230
67 92 68
67 93 161
67 94 230
67 95 34
67 96 93
67 97 274
67 98 176
67 99 103
67 100 134
68 69 47
68 70 44
68 71 167
68 72 14
68 73 49
68 74 287
68 75 40
68 76 102
68 77 13
68 78 96
68 79 184
68 80 100
68 81 81
68 82 282
68 83 19
68 84 24
68 85 89
68 86 271
68 87 238
68 88 66
68 89 121
68 90 125
68 91 26
68 92 41
68 93 197
68 94 268
68 95 145
68 96 250
68 97 194
68 98 26
68 99 162
68 100 155
69 70 225
69 71 6
69 72 88
69 73 75
69 74 175
69 75 242
69 76 155
69 77 132
69 78 119
69 79 292
69 80 16
69 81 254
69 82 129
69 83 38
69 84 292
69 85 39
69 86 210
69 87 56
69 88 109
69 89 299
69 90 282
69 91 145
69 92 66
69 93 55
69 94 148
69 95 2
69 96 136
69 97 142
69 98 195
69 99 261
69 100 282
70 71 49
70 72 73
70 73 27
70 74 202
70 75 20
70 76 213
70 77 59
70 78 250
70 79 16
70 80 55
70 81 25
70 82 16
70 83 67
70 84 206
70 85 220
70 86 268
70 87 222
70 88 177
70 89 198
70 90 25
70 91 174
70 92 296
70 93 176
70 94 44
70 95 214
70 96 35
70 97 114
70 98 204
70 99 230
70 100 276
71 72 138
71 73 81
71 74 169
71 75 66
71 76 56
71 77 280
71 78 230
71 79 41
71 80 265
71 81 52
71 82 290
71 83 265
71 84 202
71 85 296
71 86 101
71 87 241
71 88 118
71 89 173
71 90 101
71 91 1
71 92 256
71 93 85
71 94 184
71 95 68
71 96 183
71 97 200
71 98 150
71 99 145
71 100 268
72 73 291
72 74 293
72 75 248
72 76 188
72 77 286
72 78 229
72 79 28
72 80 277
72 81 116
72 82 70
72 83 79
72 84 140
72 85 90
72 86 38
72 87 102
72 88 186
72 89 182
72 90 247
72 91 233
72 92 15
72 93 269
72 94 107
72 95 44
72 96 155
72 97 51
72 98 284
72 99 53
72 100 85
73 74 13
73 75 160
73 76 226
73 77 116
73 78 203
73 79 165
73 80 109
73 81 149
73 82 287
73 83 69
73 84 25
73 85 47
73 86 87
73 87 77
73 88 31
73 89 175
73 90 260
73 91 85
73 92 191
73 93 209
73 94 285
73 95 22
73 96 116
73 97 184
73 98 133
73 99 254
73 100 138
74 75 57
74 76 202
74 77 113
74 78 229
74 79 93
74 80 132
74 81 75
74 82 270
74 83 146
74 84 48
74 85 215
74 86 130
74 87 170
74 88 282
74 89 236
74 90 258
74 91 7
74 92 111
74 93 249
74 94 272
74 95 17
74 96 39
74 97 82
74 98 234
74 99 69
74 100 126
75 76 39
75 77 213
75 78 184
75 79 11
75 80 47
75 81 261
75 82 52
75 83 260
75 84 84
75 85 105
75 86 177
75 87 37
75 88 21
75 89 269
75 90 57
75 91 238
75 92 93
75 93 107
75 94 69
75 95 54
75 96 265
75 97 253
75 98 231
75 99 264
75 100 265
76 77 152
76 78 105
76 79 159
76 80 268
76 81 221
76 82 108
76 83 279
76 84 241
76 85 206
76 86 26
76 87 239
76 88 56
76 89 297
76 90 26
76 91 19
76 92 155
76 93 230
76 94 192
76 95 159
76 96 242
76 97 289
76 98 73
76 99 227
76 100 65
77 78 7
77 79 36
77 80 144
77 81 197
77 82 125
77 83 235
77 84 202
77 85 172
77 86 292
77 87 146
77 88 264
77 89 145
77 90 239
77 91 171
77 92 133
77 93 263
77 94 256
77 95 133
77 96 23
77 97 218
77 98 289
77 99 53
77 100 4
78 79 159
78 80 237
78 81 206
78 82 122
78 83 127
78 84 288
78 85 196
78 86 254
78 87 137
78 88 26
78 89 199
78 90 244
78 91 194
78 92 211
78 93 168
78 94 28
78 95 163
78 96 135
78 97 295
78 98 128
78 99 146
78 100 73
79 80 54
79 81 268
79 82 188
79 83 134
79 84 75
79 85 284
79 86 282
79 87 1
79 88 164
79 89 251
79 90 115
79 91 239
79 92 95
79 93 40
79 94 292
79 95 189
79 96 166
79 97 117
79 98 23
79 99 139
79 100 108
80 81 50
80 82 240
80 83 83
80 84 266
80 85 282
80 86 75
80 87 33
80 88 267
80 89 270
80 90 181
80 91 134
80 92 289
80 93 62
80 94 121
80 95 100
80 96 36
80 97 299
80 98 79
80 99 51
80 100 160
81 82 258
81 83 128
81 84 55
81 85 39
81 86 18
81 87 142
81 88 177
81 89 8
81 90 23
81 91 196
81 92 94
81 93 169
81 94 46
81 95 150
81 96 43
81 97 188
81 98 285
81 99 232
81 100 215
82 83 22
82 84 217
82 85 44
82 86 54
82 87 54
82 88 110
82 89 21
82 90 176
82 91 47
82 92 246
82 93 269
82 94 134
82 95 72
82 96 118
82 97 8
82 98 60
82 99 30
82 100 112
83 84 287
83 85 101
83 86 47
83 87 128
83 88 101
83 89 92
83 90 33
83 91 140
83 92 66
83 93 188
83 94 135
83 95 150
83 96 233
83 97 220
83 98 48
83 99 203
83 100 169
84 85 288
84 86 289
84 87 246
84 88 170
84 89 33
84 90 84
84 91 166
84 92 288
84 93 42
84 94 69
84 95 123
84 96 82
84 97 123
84 98 81
84 99 274
84 100 138
85 86 137
85 87 102
85 88 256
85 89 11
85 90 3
85 91 197
85 92 297
85 93 271
85 94 142
85 95 274
85 96 21
85 97 176
85 98 264
85 99 288
85 100 240
86 87 81
86 88 260
86 89 36
86 90 285
86 91 199
86 92 190
86 93 134
86 94 97
86 95 253
86 96 45
86 97 212
86 98 86
86 99 296
86 100 233
87 88 182
87 89 24
87 90 120
87 91 200
87 92 168
87 93 87
87 94 126
87 95 225
87 96 180
87 97 127
87 98 83
87 99 24
87 100 6
88 89 64
88 90 227
88 91 95
88 92 101
88 93 243
88 94 161
88 95 127
88 96 225
88 97 35
88 98 221
88 99 178
88 100 84
89 90 154
89 91 136
89 92 245
89 93 280
89 94 41
89 95 225
89 96 254
89 97 206
89 98 198
89 99 72
89 100 40
90 91 7
90 92 265
90 93 11
90 94 229
90 95 191
90 96 4
90 97 69
90 98 64
90 99 138
90 100 50
91 92 194
91 93 123
91 94 145
91 95 143
91 96 135
91 97 178
91 98 251
91 99 255
91 100 74
92 93 283
92 94 28
92 95 163
92 96 121
92 97 30
92 98 54
92 99 36
92 100 128
93 94 56
93 95 145
93 96 9
93 97 146
93 98 285
93 99 160
93 100 17
94 95 283
94 96 13
94 97 281
94 98 135
94 99 297
94 100 25
95 96 252
95 97 252
95 98 53
95 99 170
95 100 94
96 97 149
96 98 229
96 99 193
96 100 163
97 98 100
97 99 130
97 100 111
98 99 116
98 100 219
99 100 151
