100 4950
1 2 245
1 3 133
1 4 156
1 5 155
1 6 199
1 7 203
1 8 85
1 9 118
1 10 221
1 11 17
1 12 237
1 13 23
1 14 266
1 15 143
1 16 196
1 17 39
1 18 293
1 19 19
1 20 205
1 21 157
1 22 102
1 23 15
1 24 177
1 25 1
1 26 96
1 27 85
1 28 232
1 29 41
1 30 168
1 31 22
1 32 104
1 33 260
1 34 263
1 35 66
1 36 229
1 37 243
1 38 280
1 39 45
1 40 240
1 41 53
1 42 29
1 43 88
1 44 289
1 45 130
1 46 236
1 47 243
1 48 42
1 49 81
1 50 51
1 51 151
1 52 226
1 53 87
1 54 274
1 55 16
1 56 90
1 57 119
1 58 260
1 59 284
1 60 28
1 61 112
1 62 46
1 63 166
1 64 291
1 65 14
1 66 82
1 67 231
1 68 90
1 69 180
1 70 169
1 71 291
1 72 229
1 73 108
1 74 123
1 75 160
1 76 161
1 77 34
1 78 114
1 79 289
1 80 284
1 81 215
1 82 136
1 83 266
1 84 234
1 85 203
1 86 171
1 87 108
1 88 207
1 89 85
1 90 76
1 91 63
1 92 188
1 93 27
1 94 212
1 95 212
1 96 219
1 97 113
1 98 0
1 99 231
1 100 133
2 3 259
2 4 112
2 5 180
2 6 48
2 7 74
2 8 68
2 9 37
2 10 283
2 11 283
2 12 72
2 13 223
2 14 57
2 15 159
2 16 17
2 17 237
2 18 273
2 19 252
2 20 48
2 21 281
2 22 291
2 23 246
2 24 34
2 25 43
2 26 290
2 27 66
2 28 208
2 29 104
2 30 17
2 31 279
2 32 296
2 33 107
2 34 10
2 35 182
2 36 198
2 37 237
2 38 246
2 39 260
2 40 213
2 41 96
2 42 46
2 43 137
2 44 26
2 45 62
2 46 224
2 47 249
2 48 242
2 49 130
2 50 140
2 51 134
2 52 133
2 53 161
2 54 217
2 55 53
2 56 221
2 57 173
2 58 5
2 59 162
2 60 278
2 61 32
2 62 256
2 63 108
2 64 78
2 65 195
2 66 88
2 67 179
2 68 295
2 69 150
2 70 144
2 71 248
2 72 59
2 73 165
2 74 292
2 75 176
2 76 246
2 77 123
2 78 62
2 79 26
2 80 183
2 81 264
2 82 221
2 83 273
2 84 184
2 85 212
2 86 232
2 87 117
2 88 267
2 89 288
2 90 203
2 91 87
2 92 295
2 93 70
2 94 179
2 95 75
2 96 152
2 97 81
2 98 229
2 99 49
2 100 101
3 4 298
3 5 231
3 6 20
3 7 209
3 8 14
3 9 183
3 10 155
3 11 164
3 12 50
3 13 273
3 14 162
3 15 286
3 16 100
3 17 286
3 18 101
3 19 7
3 20 7
3 21 205
3 22 31
3 23 145
3 24 153
3 25 45
3 26 213
3 27 244
3 28 170
3 29 132
3 30 178
3 31 56
3 32 94
3 33 177
3 34 154
3 35 75
3 36 292
3 37 3
3 38 15
3 39 155
3 40 132
3 41 39
3 42 91
3 43 193
3 44 287
3 45 122
3 46 242
3 47 61
3 48 138
3 49 259
3 50 150
3 51 31
3 52 119
3 53 279
3 54 79
3 55 7
3 56 109
3 57 29
3 58 246
3 59 256
3 60 151
3 61 197
3 62 176
3 63 278
3 64 293
3 65 127
3 66 96
3 67 12
3 68 113
3 69 257
3 70 50
3 71 227
3 72 232
3 73 165
3 74 99
3 75 181
3 76 166
3 77 80
3 78 137
3 79 177
3 80 166
3 81 138
3 82 271
3 83 170
3 84 253
3 85 282
3 86 85
3 87 101
3 88 164
3 89 253
3 90 60
3 91 186
3 92 244
3 93 245
3 94 255
3 95 129
3 96 230
3 97 235
3 98 46
3 99 187
3 100 59
4 5 226
4 6 118
4 7 116
4 8 271
4 9 69
4 10 6
4 11 249
4 12 252
4 13 49
4 14 225
4 15 202
4 16 208
4 17 236
4 18 146
4 19 217
4 20 189
4 21 294
4 22 69
4 23 137
4 24 24
4 25 139
4 26 230
4 27 0
4 28 248
4 29 259
4 30 176
4 31 286
4 32 248
4 33 220
4 34 162
4 35 243
4 36 209
4 37 134
4 38 107
4 39 146
4 40 245
4 41 108
4 42 46
4 43 106
4 44 222
4 45 275
4 46 150
4 47 225
4 48 173
4 49 201
4 50 223
4 51 189
4 52 36
4 53 131
4 54 97
4 55 4
4 56 162
4 57 87
4 58 109
4 59 163
4 60 170
4 61 130
4 62 167
4 63 72
4 64 272
4 65 250
4 66 111
4 67 159
4 68 192
4 69 184
4 70 298
4 71 35
4 72 93
4 73 101
4 74 47
4 75 168
4 76 129
4 77 22
4 78 280
4 79 140
4 80 192
4 81 102
4 82 74
4 83 216
4 84 35
4 85 178
4 86 95
4 87 57
4 88 101
4 89 203
4 90 142
4 91 199
4 92 174
4 93 36
4 94 283
4 95 284
4 96 61
4 97 249
4 98 21
4 99 171
4 100 33
5 6 249
5 7 110
5 8 65
5 9 29
5 10 203
5 11 11
5 12 181
5 13 129
5 14 212
5 15 220
5 16 274
5 17 197
5 18 204
5 19 261
5 20 190
5 21 160
5 22 150
5 23 2
5 24 201
5 25 269
5 26 5
5 27 286
5 28 220
5 29 183
5 30 138
5 31 176
5 32 196
5 33 130
5 34 111
5 35 138
5 36 194
5 37 71
5 38 43
5 39 182
5 40 246
5 41 123
5 42 12
5 43 173
5 44 25
5 45 23
5 46 234
5 47 128
5 48 15
5 49 181
5 50 30
5 51 279
5 52 89
5 53 64
5 54 241
5 55 264
5 56 9
5 57 195
5 58 93
5 59 10
5 60 68
5 61 105
5 62 45
5 63 149
5 64 39
5 65 89
5 66 138
5 67 4
5 68 285
5 69 62
5 70 295
5 71 55
5 72 261
5 73 30
5 74 75
5 75 154
5 76 265
5 77 171
5 78 74
5 79 278
5 80 143
5 81 80
5 82 14
5 83 135
5 84 214
5 85 121
5 86 141
5 87 19
5 88 278
5 89 217
5 90 293
5 91 122
5 92 233
5 93 289
5 94 271
5 95 86
5 96 255
5 97 219
5 98 61
5 99 119
5 100 179
6 7 59
6 8 234
6 9 164
6 10 284
6 11 186
6 12 298
6 13 59
6 14 115
6 15 34
6 16 96
6 17 34
6 18 61
6 19 200
6 20 275
6 21 74
6 22 150
6 23 65
6 24 16
6 25 66
6 26 214
6 27 218
6 28 128
6 29 22
6 30 22
6 31 162
6 32 298
6 33 208
6 34 295
6 35 69
6 36 62
6 37 256
6 38 2
6 39 173
6 40 163
6 41 75
6 42 39
6 43 117
6 44 207
6 45 107
6 46 32
6 47 113
6 48 234
6 49 55
6 50 127
6 51 7
6 52 123
6 53 93
6 54 98
6 55 232
6 56 97
6 57 25
6 58 71
6 59 291
6 60 182
6 61 52
6 62 53
6 63 272
6 64 187
6 65 264
6 66 273
6 67 26
6 68 26
6 69 268
6 70 298
6 71 24
6 72 88
6 73 208
6 74 122
6 75 170
6 76 7
6 77 219
6 78 297
6 79 146
6 80 39
6 81 163
6 82 153
6 83 39
6 84 39
6 85 150
6 86 216
6 87 5
6 88 224
6 89 234
6 90 84
6 91 127
6 92 241
6 93 154
6 94 182
6 95 118
6 96 265
6 97 152
6 98 172
6 99 52
6 100 99
7 8 269
7 9 152
7 10 57
7 11 219
7 12 222
7 13 277
7 14 262
7 15 150
7 16 74
7 17 199
7 18 274
7 19 71
7 20 35
7 21 296
7 22 244
7 23 92
7 24 139
7 25 275
7 26 73
7 27 70
7 28 123
7 29 118
7 30 56
7 31 124
7 32 275
7 33 56
7 34 39
7 35 20
7 36 251
7 37 135
7 38 131
7 39 201
7 40 48
7 41 214
7 42 157
7 43 188
7 44 34
7 45 216
7 46 123
7 47 287
7 48 248
7 49 172
7 50 203
7 51 36
7 52 124
7 53 11
7 54 72
7 55 172
7 56 19
7 57 200
7 58 23
7 59 143
7 60 269
7 61 197
7 62 81
7 63 282
7 64 208
7 65 110
7 66 152
7 67 172
7 68 59
7 69 98
7 70 105
7 71 118
7 72 115
7 73 11
7 74 39
7 75 148
7 76 23
7 77 296
7 78 202
7 79 57
7 80 155
7 81 234
7 82 18
7 83 134
7 84 247
7 85 248
7 86 144
7 87 257
7 88 6
7 89 269
7 90 187
7 91 188
7 92 73
7 93 164
7 94 229
7 95 64
7 96 133
7 97 224
7 98 90
7 99 217
7 100 166
8 9 216
8 10 59
8 11 267
8 12 189
8 13 11
8 14 260
8 15 47
8 16 112
8 17 151
8 18 102
8 19 176
8 20 263
8 21 76
8 22 73
8 23 17
8 24 72
8 25 280
8 26 133
8 27 299
8 28 166
8 29 64
8 30 269
8 31 66
8 32 99
8 33 224
8 34 34
8 35 112
8 36 10
8 37 201
8 38 191
8 39 107
8 40 176
8 41 141
8 42 86
8 43 141
8 44 4
8 45 216
8 46 76
8 47 199
8 48 203
8 49 156
8 50 111
8 51 207
8 52 250
8 53 65
8 54 261
8 55 230
8 56 55
8 57 204
8 58 20
8 59 106
8 60 28
8 61 13
8 62 206
8 63 68
8 64 158
8 65 81
8 66 240
8 67 98
8 68 105
8 69 269
8 70 294
8 71 149
8 72 129
8 73 297
8 74 30
8 75 180
8 76 225
8 77 106
8 78 278
8 79 104
8 80 57
8 81 250
8 82 172
8 83 122
8 84 172
8 85 223
8 86 287
8 87 45
8 88 108
8 89 35
8 90 286
8 91 82
8 92 222
8 93 292
8 94 272
8 95 149
8 96 79
8 97 187
8 98 264
8 99 282
8 100 163
9 10 135
9 11 3
9 12 278
9 13 49
9 14 246
9 15 50
9 16 62
9 17 24
9 18 205
9 19 260
9 20 213
9 21 254
9 22 250
9 23 83
9 24 97
9 25 181
9 26 138
9 27 162
9 28 181
9 29 191
9 30 257
9 31 199
9 32 96
9 33 76
9 34 89
9 35 54
9 36 87
9 37 240
9 38 16
9 39 34
9 40 215
9 41 167
9 42 46
9 43 41
9 44 275
9 45 66
9 46 75
9 47 165
9 48 173
9 49 285
9 50 19
9 51 12
9 52 56
9 53 199
9 54 44
9 55 127
9 56 297
9 57 247
9 58 284
9 59 198
9 60 110
9 61 183
9 62 105
9 63 17
9 64 142
9 65 112
9 66 32
9 67 109
9 68 292
9 69 249
9 70 70
9 71 264
9 72 253
9 73 235
9 74 33
9 75 21
9 76 130
9 77 205
9 78 219
9 79 78
9 80 57
9 81 60
9 82 84
9 83 112
9 84 72
9 85 247
9 86 205
9 87 104
9 88 247
9 89 203
9 90 169
9 91 140
9 92 103
9 93 63
9 94 111
9 95 63
9 96 86
9 97 285
9 98 251
9 99 50
9 100 13
10 11 88
10 12 26
10 13 178
10 14 143
10 15 31
10 16 129
10 17 138
10 18 107
10 19 136
10 20 21
10 21 139
10 22 19
10 23 42
10 24 72
10 25 151
10 26 224
10 27 34
10 28 73
10 29 67
10 30 193
10 31 219
10 32 80
10 33 289
10 34 186
10 35 207
10 36 245
10 37 249
10 38 31
10 39 40
10 40 238
10 41 172
10 42 239
10 43 188
10 44 173
10 45 177
10 46 252
10 47 245
10 48 57
10 49 235
10 50 298
10 51 9
10 52 61
10 53 123
10 54 133
10 55 175
10 56 219
10 57 51
10 58 123
10 59 89
10 60 72
10 61 52
10 62 207
10 63 68
10 64 224
10 65 131
10 66 110
10 67 264
10 68 198
10 69 220
10 70 274
10 71 67
10 72 254
10 73 299
10 74 287
10 75 111
10 76 185
10 77 78
10 78 178
10 79 159
10 80 88
10 81 35
10 82 36
10 83 58
10 84 15
10 85 296
10 86 23
10 87 32
10 88 33
10 89 67
10 90 74
10 91 274
10 92 212
10 93 78
10 94 147
10 95 17
10 96 178
10 97 121
10 98 249
10 99 219
10 100 298
11 12 297
11 13 137
11 14 215
11 15 12
11 16 241
11 17 247
11 18 96
11 19 59
11 20 295
11 21 153
11 22 48
11 23 85
11 24 105
11 25 32
11 26 240
11 27 122
11 28 46
11 29 64
11 30 174
11 31 130
11 32 51
11 33 151
11 34 155
11 35 160
11 36 75
11 37 245
11 38 76
11 39 5
11 40 271
11 41 186
11 42 206
11 43 255
11 44 35
11 45 166
11 46 215
11 47 282
11 48 52
11 49 171
11 50 151
11 51 56
11 52 65
11 53 229
11 54 9
11 55 3
11 56 164
11 57 0
11 58 236
11 59 269
11 60 178
11 61 140
11 62 263
11 63 140
11 64 288
11 65 296
11 66 83
11 67 15
11 68 20
11 69 115
11 70 174
11 71 234
11 72 208
11 73 85
11 74 195
11 75 258
11 76 248
11 77 50
11 78 253
11 79 193
11 80 55
11 81 54
11 82 202
11 83 226
11 84 148
11 85 74
11 86 240
11 87 21
11 88 158
11 89 141
11 90 33
11 91 168
11 92 78
11 93 233
11 94 155
11 95 279
11 96 160
11 97 88
11 98 91
11 99 59
11 100 234
12 13 121
12 14 114
12 15 36
12 16 183
12 17 48
12 18 9
12 19 182
12 20 298
12 21 118
12 22 0
12 23 29
12 24 50
12 25 4
12 26 221
12 27 121
12 28 288
12 29 178
12 30 97
12 31 210
12 32 281
12 33 236
12 34 37
12 35 200
12 36 63
12 37 232
12 38 125
12 39 89
12 40 237
12 41 235
12 42 258
12 43 57
12 44 161
12 45 258
12 46 241
12 47 208
12 48 142
12 49 116
12 50 207
12 51 32
12 52 169
12 53 113
12 54 9
12 55 211
12 56 112
12 57 238
12 58 29
12 59 126
12 60 80
12 61 54
12 62 60
12 63 210
12 64 151
12 65 129
12 66 144
12 67 228
12 68 32
12 69 281
12 70 156
12 71 202
12 72 5
12 73 123
12 74 174
12 75 156
12 76 101
12 77 144
12 78 102
12 79 265
12 80 121
12 81 159
12 82 208
12 83 125
12 84 226
12 85 198
12 86 134
12 87 181
12 88 159
12 89 73
12 90 186
12 91 194
12 92 178
12 93 84
12 94 126
12 95 292
12 96 153
12 97 181
12 98 145
12 99 29
12 100 176
13 14 101
13 15 155
13 16 108
13 17 32
13 18 186
13 19 154
13 20 70
13 21 220
13 22 77
13 23 152
13 24 174
13 25 25
13 26 185
13 27 101
13 28 157
13 29 288
13 30 95
13 31 119
13 32 115
13 33 12
13 34 171
13 35 154
13 36 214
13 37 193
13 38 169
13 39 112
13 40 190
13 41 90
13 42 86
13 43 259
13 44 204
13 45 87
13 46 240
13 47 252
13 48 142
13 49 254
13 50 266
13 51 184
13 52 114
13 53 228
13 54 7
13 55 154
13 56 174
13 57 267
13 58 78
13 59 270
13 60 49
13 61 92
13 62 165
13 63 146
13 64 273
13 65 47
13 66 81
13 67 175
13 68 143
13 69 63
13 70 34
13 71 81
13 72 122
13 73 286
13 74 223
13 75 36
13 76 43
13 77 148
13 78 6
13 79 35
13 80 174
13 81 183
13 82 174
13 83 220
13 84 201
13 85 112
13 86 207
13 87 74
13 88 281
13 89 20
13 90 223
13 91 278
13 92 146
13 93 40
13 94 132
13 95 213
13 96 105
13 97 251
13 98 174
13 99 112
13 100 151
14 15 15
14 16 79
14 17 204
14 18 6
14 19 163
14 20 262
14 21 142
14 22 264
14 23 191
14 24 40
14 25 238
14 26 219
14 27 155
14 28 226
14 29 22
14 30 92
14 31 293
14 32 233
14 33 199
14 34 254
14 35 127
14 36 105
14 37 70
14 38 220
14 39 194
14 40 132
14 41 234
14 42 4
14 43 240
14 44 267
14 45 249
14 46 111
14 47 118
14 48 101
14 49 131
14 50 131
14 51 119
14 52 62
14 53 243
14 54 171
14 55 263
14 56 224
14 57 151
14 58 226
14 59 276
14 60 148
14 61 99
14 62 172
14 63 284
14 64 241
14 65 158
14 66 120
14 67 226
14 68 18
14 69 187
14 70 164
14 71 97
14 72 28
14 73 44
14 74 162
14 75 267
14 76 186
14 77 268
14 78 277
14 79 75
14 80 155
14 81 149
14 82 18
14 83 66
14 84 288
14 85 284
14 86 22
14 87 167
14 88 259
14 89 114
14 90 35
14 91 232
14 92 273
14 93 63
14 94 281
14 95 295
14 96 206
14 97 204
14 98 105
14 99 4
14 100 299
15 16 41
15 17 198
15 18 153
15 19 146
15 20 132
15 21 84
15 22 149
15 23 35
15 24 86
15 25 192
15 26 114
15 27 280
15 28 193
15 29 95
15 30 190
15 31 265
15 32 57
15 33 22
15 34 178
15 35 8
15 36 189
15 37 278
15 38 44
15 39 98
15 40 285
15 41 83
15 42 93
15 43 291
15 44 216
15 45 56
15 46 9
15 47 224
15 48 214
15 49 121
15 50 25
15 51 159
15 52 258
15 53 24
15 54 218
15 55 193
15 56 270
15 57 30
15 58 239
15 59 177
15 60 62
15 61 160
15 62 21
15 63 245
15 64 178
15 65 123
15 66 15
15 67 256
15 68 273
15 69 237
15 70 140
15 71 257
15 72 260
15 73 188
15 74 65
15 75 263
15 76 93
15 77 25
15 78 190
15 79 127
15 80 133
15 81 97
15 82 169
15 83 38
15 84 16
15 85 210
15 86 56
15 87 224
15 88 146
15 89 283
15 90 190
15 91 287
15 92 70
15 93 218
15 94 117
15 95 290
15 96 41
15 97 31
15 98 123
15 99 145
15 100 269
16 17 175
16 18 210
16 19 86
16 20 128
16 21 50
16 22 176
16 23 281
16 24 35
16 25 175
16 26 216
16 27 265
16 28 65
16 29 283
16 30 38
16 31 226
16 32 146
16 33 55
16 34 227
16 35 173
16 36 31
16 37 291
16 38 241
16 39 20
16 40 101
16 41 184
16 42 114
16 43 248
16 44 255
16 45 60
16 46 5
16 47 90
16 48 242
16 49 187
16 50 124
16 51 205
16 52 263
16 53 114
16 54 19
16 55 243
16 56 152
16 57 29
16 58 149
16 59 71
16 60 16
16 61 93
16 62 52
16 63 151
16 64 269
16 65 224
16 66 54
16 67 191
16 68 246
16 69 273
16 70 129
16 71 37
16 72 91
16 73 182
16 74 266
16 75 7
16 76 23
16 77 258
16 78 34
16 79 3
16 80 274
16 81 93
16 82 113
16 83 72
16 84 268
16 85 46
16 86 288
16 87 109
16 88 142
16 89 111
16 90 87
16 91 38
16 92 273
16 93 105
16 94 207
16 95 32
16 96 156
16 97 165
16 98 264
16 99 269
16 100 119
17 18 188
17 19 125
17 20 56
17 21 111
17 22 69
17 23 207
17 24 96
17 25 269
17 26 58
17 27 290
17 28 72
17 29 191
17 30 42
17 31 21
17 32 294
17 33 194
17 34 202
17 35 171
17 36 124
17 37 243
17 38 144
17 39 80
17 40 45
17 41 221
17 42 122
17 43 274
17 44 129
17 45 25
17 46 215
17 47 49
17 48 156
17 49 27
17 50 292
17 51 165
17 52 280
17 53 114
17 54 184
17 55 61
17 56 150
17 57 94
17 58 200
17 59 159
17 60 140
17 61 284
17 62 259
17 63 192
17 64 11
17 65 294
17 66 19
17 67 155
17 68 214
17 69 156
17 70 237
17 71 206
17 72 203
17 73 174
17 74 295
17 75 29
17 76 113
17 77 229
17 78 69
17 79 270
17 80 256
17 81 66
17 82 277
17 83 33
17 84 252
17 85 252
17 86 237
17 87 139
17 88 0
17 89 11
17 90 263
17 91 83
17 92 262
17 93 60
17 94 287
17 95 241
17 96 44
17 97 156
17 98 234
17 99 270
17 100 30
18 19 256
18 20 255
18 21 55
18 22 205
18 23 144
18 24 153
18 25 72
18 26 36
18 27 156
18 28 113
18 29 225
18 30 155
18 31 115
18 32 214
18 33 97
18 34 91
18 35 21
18 36 295
18 37 239
18 38 46
18 39 228
18 40 234
18 41 161
18 42 88
18 43 296
18 44 165
18 45 194
18 46 54
18 47 10
18 48 258
18 49 123
18 50 192
18 51 280
18 52 148
18 53 137
18 54 152
18 55 85
18 56 147
18 57 269
18 58 158
18 59 234
18 60 74
18 61 145
18 62 111
18 63 91
18 64 64
18 65 192
18 66 135
18 67 66
18 68 250
18 69 51
18 70 100
18 71 121
18 72 222
18 73 187
18 74 83
18 75 82
18 76 254
18 77 157
18 78 267
18 79 276
18 80 190
18 81 246
18 82 248
18 83 101
18 84 47
18 85 281
18 86 34
18 87 215
18 88 95
18 89 15
18 90 245
18 91 261
18 92 189
18 93 261
18 94 273
18 95 223
18 96 174
18 97 9
18 98 62
18 99 192
18 100 182
19 20 249
19 21 154
19 22 111
19 23 86
19 24 236
19 25 150
19 26 208
19 27 62
19 28 181
19 29 2
19 30 94
19 31 178
19 32 260
19 33 194
19 34 82
19 35 177
19 36 222
19 37 165
19 38 78
19 39 158
19 40 73
19 41 278
19 42 100
19 43 299
19 44 219
19 45 287
19 46 158
19 47 64
19 48 67
19 49 254
19 50 130
19 51 59
19 52 66
19 53 257
19 54 178
19 55 156
19 56 108
19 57 145
19 58 77
19 59 106
19 60 5
19 61 44
19 62 150
19 63 281
19 64 119
19 65 299
19 66 161
19 67 89
19 68 131
19 69 149
19 70 159
19 71 229
19 72 23
19 73 48
19 74 234
19 75 34
19 76 208
19 77 214
19 78 148
19 79 84
19 80 242
19 81 109
19 82 268
19 83 189
19 84 214
19 85 199
19 86 74
19 87 82
19 88 93
19 89 55
19 90 184
19 91 143
19 92 139
19 93 98
19 94 229
19 95 115
19 96 103
19 97 91
19 98 229
19 99 43
19 100 132
20 21 62
20 22 96
20 23 119
20 24 153
20 25 275
20 26 32
20 27 222
20 28 221
20 29 177
20 30 151
20 31 290
20 32 178
20 33 288
20 34 235
20 35 256
20 36 266
20 37 0
20 38 76
20 39 272
20 40 110
20 41 147
20 42 29
20 43 55
20 44 217
20 45 144
20 46 139
20 47 204
20 48 83
20 49 216
20 50 122
20 51 143
20 52 272
20 53 23
20 54 299
20 55 216
20 56 216
20 57 287
20 58 153
20 59 210
20 60 69
20 61 217
20 62 278
20 63 234
20 64 57
20 65 214
20 66 58
20 67 154
20 68 46
20 69 228
20 70 282
20 71 106
20 72 76
20 73 79
20 74 182
20 75 41
20 76 241
20 77 165
20 78 29
20 79 156
20 80 294
20 81 52
20 82 17
20 83 211
20 84 39
20 85 182
20 86 130
20 87 126
20 88 207
20 89 65
20 90 175
20 91 286
20 92 113
20 93 189
20 94 278
20 95 201
20 96 160
20 97 0
20 98 167
20 99 255
20 100 11
21 22 104
21 23 197
21 24 96
21 25 61
21 26 269
21 27 162
21 28 257
21 29 12
21 30 151
21 31 60
21 32 221
21 33 52
21 34 41
21 35 277
21 36 298
21 37 138
21 38 284
21 39 156
21 40 123
21 41 119
21 42 215
21 43 283
21 44 71
21 45 248
21 46 190
21 47 223
21 48 105
21 49 3
21 50 168
21 51 35
21 52 188
21 53 78
21 54 291
21 55 188
21 56 241
21 57 98
21 58 17
21 59 79
21 60 18
21 61 222
21 62 33
21 63 157
21 64 270
21 65 36
21 66 281
21 67 279
21 68 78
21 69 211
21 70 6
21 71 104
21 72 248
21 73 73
21 74 220
21 75 186
21 76 142
21 77 233
21 78 181
21 79 93
21 80 151
21 81 270
21 82 277
21 83 66
21 84 208
21 85 119
21 86 240
21 87 109
21 88 188
21 89 133
21 90 10
21 91 114
21 92 210
21 93 108
21 94 243
21 95 291
21 96 36
21 97 268
21 98 288
21 99 186
21 100 214
22 23 71
22 24 32
22 25 143
22 26 44
22 27 12
22 28 266
22 29 71
22 30 283
22 31 113
22 32 247
22 33 31
22 34 262
22 35 290
22 36 68
22 37 27
22 38 55
22 39 61
22 40 242
22 41 84
22 42 96
22 43 127
22 44 284
22 45 67
22 46 54
22 47 133
22 48 145
22 49 59
22 50 238
22 51 88
22 52 295
22 53 105
22 54 151
22 55 211
22 56 60
22 57 2
22 58 55
22 59 22
22 60 214
22 61 254
22 62 240
22 63 90
22 64 110
22 65 225
22 66 3
22 67 16
22 68 166
22 69 179
22 70 140
22 71 99
22 72 182
22 73 192
22 74 34
22 75 179
22 76 127
22 77 206
22 78 131
22 79 40
22 80 266
22 81 74
22 82 129
22 83 15
22 84 206
22 85 120
22 86 127
22 87 205
22 88 178
22 89 260
22 90 21
22 91 275
22 92 79
22 93 28
22 94 84
22 95 272
22 96 280
22 97 153
22 98 71
22 99 270
22 100 60
23 24 262
23 25 249
23 26 55
23 27 287
23 28 225
23 29 224
23 30 32
23 31 59
23 32 208
23 33 140
23 34 186
23 35 129
23 36 197
23 37 67
23 38 179
23 39 253
23 40 99
23 41 86
23 42 33
23 43 244
23 44 106
23 45 76
23 46 106
23 47 156
23 48 194
23 49 27
23 50 249
23 51 230
23 52 282
23 53 203
23 54 278
23 55 58
23 56 117
23 57 4
23 58 209
23 59 43
23 60 198
23 61 45
23 62 229
23 63 46
23 64 38
23 65 14
23 66 16
23 67 239
23 68 296
23 69 49
23 70 184
23 71 23
23 72 34
23 73 53
23 74 115
23 75 88
23 76 285
23 77 235
23 78 114
23 79 218
23 80 185
23 81 102
23 82 237
23 83 256
23 84 128
23 85 76
23 86 205
23 87 82
23 88 21
23 89 273
23 90 280
23 91 167
23 92 278
23 93 138
23 94 100
23 95 266
23 96 209
23 97 45
23 98 7
23 99 152
23 100 68
24 25 279
24 26 291
24 27 20
24 28 227
24 29 194
24 30 202
24 31 104
24 32 142
24 33 35
24 34 148
24 35 206
24 36 202
24 37 283
24 38 135
24 39 224
24 40 33
24 41 76
24 42 143
24 43 137
24 44 108
24 45 89
24 46 125
24 47 177
24 48 81
24 49 287
24 50 245
24 51 147
24 52 166
24 53 99
24 54 55
24 55 277
24 56 149
24 57 177
24 58 28
24 59 68
24 60 250
24 61 32
24 62 93
24 63 178
24 64 222
24 65 137
24 66 28
24 67 230
24 68 173
24 69 36
24 70 156
24 71 33
24 72 146
24 73 105
24 74 21
24 75 270
24 76 293
24 77 67
24 78 26
24 79 35
24 80 177
24 81 104
24 82 228
24 83 25
24 84 107
24 85 136
24 86 251
24 87 3
24 88 255
24 89 198
24 90 82
24 91 263
24 92 237
24 93 125
24 94 228
24 95 253
24 96 196
24 97 209
24 98 248
24 99 85
24 100 125
25 26 292
25 27 293
25 28 162
25 29 52
25 30 254
25 31 119
25 32 239
25 33 133
25 34 162
25 35 109
25 36 10
25 37 76
25 38 275
25 39 225
25 40 19
25 41 148
25 42 52
25 43 45
25 44 17
25 45 216
25 46 57
25 47 221
25 48 259
25 49 121
25 50 70
25 51 51
25 52 206
25 53 23
25 54 235
25 55 205
25 56 231
25 57 10
25 58 288
25 59 142
25 60 120
25 61 161
25 62 260
25 63 102
25 64 53
25 65 36
25 66 187
25 67 266
25 68 254
25 69 202
25 70 66
25 71 226
25 72 16
25 73 104
25 74 221
25 75 88
25 76 98
25 77 129
25 78 43
25 79 32
25 80 277
25 81 132
25 82 286
25 83 233
25 84 233
25 85 200
25 86 67
25 87 133
25 88 53
25 89 229
25 90 215
25 91 272
25 92 156
25 93 285
25 94 239
25 95 166
25 96 186
25 97 220
25 98 178
25 99 277
25 100 296
26 27 70
26 28 262
26 29 79
26 30 209
26 31 203
26 32 238
26 33 129
26 34 173
26 35 20
26 36 215
26 37 201
26 38 35
26 39 246
26 40 128
26 41 91
26 42 134
26 43 90
26 44 186
26 45 220
26 46 236
26 47 147
26 48 114
26 49 170
26 50 181
26 51 200
26 52 191
26 53 232
26 54 70
26 55 103
26 56 264
26 57 65
26 58 262
26 59 245
26 60 95
26 61 275
26 62 22
26 63 117
26 64 147
26 65 165
26 66 23
26 67 244
26 68 81
26 69 87
26 70 157
26 71 18
26 72 266
26 73 84
26 74 197
26 75 175
26 76 242
26 77 91
26 78 146
26 79 53
26 80 254
26 81 15
26 82 124
26 83 182
26 84 55
26 85 157
26 86 42
26 87 99
26 88 6
26 89 224
26 90 136
26 91 71
26 92 232
26 93 284
26 94 152
26 95 27
26 96 99
26 97 203
26 98 146
26 99 82
26 100 54
27 28 118
27 29 5
27 30 131
27 31 189
27 32 4
27 33 285
27 34 138
27 35 202
27 36 140
27 37 79
27 38 126
27 39 197
27 40 236
27 41 22
27 42 115
27 43 25
27 44 44
27 45 134
27 46 123
27 47 255
27 48 234
27 49 226
27 50 101
27 51 98
27 52 71
27 53 142
27 54 169
27 55 160
27 56 138
27 57 109
27 58 271
27 59 160
27 60 128
27 61 62
27 62 21
27 63 124
27 64 128
27 65 196
27 66 246
27 67 81
27 68 143
27 69 20
27 70 286
27 71 157
27 72 119
27 73 156
27 74 79
27 75 120
27 76 271
27 77 119
27 78 292
27 79 80
27 80 129
27 81 160
27 82 75
27 83 99
27 84 141
27 85 98
27 86 187
27 87 295
27 88 92
27 89 199
27 90 285
27 91 88
27 92 155
27 93 171
27 94 205
27 95 147
27 96 227
27 97 85
27 98 214
27 99 219
27 100 143
28 29 101
28 30 273
28 31 148
28 32 276
28 33 110
28 34 279
28 35 225
28 36 47
28 37 124
28 38 204
28 39 274
28 40 49
28 41 10
28 42 150
28 43 83
28 44 226
28 45 228
28 46 286
28 47 135
28 48 150
28 49 188
28 50 286
28 51 265
28 52 235
28 53 47
28 54 49
28 55 111
28 56 158
28 57 280
28 58 277
28 59 55
28 60 97
28 61 181
28 62 115
28 63 42
28 64 178
28 65 78
28 66 275
28 67 59
28 68 216
28 69 106
28 70 138
28 71 60
28 72 220
28 73 94
28 74 159
28 75 140
28 76 15
28 77 138
28 78 34
28 79 252
28 80 189
28 81 87
28 82 115
28 83 269
28 84 217
28 85 36
28 86 19
28 87 82
28 88 216
28 89 40
28 90 142
28 91 13
28 92 27
28 93 258
28 94 2
28 95 88
28 96 71
28 97 277
28 98 25
28 99 21
28 100 290
29 30 100
29 31 232
29 32 244
29 33 112
29 34 10
29 35 5
29 36 3
29 37 58
29 38 159
29 39 225
29 40 204
29 41 290
29 42 213
29 43 234
29 44 198
29 45 29
29 46 204
29 47 193
29 48 76
29 49 219
29 50 96
29 51 23
29 52 10
29 53 121
29 54 140
29 55 31
29 56 204
29 57 83
29 58 38
29 59 54
29 60 160
29 61 295
29 62 198
29 63 9
29 64 1
29 65 196
29 66 192
29 67 158
29 68 162
29 69 256
29 70 196
29 71 44
29 72 20
29 73 246
29 74 69
29 75 82
29 76 89
29 77 211
29 78 85
29 79 137
29 80 134
29 81 206
29 82 65
29 83 155
29 84 187
29 85 221
29 86 1
29 87 202
29 88 12
29 89 245
29 90 88
29 91 242
29 92 124
29 93 20
29 94 68
29 95 224
29 96 128
29 97 136
29 98 160
29 99 232
29 100 244
30 31 208
30 32 30
30 33 14
30 34 170
30 35 149
30 36 217
30 37 233
30 38 130
30 39 13
30 40 295
30 41 7
30 42 95
30 43 61
30 44 46
30 45 108
30 46 208
30 47 227
30 48 28
30 49 128
30 50 13
30 51 72
30 52 261
30 53 265
30 54 271
30 55 272
30 56 279
30 57 66
30 58 158
30 59 214
30 60 59
30 61 151
30 62 133
30 63 122
30 64 273
30 65 222
30 66 16
30 67 137
30 68 57
30 69 205
30 70 279
30 71 288
30 72 163
30 73 128
30 74 284
30 75 235
30 76 65
30 77 271
30 78 12
30 79 17
30 80 83
30 81 57
30 82 77
30 83 253
30 84 224
30 85 117
30 86 128
30 87 132
30 88 105
30 89 170
30 90 188
30 91 158
30 92 248
30 93 266
30 94 64
30 95 138
30 96 177
30 97 37
30 98 185
30 99 288
30 100 208
31 32 98
31 33 2
31 34 150
31 35 185
31 36 80
31 37 114
31 38 174
31 39 100
31 40 117
31 41 29
31 42 231
31 43 28
31 44 275
31 45 89
31 46 136
31 47 146
31 48 198
31 49 159
31 50 18
31 51 187
31 52 49
31 53 133
31 54 73
31 55 247
31 56 86
31 57 233
31 58 261
31 59 212
31 60 64
31 61 262
31 62 105
31 63 113
31 64 69
31 65 199
31 66 171
31 67 282
31 68 200
31 69 160
31 70 32
31 71 148
31 72 23
31 73 159
31 74 41
31 75 25
31 76 65
31 77 261
31 78 138
31 79 106
31 80 109
31 81 85
31 82 196
31 83 10
31 84 149
31 85 113
31 86 145
31 87 143
31 88 18
31 89 90
31 90 135
31 91 183
31 92 12
31 93 279
31 94 270
31 95 187
31 96 139
31 97 228
31 98 40
31 99 4
31 100 43
32 33 196
32 34 117
32 35 234
32 36 167
32 37 278
32 38 181
32 39 166
32 40 143
32 41 6
32 42 201
32 43 130
32 44 233
32 45 120
32 46 286
32 47 201
32 48 297
32 49 263
32 50 170
32 51 167
32 52 70
32 53 5
32 54 295
32 55 196
32 56 145
32 57 47
32 58 107
32 59 65
32 60 75
32 61 213
32 62 2
32 63 2
32 64 153
32 65 212
32 66 232
32 67 282
32 68 127
32 69 83
32 70 87
32 71 58
32 72 100
32 73 292
32 74 94
32 75 13
32 76 99
32 77 276
32 78 16
32 79 82
32 80 104
32 81 40
32 82 157
32 83 201
32 84 48
32 85 115
32 86 271
32 87 10
32 88 254
32 89 272
32 90 15
32 91 266
32 92 131
32 93 197
32 94 89
32 95 2
32 96 108
32 97 152
32 98 180
32 99 41
32 100 10
33 34 228
33 35 172
33 36 102
33 37 244
33 38 206
33 39 105
33 40 133
33 41 42
33 42 169
33 43 41
33 44 288
33 45 194
33 46 162
33 47 27
33 48 254
33 49 64
33 50 72
33 51 106
33 52 86
33 53 91
33 54 10
33 55 98
33 56 167
33 57 118
33 58 120
33 59 297
33 60 297
33 61 58
33 62 299
33 63 251
33 64 157
33 65 233
33 66 292
33 67 298
33 68 277
33 69 205
33 70 130
33 71 173
33 72 115
33 73 89
33 74 184
33 75 39
33 76 273
33 77 229
33 78 246
33 79 171
33 80 133
33 81 117
33 82 295
33 83 68
33 84 187
33 85 134
33 86 147
33 87 169
33 88 210
33 89 186
33 90 63
33 91 42
33 92 138
33 93 10
33 94 103
33 95 70
33 96 176
33 97 219
33 98 88
33 99 90
33 100 239
34 35 12
34 36 204
34 37 269
34 38 234
34 39 109
34 40 247
34 41 292
34 42 52
34 43 274
34 44 110
34 45 92
34 46 158
34 47 22
34 48 137
34 49 4
34 50 228
34 51 149
34 52 38
34 53 44
34 54 78
34 55 179
34 56 99
34 57 194
34 58 52
34 59 132
34 60 270
34 61 254
34 62 294
34 63 56
34 64 122
34 65 115
34 66 46
34 67 18
34 68 289
34 69 99
34 70 103
34 71 31
34 72 106
34 73 180
34 74 213
34 75 268
34 76 160
34 77 71
34 78 169
34 79 287
34 80 137
34 81 145
34 82 259
34 83 233
34 84 213
34 85 136
34 86 32
34 87 114
34 88 7
34 89 34
34 90 146
34 91 289
34 92 97
34 93 48
34 94 291
34 95 285
34 96 203
34 97 59
34 98 232
34 99 110
34 100 201
35 36 186
35 37 272
35 38 212
35 39 58
35 40 209
35 41 256
35 42 161
35 43 90
35 44 200
35 45 261
35 46 34
35 47 233
35 48 75
35 49 254
35 50 122
35 51 253
35 52 96
35 53 44
35 54 18
35 55 110
35 56 267
35 57 258
35 58 229
35 59 98
35 60 251
35 61 290
35 62 183
35 63 81
35 64 173
35 65 207
35 66 178
35 67 127
35 68 170
35 69 179
35 70 171
35 71 107
35 72 12
35 73 239
35 74 38
35 75 60
35 76 221
35 77 57
35 78 37
35 79 70
35 80 200
35 81 51
35 82 254
35 83 9
35 84 120
35 85 215
35 86 108
35 87 148
35 88 276
35 89 257
35 90 98
35 91 131
35 92 23
35 93 205
35 94 15
35 95 226
35 96 21
35 97 289
35 98 267
35 99 182
35 100 29
36 37 202
36 38 0
36 39 41
36 40 96
36 41 155
36 42 259
36 43 99
36 44 249
36 45 162
36 46 124
36 47 99
36 48 218
36 49 156
36 50 167
36 51 50
36 52 56
36 53 110
36 54 145
36 55 228
36 56 6
36 57 69
36 58 148
36 59 262
36 60 89
36 61 101
36 62 106
36 63 21
36 64 138
36 65 189
36 66 23
36 67 294
36 68 139
36 69 22
36 70 228
36 71 55
36 72 135
36 73 161
36 74 15
36 75 55
36 76 29
36 77 85
36 78 264
36 79 47
36 80 273
36 81 220
36 82 291
36 83 114
36 84 218
36 85 174
36 86 40
36 87 113
36 88 281
36 89 93
36 90 50
36 91 226
36 92 125
36 93 166
36 94 42
36 95 159
36 96 0
36 97 126
36 98 228
36 99 46
36 100 269
37 38 161
37 39 69
37 40 215
37 41 3
37 42 90
37 43 81
37 44 238
37 45 103
37 46 297
37 47 138
37 48 125
37 49 230
37 50 233
37 51 269
37 52 197
37 53 277
37 54 93
37 55 227
37 56 35
37 57 24
37 58 136
37 59 21
37 60 1
37 61 72
37 62 217
37 63 181
37 64 40
37 65 229
37 66 252
37 67 7
37 68 71
37 69 291
37 70 129
37 71 162
37 72 279
37 73 131
37 74 51
37 75 97
37 76 63
37 77 248
37 78 17
37 79 52
37 80 156
37 81 19
37 82 237
37 83 222
37 84 100
37 85 137
37 86 116
37 87 202
37 88 78
37 89 144
37 90 280
37 91 290
37 92 121
37 93 34
37 94 12
37 95 295
37 96 275
37 97 148
37 98 292
37 99 186
37 100 283
38 39 7
38 40 225
38 41 71
38 42 62
38 43 140
38 44 267
38 45 195
38 46 94
38 47 91
38 48 25
38 49 89
38 50 250
38 51 36
38 52 163
38 53 200
38 54 6
38 55 50
38 56 101
38 57 228
38 58 6
38 59 258
38 60 144
38 61 102
38 62 212
38 63 172
38 64 41
38 65 85
38 66 272
38 67 0
38 68 203
38 69 230
38 70 255
38 71 6
38 72 205
38 73 146
38 74 56
38 75 177
38 76 205
38 77 235
38 78 103
38 79 143
38 80 53
38 81 27
38 82 80
38 83 128
38 84 49
38 85 43
38 86 189
38 87 257
38 88 291
38 89 241
38 90 10
38 91 142
38 92 56
38 93 197
38 94 256
38 95 11
38 96 213
38 97 163
38 98 16
38 99 31
38 100 151
39 40 237
39 41 112
39 42 270
39 43 215
39 44 257
39 45 19
39 46 141
39 47 106
39 48 131
39 49 164
39 50 223
39 51 4
39 52 282
39 53 6
39 54 75
39 55 277
39 56 213
39 57 75
39 58 51
39 59 57
39 60 213
39 61 79
39 62 192
39 63 127
39 64 222
39 65 153
39 66 57
39 67 176
39 68 269
39 69 221
39 70 201
39 71 280
39 72 245
39 73 162
39 74 7
39 75 221
39 76 184
39 77 251
39 78 73
39 79 185
39 80 94
39 81 95
39 82 272
39 83 146
39 84 2
39 85 237
39 86 199
39 87 187
39 88 257
39 89 137
39 90 98
39 91 105
39 92 0
39 93 80
39 94 286
39 95 88
39 96 166
39 97 17
39 98 81
39 99 280
39 100 15
40 41 297
40 42 135
40 43 205
40 44 138
40 45 45
40 46 116
40 47 71
40 48 63
40 49 209
40 50 41
40 51 188
40 52 41
40 53 293
40 54 141
40 55 146
40 56 97
40 57 189
40 58 268
40 59 293
40 60 176
40 61 9
40 62 251
40 63 243
40 64 228
40 65 48
40 66 132
40 67 225
40 68 193
40 69 113
40 70 38
40 71 280
40 72 26
40 73 150
40 74 97
40 75 151
40 76 197
40 77 69
40 78 171
40 79 43
40 80 141
40 81 232
40 82 124
40 83 183
40 84 155
40 85 43
40 86 258
40 87 254
40 88 16
40 89 252
40 90 26
40 91 139
40 92 89
40 93 170
40 94 81
40 95 98
40 96 226
40 97 127
40 98 157
40 99 90
40 100 197
41 42 258
41 43 265
41 44 157
41 45 59
41 46 224
41 47 6
41 48 180
41 49 40
41 50 260
41 51 228
41 52 130
41 53 62
41 54 221
41 55 251
41 56 132
41 57 120
41 58 261
41 59 179
41 60 268
41 61 220
41 62 13
41 63 135
41 64 174
41 65 281
41 66 148
41 67 280
41 68 83
41 69 271
41 70 126
41 71 3
41 72 251
41 73 129
41 74 107
41 75 95
41 76 228
41 77 179
41 78 197
41 79 181
41 80 210
41 81 288
41 82 183
41 83 104
41 84 86
41 85 222
41 86 124
41 87 264
41 88 183
41 89 1
41 90 70
41 91 48
41 92 81
41 93 183
41 94 272
41 95 138
41 96 234
41 97 260
41 98 40
41 99 52
41 100 249
42 43 228
42 44 260
42 45 117
42 46 106
42 47 218
42 48 134
42 49 140
42 50 36
42 51 141
42 52 216
42 53 80
42 54 231
42 55 234
42 56 157
42 57 61
42 58 174
42 59 35
42 60 159
42 61 102
42 62 218
42 63 190
42 64 194
42 65 201
42 66 121
42 67 240
42 68 52
42 69 193
42 70 3
42 71 231
42 72 74
42 73 27
42 74 235
42 75 268
42 76 137
42 77 68
42 78 288
42 79 248
42 80 224
42 81 248
42 82 177
42 83 292
42 84 65
42 85 59
42 86 4
42 87 97
42 88 158
42 89 61
42 90 131
42 91 42
42 92 290
42 93 251
42 94 66
42 95 126
42 96 118
42 97 68
42 98 35
42 99 219
42 100 219
43 44 129
43 45 123
43 46 136
43 47 195
43 48 219
43 49 189
43 50 30
43 51 265
43 52 150
43 53 192
43 54 127
43 55 282
43 56 187
43 57 161
43 58 261
43 59 39
43 60 68
43 61 224
43 62 287
43 63 36
43 64 226
43 65 141
43 66 68
43 67 53
43 68 130
43 69 64
43 70 239
43 71 161
43 72 112
43 73 243
43 74 105
43 75 8
43 76 149
43 77 204
43 78 148
43 79 277
43 80 17
43 81 88
43 82 96
43 83 243
43 84 291
43 85 70
43 86 64
43 87 200
43 88 194
43 89 237
43 90 108
43 91 92
43 92 150
43 93 141
43 94 79
43 95 89
43 96 231
43 97 16
43 98 172
43 99 83
43 100 23
44 45 250
44 46 245
44 47 7
44 48 14
44 49 271
44 50 24
44 51 10
44 52 230
44 53 195
44 54 267
44 55 272
44 56 117
44 57 237
44 58 11
44 59 1
44 60 171
44 61 175
44 62 31
44 63 174
44 64 62
44 65 269
44 66 272
44 67 289
44 68 19
44 69 37
44 70 123
44 71 66
44 72 167
44 73 63
44 74 40
44 75 19
44 76 260
44 77 129
44 78 122
44 79 60
44 80 69
44 81 154
44 82 234
44 83 169
44 84 93
44 85 235
44 86 233
44 87 54
44 88 246
44 89 146
44 90 14
44 91 74
44 92 59
44 93 91
44 94 59
44 95 88
44 96 120
44 97 165
44 98 140
44 99 208
44 100 288
45 46 176
45 47 97
45 48 183
45 49 276
45 50 274
45 51 0
45 52 217
45 53 192
45 54 225
45 55 213
45 56 287
45 57 282
45 58 22
45 59 93
45 60 31
45 61 264
45 62 292
45 63 110
45 64 189
45 65 125
45 66 251
45 67 219
45 68 151
45 69 125
45 70 15
45 71 113
45 72 184
45 73 154
45 74 228
45 75 63
45 76 245
45 77 170
45 78 196
45 79 42
45 80 244
45 81 12
45 82 239
45 83 230
45 84 293
45 85 234
45 86 157
45 87 240
45 88 211
45 89 208
45 90 273
45 91 127
45 92 160
45 93 142
45 94 122
45 95 8
45 96 67
45 97 215
45 98 237
45 99 231
45 100 44
46 47 16
46 48 58
46 49 277
46 50 135
46 51 94
46 52 14
46 53 83
46 54 273
46 55 96
46 56 113
46 57 230
46 58 147
46 59 277
46 60 3
46 61 194
46 62 160
46 63 242
46 64 11
46 65 288
46 66 233
46 67 67
46 68 251
46 69 259
46 70 273
46 71 195
46 72 158
46 73 296
46 74 59
46 75 184
46 76 146
46 77 156
46 78 111
46 79 33
46 80 96
46 81 267
46 82 110
46 83 264
46 84 274
46 85 0
46 86 70
46 87 222
46 88 157
46 89 24
46 90 144
46 91 187
46 92 75
46 93 78
46 94 257
46 95 251
46 96 191
46 97 129
46 98 256
46 99 135
46 100 12
47 48 189
47 49 239
47 50 276
47 51 90
47 52 210
47 53 236
47 54 200
47 55 265
47 56 118
47 57 133
47 58 204
47 59 26
47 60 45
47 61 143
47 62 91
47 63 270
47 64 199
47 65 51
47 66 240
47 67 69
47 68 36
47 69 242
47 70 237
47 71 283
47 72 8
47 73 60
47 74 260
47 75 127
47 76 88
47 77 289
47 78 13
47 79 19
47 80 86
47 81 103
47 82 202
47 83 90
47 84 130
47 85 133
47 86 93
47 87 38
47 88 52
47 89 91
47 90 17
47 91 202
47 92 124
47 93 194
47 94 12
47 95 40
47 96 77
47 97 63
47 98 32
47 99 193
47 100 145
48 49 103
48 50 180
48 51 51
48 52 151
48 53 102
48 54 76
48 55 274
48 56 255
48 57 8
48 58 183
48 59 11
48 60 244
48 61 212
48 62 195
48 63 59
48 64 276
48 65 117
48 66 20
48 67 167
48 68 147
48 69 41
48 70 298
48 71 281
48 72 276
48 73 231
48 74 16
48 75 137
48 76 216
48 77 237
48 78 297
48 79 187
48 80 86
48 81 296
48 82 40
48 83 220
48 84 27
48 85 88
48 86 299
48 87 140
48 88 292
48 89 245
48 90 51
48 91 104
48 92 90
48 93 140
48 94 19
48 95 47
48 96 132
48 97 193
48 98 269
48 99 269
48 100 150
49 50 136
49 51 143
49 52 284
49 53 231
49 54 84
49 55 84
49 56 277
49 57 168
49 58 95
49 59 208
49 60 286
49 61 36
49 62 251
49 63 64
49 64 162
49 65 106
49 66 242
49 67 188
49 68 61
49 69 296
49 70 194
49 71 139
49 72 264
49 73 105
49 74 203
49 75 234
49 76 200
49 77 257
49 78 187
49 79 139
49 80 192
49 81 116
49 82 194
49 83 106
49 84 89
49 85 225
49 86 222
49 87 64
49 88 164
49 89 169
49 90 3
49 91 249
49 92 49
49 93 97
49 94 128
49 95 23
49 96 135
49 97 88
49 98 282
49 99 244
49 100 166
50 51 28
50 52 16
50 53 211
50 54 80
50 55 114
50 56 169
50 57 261
50 58 87
50 59 171
50 60 184
50 61 272
50 62 268
50 63 0
50 64 183
50 65 224
50 66 228
50 67 26
50 68 218
50 69 30
50 70 254
50 71 270
50 72 173
50 73 179
50 74 72
50 75 17
50 76 71
50 77 70
50 78 44
50 79 71
50 80 48
50 81 131
50 82 239
50 83 143
50 84 3
50 85 104
50 86 148
50 87 245
50 88 297
50 89 199
50 90 139
50 91 5
50 92 266
50 93 95
50 94 57
50 95 161
50 96 111
50 97 41
50 98 134
50 99 85
50 100 299
51 52 230
51 53 77
51 54 144
51 55 109
51 56 168
51 57 4
51 58 190
51 59 61
51 60 250
51 61 133
51 62 40
51 63 176
51 64 250
51 65 121
51 66 187
51 67 96
51 68 9
51 69 164
51 70 201
51 71 201
51 72 238
51 73 171
51 74 52
51 75 156
51 76 247
51 77 246
51 78 22
51 79 247
51 80 105
51 81 235
51 82 35
51 83 37
51 84 177
51 85 235
51 86 257
51 87 282
51 88 136
51 89 252
51 90 181
51 91 26
51 92 98
51 93 238
51 94 74
51 95 165
51 96 198
51 97 188
51 98 39
51 99 156
51 100 158
52 53 266
52 54 292
52 55 140
52 56 32
52 57 255
52 58 62
52 59 57
52 60 0
52 61 62
52 62 48
52 63 56
52 64 222
52 65 198
52 66 232
52 67 284
52 68 35
52 69 202
52 70 74
52 71 159
52 72 153
52 73 250
52 74 46
52 75 281
52 76 285
52 77 90
52 78 71
52 79 290
52 80 44
52 81 218
52 82 33
52 83 77
52 84 126
52 85 269
52 86 267
52 87 3
52 88 235
52 89 242
52 90 299
52 91 226
52 92 289
52 93 149
52 94 86
52 95 103
52 96 261
52 97 236
52 98 190
52 99 88
52 100 30
53 54 14
53 55 72
53 56 243
53 57 218
53 58 212
53 59 276
53 60 194
53 61 174
53 62 291
53 63 83
53 64 26
53 65 95
53 66 299
53 67 251
53 68 11
53 69 206
53 70 253
53 71 48
53 72 63
53 73 242
53 74 136
53 75 175
53 76 131
53 77 265
53 78 230
53 79 42
53 80 299
53 81 270
53 82 174
53 83 1
53 84 108
53 85 62
53 86 55
53 87 35
53 88 169
53 89 233
53 90 200
53 91 29
53 92 9
53 93 103
53 94 191
53 95 67
53 96 201
53 97 213
53 98 212
53 99 298
53 100 231
54 55 119
54 56 27
54 57 205
54 58 135
54 59 276
54 60 255
54 61 45
54 62 212
54 63 122
54 64 82
54 65 125
54 66 258
54 67 174
54 68 18
54 69 131
54 70 163
54 71 127
54 72 145
54 73 18
54 74 184
54 75 181
54 76 62
54 77 163
54 78 40
54 79 274
54 80 40
54 81 252
54 82 135
54 83 182
54 84 17
54 85 247
54 86 8
54 87 250
54 88 135
54 89 120
54 90 3
54 91 236
54 92 56
54 93 195
54 94 116
54 95 143
54 96 27
54 97 37
54 98 67
54 99 80
54 100 35
55 56 109
55 57 155
55 58 284
55 59 12
55 60 79
55 61 213
55 62 179
55 63 32
55 64 107
55 65 162
55 66 120
55 67 215
55 68 279
55 69 0
55 70 228
55 71 128
55 72 124
55 73 192
55 74 18
55 75 73
55 76 235
55 77 31
55 78 244
55 79 54
55 80 22
55 81 94
55 82 24
55 83 195
55 84 38
55 85 189
55 86 10
55 87 77
55 88 3
55 89 147
55 90 190
55 91 239
55 92 38
55 93 249
55 94 205
55 95 242
55 96 171
55 97 157
55 98 102
55 99 245
55 100 280
56 57 100
56 58 162
56 59 276
56 60 286
56 61 207
56 62 290
56 63 19
56 64 254
56 65 210
56 66 40
56 67 299
56 68 246
56 69 234
56 70 290
56 71 265
56 72 65
56 73 257
56 74 168
56 75 15
56 76 27
56 77 88
56 78 221
56 79 50
56 80 153
56 81 91
56 82 139
56 83 59
56 84 18
56 85 258
56 86 286
56 87 70
56 88 94
56 89 82
56 90 264
56 91 149
56 92 2
56 93 4
56 94 255
56 95 183
56 96 210
56 97 142
56 98 79
56 99 73
56 100 2
57 58 242
57 59 296
57 60 87
57 61 173
57 62 159
57 63 53
57 64 249
57 65 135
57 66 264
57 67 32
57 68 291
57 69 51
57 70 181
57 71 195
57 72 52
57 73 204
57 74 56
57 75 198
57 76 221
57 77 36
57 78 204
57 79 110
57 80 245
57 81 111
57 82 210
57 83 1
57 84 196
57 85 92
57 86 1
57 87 272
57 88 86
57 89 245
57 90 199
57 91 38
57 92 289
57 93 1
57 94 114
57 95 128
57 96 53
57 97 133
57 98 227
57 99 156
57 100 206
58 59 179
58 60 75
58 61 194
58 62 7
58 63 266
58 64 256
58 65 42
58 66 36
58 67 186
58 68 159
58 69 178
58 70 226
58 71 164
58 72 43
58 73 64
58 74 192
58 75 16
58 76 183
58 77 220
58 78 172
58 79 293
58 80 36
58 81 59
58 82 293
58 83 112
58 84 258
58 85 53
58 86 293
58 87 277
58 88 224
58 89 41
58 90 271
58 91 234
58 92 12
58 93 286
58 94 91
58 95 82
58 96 292
58 97 109
58 98 178
58 99 127
58 100 54
59 60 221
59 61 16
59 62 32
59 63 23
59 64 97
59 65 291
59 66 90
59 67 83
59 68 10
59 69 122
59 70 39
59 71 229
59 72 269
59 73 22
59 74 9
59 75 84
59 76 282
59 77 110
59 78 63
59 79 20
59 80 269
59 81 56
59 82 297
59 83 63
59 84 98
59 85 288
59 86 168
59 87 166
59 88 99
59 89 238
59 90 283
59 91 176
59 92 270
59 93 299
59 94 131
59 95 13
59 96 16
59 97 217
59 98 43
59 99 194
59 100 237
60 61 73
60 62 117
60 63 175
60 64 144
60 65 244
60 66 238
60 67 222
60 68 250
60 69 51
60 70 150
60 71 163
60 72 183
60 73 185
60 74 167
60 75 271
60 76 213
60 77 7
60 78 150
60 79 197
60 80 296
60 81 41
60 82 50
60 83 57
60 84 286
60 85 178
60 86 10
60 87 161
60 88 150
60 89 12
60 90 25
60 91 140
60 92 268
60 93 239
60 94 205
60 95 285
60 96 73
60 97 47
60 98 171
60 99 196
60 100 64
61 62 282
61 63 157
61 64 55
61 65 7
61 66 44
61 67 292
61 68 173
61 69 18
61 70 16
61 71 1
61 72 249
61 73 29
61 74 282
61 75 293
61 76 33
61 77 155
61 78 205
61 79 17
61 80 6
61 81 89
61 82 44
61 83 287
61 84 256
61 85 251
61 86 294
61 87 252
61 88 230
61 89 19
61 90 174
61 91 58
61 92 219
61 93 284
61 94 288
61 95 284
61 96 116
61 97 282
61 98 75
61 99 115
61 100 127
62 63 225
62 64 137
62 65 215
62 66 92
62 67 283
62 68 253
62 69 288
62 70 154
62 71 203
62 72 103
62 73 95
62 74 263
62 75 11
62 76 4
62 77 195
62 78 39
62 79 14
62 80 118
62 81 134
62 82 275
62 83 275
62 84 240
62 85 137
62 86 234
62 87 279
62 88 1
62 89 257
62 90 165
62 91 294
62 92 55
62 93 210
62 94 89
62 95 62
62 96 213
62 97 62
62 98 185
62 99 247
62 100 295
63 64 102
63 65 296
63 66 137
63 67 271
63 68 229
63 69 149
63 70 99
63 71 45
63 72 207
63 73 185
63 74 69
63 75 36
63 76 239
63 77 128
63 78 101
63 79 33
63 80 35
63 81 123
63 82 282
63 83 137
63 84 154
63 85 188
63 86 60
63 87 51
63 88 30
63 89 99
63 90 41
63 91 169
63 92 220
63 93 247
63 94 13
63 95 127
63 96 20
63 97 79
63 98 51
63 99 230
63 100 262
64 65 209
64 66 156
64 67 289
64 68 274
64 69 90
64 70 39
64 71 207
64 72 255
64 73 18
64 74 207
64 75 187
64 76 117
64 77 288
64 78 50
64 79 2
64 80 236
64 81 30
64 82 100
64 83 145
64 84 266
64 85 96
64 86 69
64 87 50
64 88 245
64 89 144
64 90 229
64 91 117
64 92 198
64 93 22
64 94 66
64 95 39
64 96 190
64 97 60
64 98 208
64 99 23
64 100 227
65 66 2
65 67 81
65 68 164
65 69 29
65 70 259
65 71 6
65 72 269
65 73 95
65 74 292
65 75 143
65 76 190
65 77 52
65 78 111
65 79 155
65 80 110
65 81 87
65 82 2
65 83 70
65 84 63
65 85 74
65 86 73
65 87 29
65 88 298
65 89 33
65 90 33
65 91 282
65 92 289
65 93 108
65 94 84
65 95 118
65 96 46
65 97 136
65 98 21
65 99 51
65 100 183
66 67 185
66 68 264
66 69 199
66 70 214
66 71 65
66 72 126
66 73 267
66 74 128
66 75 160
66 76 154
66 77 102
66 78 193
66 79 170
66 80 50
66 81 224
66 82 133
66 83 92
66 84 255
66 85 68
66 86 182
66 87 139
66 88 260
66 89 37
66 90 62
66 91 1
66 92 240
66 93 264
66 94 262
66 95 108
66 96 75
66 97 245
66 98 119
66 99 249
66 100 246
67 68 128
67 69 135
67 70 241
67 71 197
67 72 186
67 73 235
67 74 237
67 75 262
67 76 149
67 77 74
67 78 39
67 79 255
67 80 178
67 81 220
67 82 159
67 83 5
67 84 133
67 85 117
67 86 223
67 87 95
67 88 61
67 89 110
67 90 219
67 91 124
67 92 164
67 93 263
67 94 31
67 95 102
67 96 112
67 97 60
67 98 210
67 99 198
67 100 182
68 69 13
68 70 110
68 71 61
68 72 96
68 73 229
68 74 215
68 75 32
68 76 202
68 77 42
68 78 53
68 79 41
68 80 5
68 81 148
68 82 290
68 83 9
68 84 173
68 85 295
68 86 283
68 87 61
68 88 43
68 89 94
68 90 45
68 91 289
68 92 9
68 93 163
68 94 254
68 95 102
68 96 253
68 97 61
68 98 280
68 99 36
68 100 218
69 70 205
69 71 204
69 72 152
69 73 273
69 74 121
69 75 76
69 76 51
69 77 257
69 78 48
69 79 272
69 80 215
69 81 89
69 82 53
69 83 278
69 84 93
69 85 272
69 86 52
69 87 183
69 88 242
69 89 259
69 90 17
69 91 62
69 92 17
69 93 49
69 94 13
69 95 228
69 96 158
69 97 163
69 98 19
69 99 60
69 100 202
70 71 212
70 72 90
70 73 204
70 74 224
70 75 79
70 76 23
70 77 40
70 78 143
70 79 20
70 80 29
70 81 245
70 82 74
70 83 267
70 84 21
70 85 209
70 86 16
70 87 220
70 88 129
70 89 183
70 90 190
70 91 47
70 92 115
70 93 193
70 94 95
70 95 208
70 96 170
70 97 113
70 98 292
70 99 112
70 100 28
71 72 50
71 73 108
71 74 178
71 75 168
71 76 120
71 77 77
71 78 232
71 79 243
71 80 251
71 81 181
71 82 81
71 83 17
71 84 127
71 85 236
71 86 80
71 87 23
71 88 29
71 89 32
71 90 143
71 91 28
71 92 109
71 93 133
71 94 1
71 95 229
71 96 24
71 97 273
71 98 126
71 99 64
71 100 245
72 73 48
72 74 285
72 75 102
72 76 111
72 77 237
72 78 259
72 79 65
72 80 214
72 81 23
72 82 249
72 83 122
72 84 207
72 85 194
72 86 243
72 87 202
72 88 173
72 89 132
72 90 284
72 91 165
72 92 263
72 93 99
72 94 123
72 95 52
72 96 109
72 97 160
72 98 25
72 99 142
72 100 76
73 74 209
73 75 135
73 76 195
73 77 60
73 78 178
73 79 243
73 80 69
73 81 139
73 82 21
73 83 70
73 84 172
73 85 182
73 86 25
73 87 208
73 88 38
73 89 288
73 90 279
73 91 127
73 92 210
73 93 278
73 94 182
73 95 115
73 96 117
73 97 57
73 98 119
73 99 229
73 100 23
74 75 37
74 76 51
74 77 137
74 78 133
74 79 75
74 80 293
74 81 158
74 82 174
74 83 83
74 84 140
74 85 24
74 86 299
74 87 207
74 88 41
74 89 286
74 90 43
74 91 25
74 92 22
74 93 253
74 94 22
74 95 31
74 96 238
74 97 225
74 98 170
74 99 8
74 100 65
75 76 186
75 77 18
75 78 13
75 79 89
75 80 258
75 81 25
75 82 2
75 83 18
75 84 97
75 85 276
75 86 9
75 87 86
75 88 38
75 89 190
75 90 62
75 91 150
75 92 156
75 93 218
75 94 97
75 95 253
75 96 197
75 97 277
75 98 57
75 99 242
75 100 212
76 77 99
76 78 242
76 79 156
76 80 139
76 81 78
76 82 29
76 83 139
76 84 231
76 85 279
76 86 103
76 87 250
76 88 65
76 89 12
76 90 289
76 91 98
76 92 272
76 93 60
76 94 11
76 95 192
76 96 13
76 97 98
76 98 162
76 99 234
76 100 39
77 78 131
77 79 299
77 80 48
77 81 111
77 82 94
77 83 214
77 84 15
77 85 239
77 86 242
77 87 110
77 88 54
77 89 117
77 90 151
77 91 298
77 92 7
77 93 281
77 94 273
77 95 128
77 96 8
77 97 133
77 98 47
77 99 198
77 100 3
78 79 170
78 80 166
78 81 133
78 82 151
78 83 46
78 84 275
78 85 4
78 86 39
78 87 18
78 88 65
78 89 8
78 90 110
78 91 107
78 92 13
78 93 203
78 94 50
78 95 264
78 96 101
78 97 288
78 98 3
78 99 29
78 100 105
79 80 35
79 81 72
79 82 94
79 83 184
79 84 48
79 85 52
79 86 83
79 87 110
79 88 128
79 89 128
79 90 155
79 91 219
79 92 243
79 93 23
79 94 298
79 95 164
79 96 102
79 97 253
79 98 34
79 99 155
79 100 38
80 81 20
80 82 252
80 83 223
80 84 206
80 85 5
80 86 143
80 87 2
80 88 173
80 89 27
80 90 254
80 91 277
80 92 135
80 93 130
80 94 155
80 95 24
80 96 16
80 97 283
80 98 267
80 99 180
80 100 114
81 82 53
81 83 91
81 84 204
81 85 85
81 86 186
81 87 296
81 88 214
81 89 190
81 90 266
81 91 100
81 92 18
81 93 52
81 94 196
81 95 212
81 96 123
81 97 258
81 98 276
81 99 233
81 100 233
82 83 92
82 84 243
82 85 54
82 86 220
82 87 83
82 88 274
82 89 160
82 90 234
82 91 255
82 92 214
82 93 17
82 94 222
82 95 252
82 96 91
82 97 198
82 98 109
82 99 175
82 100 246
83 84 229
83 85 92
83 86 124
83 87 202
83 88 59
83 89 219
83 90 8
83 91 170
83 92 175
83 93 114
83 94 199
83 95 6
83 96 125
83 97 58
83 98 201
83 99 64
83 100 100
84 85 99
84 86 197
84 87 195
84 88 276
84 89 248
84 90 246
84 91 295
84 92 145
84 93 85
84 94 260
84 95 282
84 96 60
84 97 14
84 98 100
84 99 130
84 100 21
85 86 253
85 87 88
85 88 118
85 89 103
85 90 202
85 91 65
85 92 29
85 93 225
85 94 171
85 95 138
85 96 33
85 97 211
85 98 78
85 99 288
85 100 146
86 87 240
86 88 189
86 89 224
86 90 296
86 91 142
86 92 213
86 93 65
86 94 159
86 95 118
86 96 149
86 97 254
86 98 34
86 99 60
86 100 250
87 88 193
87 89 89
87 90 146
87 91 212
87 92 193
87 93 251
87 94 243
87 95 218
87 96 33
87 97 232
87 98 264
87 99 288
87 100 243
88 89 50
88 90 34
88 91 70
88 92 1
88 93 292
88 94 58
88 95 154
88 96 227
88 97 181
88 98 24
88 99 162
88 100 77
89 90 253
89 91 240
89 92 16
89 93 74
89 94 21
89 95 56
89 96 297
89 97 227
89 98 20
89 99 38
89 100 263
90 91 258
90 92 240
90 93 37
90 94 180
90 95 72
90 96 214
90 97 19
90 98 258
90 99 273
90 100 289
91 92 11
91 93 48
91 94 196
91 95 117
91 96 258
91 97 71
91 98 186
91 99 238
91 100 160
92 93 99
92 94 274
92 95 6
92 96 80
92 97 163
92 98 190
92 99 29
92 100 116
93 94 253
93 95 182
93 96 87
93 97 95
93 98 33
93 99 261
93 100 48
94 95 117
94 96 254
94 97 83
94 98 240
94 99 220
94 100 6
95 96 164
95 97 99
95 98 196
95 99 116
95 100 291
96 97 173
96 98 62
96 99 57
96 100 86
97 98 37
97 99 41
97 100 141
98 99 157
98 100 127
99 100 259
