100 4950
1 2 276
1 3 241
1 4 173
1 5 59
1 6 96
1 7 84
1 8 239
1 9 120
1 10 151
1 11 195
1 12 199
1 13 67
1 14 227
1 15 109
1 16 245
1 17 100
1 18 57
1 19 257
1 20 14
1 21 120
1 22 213
1 23 96
1 24 287
1 25 72
1 26 189
1 27 72
1 28 86
1 29 242
1 30 144
1 31 116
1 32 50
1 33 18
1 34 92
1 35 285
1 36 1
1 37 63
1 38 140
1 39 66
1 40 8
1 41 233
1 42 164
1 43 34
1 44 10
1 45 116
1 46 119
1 47 53
1 48 21
1 49 209
1 50 123
1 51 235
1 52 255
1 53 220
1 54 104
1 55 249
1 56 40
1 57 74
1 58 249
1 59 227
1 60 62
1 61 101
1 62 25
1 63 21
1 64 72
1 65 42
1 66 132
1 67 255
1 68 121
1 69 31
1 70 247
1 71 22
1 72 141
1 73 222
1 74 178
1 75 197
1 76 272
1 77 4
1 78 267
1 79 296
1 80 40
1 81 164
1 82 194
1 83 210
1 84 234
1 85 158
1 86 188
1 87 121
1 88 99
1 89 147
1 90 75
1 91 167
1 92 177
1 93 126
1 94 29
1 95 180
1 96 198
1 97 184
1 98 0
1 99 229
1 100 271
2 3 297
2 4 177
2 5 112
2 6 198
2 7 89
2 8 214
2 9 138
2 10 180
2 11 80
2 12 53
2 13 100
2 14 226
2 15 260
2 16 89
2 17 215
2 18 127
2 19 138
2 20 199
2 21 99
2 22 118
2 23 248
2 24 128
2 25 150
2 26 26
2 27 170
2 28 70
2 29 255
2 30 31
2 31 31
2 32 200
2 33 10
2 34 209
2 35 130
2 36 27
2 37 148
2 38 104
2 39 123
2 40 129
2 41 262
2 42 37
2 43 178
2 44 26
2 45 1
2 46 60
2 47 271
2 48 17
2 49 242
2 50 56
2 51 239
2 52 63
2 53 154
2 54 103
2 55 13
2 56 60
2 57 59
2 58 59
2 59 160
2 60 285
2 61 275
2 62 58
2 63 191
2 64 22
2 65 185
2 66 11
2 67 288
2 68 92
2 69 259
2 70 39
2 71 261
2 72 48
2 73 23
2 74 95
2 75 261
2 76 225
2 77 245
2 78 27
2 79 293
2 80 136
2 81 192
2 82 194
2 83 106
2 84 155
2 85 89
2 86 293
2 87 24
2 88 47
2 89 42
2 90 89
2 91 108
2 92 150
2 93 298
2 94 51
2 95 143
2 96 0
2 97 19
2 98 132
2 99 200
2 100 8
3 4 158
3 5 251
3 6 278
3 7 292
3 8 2
3 9 147
3 10 193
3 11 163
3 12 168
3 13 223
3 14 199
3 15 126
3 16 54
3 17 25
3 18 278
3 19 97
3 20 77
3 21 29
3 22 167
3 23 26
3 24 251
3 25 178
3 26 142
3 27 160
3 28 1
3 29 95
3 30 154
3 31 205
3 32 200
3 33 94
3 34 277
3 35 268
3 36 177
3 37 84
3 38 183
3 39 183
3 40 155
3 41 70
3 42 163
3 43 178
3 44 23
3 45 20
3 46 6
3 47 255
3 48 249
3 49 119
3 50 28
3 51 291
3 52 259
3 53 13
3 54 39
3 55 52
3 56 221
3 57 169
3 58 126
3 59 105
3 60 174
3 61 89
3 62 189
3 63 136
3 64 255
3 65 208
3 66 248
3 67 111
3 68 128
3 69 111
3 70 148
3 71 34
3 72 28
3 73 125
3 74 224
3 75 142
3 76 27
3 77 290
3 78 211
3 79 228
3 80 62
3 81 247
3 82 203
3 83 58
3 84 90
3 85 24
3 86 287
3 87 186
3 88 292
3 89 146
3 90 187
3 91 182
3 92 108
3 93 179
3 94 15
3 95 94
3 96 158
3 97 257
3 98 48
3 99 57
3 100 41
4 5 73
4 6 264
4 7 271
4 8 9
4 9 273
4 10 289
4 11 258
4 12 13
4 13 75
4 14 259
4 15 128
4 16 258
4 17 186
4 18 79
4 19 201
4 20 14
4 21 55
4 22 261
4 23 228
4 24 12
4 25 205
4 26 155
4 27 89
4 28 193
4 29 267
4 30 98
4 31 95
4 32 96
4 33 17
4 34 140
4 35 255
4 36 152
4 37 44
4 38 253
4 39 218
4 40 166
4 41 17
4 42 264
4 43 249
4 44 276
4 45 147
4 46 156
4 47 4
4 48 263
4 49 171
4 50 217
4 51 168
4 52 275
4 53 26
4 54 240
4 55 32
4 56 65
4 57 210
4 58 72
4 59 124
4 60 92
4 61 293
4 62 92
4 63 30
4 64 84
4 65 60
4 66 140
4 67 12
4 68 149
4 69 194
4 70 210
4 71 111
4 72 65
4 73 184
4 74 132
4 75 31
4 76 268
4 77 7
4 78 72
4 79 169
4 80 154
4 81 240
4 82 51
4 83 197
4 84 213
4 85 115
4 86 91
4 87 241
4 88 184
4 89 234
4 90 160
4 91 249
4 92 260
4 93 16
4 94 278
4 95 93
4 96 168
4 97 60
4 98 296
4 99 295
4 100 112
5 6 30
5 7 282
5 8 220
5 9 244
5 10 150
5 11 4
5 12 280
5 13 75
5 14 287
5 15 33
5 16 195
5 17 242
5 18 170
5 19 115
5 20 216
5 21 277
5 22 162
5 23 54
5 24 242
5 25 215
5 26 34
5 27 12
5 28 121
5 29 79
5 30 269
5 31 69
5 32 161
5 33 151
5 34 144
5 35 273
5 36 259
5 37 45
5 38 133
5 39 150
5 40 101
5 41 63
5 42 27
5 43 113
5 44 48
5 45 130
5 46 130
5 47 16
5 48 26
5 49 77
5 50 24
5 51 56
5 52 30
5 53 103
5 54 159
5 55 224
5 56 163
5 57 263
5 58 285
5 59 110
5 60 134
5 61 207
5 62 95
5 63 268
5 64 2
5 65 232
5 66 195
5 67 69
5 68 109
5 69 42
5 70 176
5 71 220
5 72 102
5 73 160
5 74 21
5 75 156
5 76 220
5 77 138
5 78 274
5 79 45
5 80 165
5 81 214
5 82 76
5 83 43
5 84 295
5 85 9
5 86 70
5 87 89
5 88 188
5 89 105
5 90 161
5 91 93
5 92 219
5 93 265
5 94 34
5 95 55
5 96 87
5 97 211
5 98 292
5 99 84
5 100 199
6 7 4
6 8 59
6 9 106
6 10 151
6 11 279
6 12 17
6 13 152
6 14 52
6 15 262
6 16 103
6 17 190
6 18 298
6 19 17
6 20 131
6 21 250
6 22 274
6 23 113
6 24 265
6 25 224
6 26 6
6 27 135
6 28 294
6 29 260
6 30 157
6 31 185
6 32 269
6 33 82
6 34 172
6 35 51
6 36 186
6 37 44
6 38 208
6 39 244
6 40 13
6 41 244
6 42 257
6 43 27
6 44 63
6 45 222
6 46 297
6 47 120
6 48 155
6 49 103
6 50 167
6 51 256
6 52 251
6 53 197
6 54 298
6 55 176
6 56 271
6 57 264
6 58 84
6 59 12
6 60 2
6 61 251
6 62 147
6 63 191
6 64 200
6 65 263
6 66 84
6 67 148
6 68 250
6 69 77
6 70 10
6 71 122
6 72 100
6 73 265
6 74 188
6 75 162
6 76 179
6 77 208
6 78 215
6 79 177
6 80 98
6 81 152
6 82 60
6 83 153
6 84 114
6 85 261
6 86 209
6 87 5
6 88 62
6 89 70
6 90 154
6 91 63
6 92 171
6 93 99
6 94 130
6 95 171
6 96 39
6 97 197
6 98 114
6 99 210
6 100 110
7 8 106
7 9 89
7 10 79
7 11 164
7 12 298
7 13 5
7 14 247
7 15 267
7 16 114
7 17 200
7 18 96
7 19 142
7 20 241
7 21 11
7 22 75
7 23 31
7 24 115
7 25 99
7 26 190
7 27 202
7 28 263
7 29 103
7 30 160
7 31 213
7 32 124
7 33 278
7 34 37
7 35 271
7 36 98
7 37 91
7 38 127
7 39 279
7 40 222
7 41 263
7 42 95
7 43 293
7 44 159
7 45 50
7 46 33
7 47 49
7 48 207
7 49 82
7 50 67
7 51 63
7 52 10
7 53 278
7 54 227
7 55 58
7 56 184
7 57 227
7 58 130
7 59 18
7 60 34
7 61 245
7 62 149
7 63 258
7 64 204
7 65 271
7 66 61
7 67 250
7 68 4
7 69 227
7 70 164
7 71 57
7 72 185
7 73 234
7 74 231
7 75 22
7 76 175
7 77 196
7 78 17
7 79 73
7 80 264
7 81 17
7 82 181
7 83 81
7 84 183
7 85 247
7 86 42
7 87 152
7 88 99
7 89 94
7 90 183
7 91 261
7 92 113
7 93 56
7 94 102
7 95 111
7 96 217
7 97 55
7 98 191
7 99 114
7 100 128
8 9 261
8 10 208
8 11 295
8 12 280
8 13 207
8 14 112
8 15 163
8 16 173
8 17 213
8 18 42
8 19 269
8 20 299
8 21 162
8 22 284
8 23 203
8 24 239
8 25 46
8 26 186
8 27 43
8 28 30
8 29 237
8 30 157
8 31 103
8 32 202
8 33 258
8 34 124
8 35 162
8 36 236
8 37 18
8 38 213
8 39 94
8 40 44
8 41 53
8 42 86
8 43 129
8 44 85
8 45 240
8 46 171
8 47 237
8 48 102
8 49 123
8 50 219
8 51 52
8 52 258
8 53 135
8 54 235
8 55 269
8 56 21
8 57 258
8 58 121
8 59 170
8 60 191
8 61 31
8 62 149
8 63 154
8 64 138
8 65 25
8 66 82
8 67 10
8 68 228
8 69 137
8 70 114
8 71 148
8 72 111
8 73 102
8 74 286
8 75 179
8 76 100
8 77 64
8 78 101
8 79 113
8 80 109
8 81 212
8 82 145
8 83 39
8 84 282
8 85 132
8 86 58
8 87 6
8 88 263
8 89 80
8 90 49
8 91 45
8 92 64
8 93 266
8 94 219
8 95 130
8 96 84
8 97 124
8 98 255
8 99 190
8 100 206
9 10 122
9 11 17
9 12 243
9 13 291
9 14 210
9 15 196
9 16 268
9 17 254
9 18 292
9 19 150
9 20 259
9 21 222
9 22 284
9 23 142
9 24 1
9 25 89
9 26 74
9 27 28
9 28 264
9 29 154
9 30 243
9 31 52
9 32 159
9 33 163
9 34 0
9 35 83
9 36 286
9 37 237
9 38 238
9 39 202
9 40 180
9 41 15
9 42 60
9 43 287
9 44 253
9 45 123
9 46 35
9 47 246
9 48 90
9 49 53
9 50 270
9 51 27
9 52 251
9 53 200
9 54 91
9 55 106
9 56 121
9 57 93
9 58 40
9 59 170
9 60 190
9 61 83
9 62 176
9 63 105
9 64 220
9 65 140
9 66 36
9 67 143
9 68 148
9 69 116
9 70 264
9 71 11
9 72 96
9 73 255
9 74 21
9 75 69
9 76 54
9 77 291
9 78 167
9 79 184
9 80 192
9 81 169
9 82 86
9 83 232
9 84 82
9 85 157
9 86 96
9 87 262
9 88 15
9 89 87
9 90 31
9 91 101
9 92 201
9 93 270
9 94 162
9 95 133
9 96 8
9 97 159
9 98 124
9 99 66
9 100 101
10 11 52
10 12 251
10 13 294
10 14 145
10 15 288
10 16 81
10 17 214
10 18 280
10 19 35
10 20 146
10 21 159
10 22 85
10 23 200
10 24 117
10 25 59
10 26 68
10 27 1
10 28 264
10 29 71
10 30 212
10 31 18
10 32 46
10 33 46
10 34 272
10 35 263
10 36 229
10 37 136
10 38 192
10 39 25
10 40 227
10 41 4
10 42 146
10 43 186
10 44 100
10 45 258
10 46 72
10 47 173
10 48 274
10 49 131
10 50 215
10 51 256
10 52 148
10 53 51
10 54 213
10 55 191
10 56 83
10 57 6
10 58 19
10 59 163
10 60 60
10 61 148
10 62 292
10 63 94
10 64 143
10 65 230
10 66 155
10 67 129
10 68 106
10 69 8
10 70 155
10 71 10
10 72 194
10 73 120
10 74 67
10 75 106
10 76 138
10 77 190
10 78 260
10 79 194
10 80 237
10 81 66
10 82 207
10 83 234
10 84 113
10 85 185
10 86 140
10 87 51
10 88 18
10 89 50
10 90 232
10 91 123
10 92 66
10 93 182
10 94 3
10 95 51
10 96 127
10 97 169
10 98 79
10 99 128
10 100 115
11 12 29
11 13 17
11 14 196
11 15 250
11 16 175
11 17 15
11 18 248
11 19 125
11 20 34
11 21 122
11 22 293
11 23 155
11 24 133
11 25 280
11 26 273
11 27 235
11 28 252
11 29 82
11 30 115
11 31 77
11 32 152
11 33 192
11 34 290
11 35 272
11 36 273
11 37 209
11 38 143
11 39 28
11 40 49
11 41 276
11 42 298
11 43 124
11 44 183
11 45 198
11 46 149
11 47 27
11 48 182
11 49 168
11 50 110
11 51 255
11 52 113
11 53 61
11 54 36
11 55 74
11 56 218
11 57 258
11 58 215
11 59 46
11 60 43
11 61 12
11 62 195
11 63 11
11 64 42
11 65 98
11 66 193
11 67 100
11 68 247
11 69 295
11 70 189
11 71 196
11 72 8
11 73 243
11 74 48
11 75 223
11 76 56
11 77 108
11 78 77
11 79 222
11 80 89
11 81 36
11 82 120
11 83 181
11 84 195
11 85 216
11 86 266
11 87 60
11 88 296
11 89 241
11 90 90
11 91 195
11 92 32
11 93 244
11 94 103
11 95 12
11 96 4
11 97 40
11 98 290
11 99 40
11 100 92
12 13 45
12 14 89
12 15 233
12 16 6
12 17 279
12 18 97
12 19 247
12 20 76
12 21 191
12 22 14
12 23 88
12 24 148
12 25 60
12 26 22
12 27 277
12 28 95
12 29 55
12 30 95
12 31 10
12 32 167
12 33 80
12 34 202
12 35 258
12 36 37
12 37 36
12 38 147
12 39 142
12 40 276
12 41 232
12 42 265
12 43 201
12 44 45
12 45 37
12 46 158
12 47 125
12 48 280
12 49 247
12 50 217
12 51 47
12 52 116
12 53 218
12 54 25
12 55 8
12 56 158
12 57 26
12 58 67
12 59 135
12 60 57
12 61 103
12 62 182
12 63 257
12 64 233
12 65 283
12 66 69
12 67 116
12 68 44
12 69 244
12 70 238
12 71 211
12 72 213
12 73 108
12 74 207
12 75 228
12 76 42
12 77 108
12 78 193
12 79 142
12 80 206
12 81 70
12 82 67
12 83 273
12 84 288
12 85 36
12 86 83
12 87 279
12 88 104
12 89 225
12 90 71
12 91 134
12 92 68
12 93 196
12 94 31
12 95 145
12 96 112
12 97 41
12 98 228
12 99 187
12 100 267
13 14 67
13 15 159
13 16 251
13 17 285
13 18 148
13 19 83
13 20 159
13 21 233
13 22 67
13 23 100
13 24 214
13 25 17
13 26 296
13 27 297
13 28 55
13 29 21
13 30 144
13 31 228
13 32 184
13 33 171
13 34 58
13 35 19
13 36 30
13 37 30
13 38 33
13 39 36
13 40 65
13 41 255
13 42 238
13 43 177
13 44 71
13 45 18
13 46 183
13 47 113
13 48 63
13 49 115
13 50 201
13 51 217
13 52 120
13 53 282
13 54 3
13 55 21
13 56 23
13 57 267
13 58 52
13 59 87
13 60 28
13 61 286
13 62 130
13 63 178
13 64 136
13 65 206
13 66 171
13 67 163
13 68 140
13 69 101
13 70 136
13 71 243
13 72 0
13 73 245
13 74 207
13 75 175
13 76 37
13 77 272
13 78 275
13 79 36
13 80 179
13 81 166
13 82 259
13 83 159
13 84 262
13 85 219
13 86 276
13 87 116
13 88 63
13 89 22
13 90 25
13 91 194
13 92 20
13 93 93
13 94 71
13 95 57
13 96 195
13 97 143
13 98 247
13 99 31
13 100 61
14 15 38
14 16 3
14 17 116
14 18 155
14 19 266
14 20 11
14 21 210
14 22 280
14 23 164
14 24 76
14 25 108
14 26 53
14 27 249
14 28 273
14 29 267
14 30 29
14 31 192
14 32 169
14 33 57
14 34 250
14 35 113
14 36 72
14 37 155
14 38 137
14 39 273
14 40 10
14 41 77
14 42 171
14 43 94
14 44 178
14 45 126
14 46 28
14 47 189
14 48 161
14 49 77
14 50 51
14 51 83
14 52 94
14 53 15
14 54 194
14 55 171
14 56 86
14 57 60
14 58 124
14 59 268
14 60 127
14 61 109
14 62 111
14 63 238
14 64 78
14 65 252
14 66 33
14 67 48
14 68 63
14 69 249
14 70 6
14 71 196
14 72 145
14 73 279
14 74 140
14 75 223
14 76 246
14 77 199
14 78 233
14 79 109
14 80 249
14 81 6
14 82 143
14 83 276
14 84 286
14 85 209
14 86 120
14 87 198
14 88 238
14 89 254
14 90 61
14 91 71
14 92 224
14 93 214
14 94 197
14 95 8
14 96 45
14 97 157
14 98 47
14 99 132
14 100 297
15 16 293
15 17 31
15 18 242
15 19 109
15 20 152
15 21 108
15 22 57
15 23 279
15 24 207
15 25 48
15 26 195
15 27 103
15 28 101
15 29 259
15 30 77
15 31 238
15 32 42
15 33 6
15 34 182
15 35 203
15 36 38
15 37 6
15 38 166
15 39 205
15 40 74
15 41 76
15 42 111
15 43 77
15 44 2
15 45 123
15 46 2
15 47 111
15 48 74
15 49 92
15 50 82
15 51 275
15 52 230
15 53 28
15 54 120
15 55 214
15 56 255
15 57 11
15 58 140
15 59 54
15 60 241
15 61 101
15 62 26
15 63 12
15 64 152
15 65 116
15 66 209
15 67 281
15 68 221
15 69 91
15 70 86
15 71 163
15 72 52
15 73 123
15 74 192
15 75 61
15 76 292
15 77 88
15 78 117
15 79 175
15 80 142
15 81 44
15 82 104
15 83 195
15 84 181
15 85 203
15 86 120
15 87 19
15 88 180
15 89 245
15 90 5
15 91 14
15 92 33
15 93 264
15 94 105
15 95 3
15 96 67
15 97 194
15 98 291
15 99 124
15 100 271
16 17 132
16 18 112
16 19 8
16 20 187
16 21 165
16 22 134
16 23 136
16 24 1
16 25 101
16 26 148
16 27 204
16 28 212
16 29 8
16 30 222
16 31 117
16 32 162
16 33 276
16 34 4
16 35 133
16 36 256
16 37 161
16 38 117
16 39 24
16 40 258
16 41 23
16 42 64
16 43 135
16 44 288
16 45 216
16 46 203
16 47 297
16 48 211
16 49 138
16 50 251
16 51 195
16 52 184
16 53 112
16 54 174
16 55 94
16 56 208
16 57 139
16 58 233
16 59 292
16 60 42
16 61 225
16 62 268
16 63 94
16 64 160
16 65 187
16 66 187
16 67 272
16 68 236
16 69 237
16 70 22
16 71 52
16 72 42
16 73 85
16 74 4
16 75 231
16 76 158
16 77 191
16 78 38
16 79 20
16 80 63
16 81 195
16 82 55
16 83 246
16 84 280
16 85 184
16 86 137
16 87 167
16 88 58
16 89 269
16 90 100
16 91 148
16 92 32
16 93 9
16 94 95
16 95 253
16 96 268
16 97 296
16 98 157
16 99 213
16 100 109
17 18 150
17 19 248
17 20 137
17 21 21
17 22 100
17 23 31
17 24 17
17 25 153
17 26 121
17 27 9
17 28 65
17 29 84
17 30 177
17 31 156
17 32 230
17 33 222
17 34 87
17 35 111
17 36 13
17 37 191
17 38 145
17 39 24
17 40 131
17 41 151
17 42 9
17 43 22
17 44 103
17 45 32
17 46 293
17 47 138
17 48 71
17 49 104
17 50 249
17 51 201
17 52 18
17 53 270
17 54 74
17 55 114
17 56 49
17 57 298
17 58 108
17 59 121
17 60 149
17 61 244
17 62 288
17 63 175
17 64 144
17 65 84
17 66 35
17 67 95
17 68 288
17 69 9
17 70 139
17 71 92
17 72 107
17 73 268
17 74 72
17 75 269
17 76 93
17 77 60
17 78 130
17 79 55
17 80 69
17 81 283
17 82 101
17 83 287
17 84 195
17 85 257
17 86 255
17 87 53
17 88 184
17 89 199
17 90 80
17 91 193
17 92 104
17 93 103
17 94 227
17 95 71
17 96 220
17 97 25
17 98 64
17 99 14
17 100 283
18 19 147
18 20 250
18 21 266
18 22 252
18 23 34
18 24 210
18 25 19
18 26 73
18 27 23
18 28 87
18 29 20
18 30 136
18 31 107
18 32 88
18 33 271
18 34 57
18 35 192
18 36 45
18 37 72
18 38 0
18 39 255
18 40 250
18 41 136
18 42 212
18 43 167
18 44 169
18 45 138
18 46 163
18 47 90
18 48 9
18 49 76
18 50 253
18 51 16
18 52 221
18 53 46
18 54 63
18 55 144
18 56 27
18 57 198
18 58 151
18 59 95
18 60 95
18 61 132
18 62 293
18 63 106
18 64 17
18 65 4
18 66 164
18 67 119
18 68 17
18 69 175
18 70 127
18 71 183
18 72 189
18 73 33
18 74 196
18 75 90
18 76 178
18 77 35
18 78 79
18 79 138
18 80 280
18 81 146
18 82 67
18 83 116
18 84 196
18 85 137
18 86 20
18 87 172
18 88 26
18 89 69
18 90 159
18 91 25
18 92 186
18 93 102
18 94 24
18 95 223
18 96 59
18 97 116
18 98 220
18 99 74
18 100 9
19 20 291
19 21 124
19 22 250
19 23 204
19 24 95
19 25 145
19 26 174
19 27 239
19 28 202
19 29 129
19 30 226
19 31 150
19 32 249
19 33 204
19 34 256
19 35 245
19 36 74
19 37 290
19 38 297
19 39 181
19 40 188
19 41 22
19 42 98
19 43 62
19 44 251
19 45 85
19 46 227
19 47 144
19 48 9
19 49 108
19 50 17
19 51 240
19 52 274
19 53 155
19 54 78
19 55 3
19 56 130
19 57 271
19 58 256
19 59 193
19 60 2
19 61 7
19 62 76
19 63 220
19 64 64
19 65 44
19 66 278
19 67 134
19 68 3
19 69 147
19 70 227
19 71 127
19 72 8
19 73 205
19 74 13
19 75 145
19 76 126
19 77 222
19 78 184
19 79 54
19 80 130
19 81 17
19 82 294
19 83 71
19 84 237
19 85 231
19 86 283
19 87 222
19 88 73
19 89 135
19 90 57
19 91 28
19 92 36
19 93 86
19 94 184
19 95 31
19 96 1
19 97 130
19 98 288
19 99 245
19 100 95
20 21 77
20 22 148
20 23 252
20 24 180
20 25 156
20 26 27
20 27 100
20 28 86
20 29 97
20 30 249
20 31 293
20 32 232
20 33 131
20 34 81
20 35 163
20 36 106
20 37 24
20 38 236
20 39 289
20 40 166
20 41 88
20 42 44
20 43 244
20 44 255
20 45 38
20 46 58
20 47 65
20 48 135
20 49 221
20 50 195
20 51 11
20 52 35
20 53 198
20 54 80
20 55 94
20 56 117
20 57 265
20 58 133
20 59 70
20 60 184
20 61 274
20 62 181
20 63 4
20 64 218
20 65 263
20 66 53
20 67 138
20 68 275
20 69 150
20 70 33
20 71 298
20 72 150
20 73 42
20 74 145
20 75 292
20 76 18
20 77 227
20 78 60
20 79 157
20 80 35
20 81 252
20 82 92
20 83 185
20 84 168
20 85 234
20 86 238
20 87 278
20 88 18
20 89 171
20 90 166
20 91 271
20 92 156
20 93 193
20 94 149
20 95 261
20 96 72
20 97 124
20 98 49
20 99 110
20 100 141
21 22 262
21 23 193
21 24 65
21 25 185
21 26 166
21 27 139
21 28 67
21 29 157
21 30 294
21 31 159
21 32 188
21 33 271
21 34 287
21 35 17
21 36 248
21 37 27
21 38 199
21 39 70
21 40 196
21 41 0
21 42 206
21 43 96
21 44 241
21 45 74
21 46 265
21 47 211
21 48 116
21 49 37
21 50 238
21 51 246
21 52 139
21 53 241
21 54 104
21 55 199
21 56 214
21 57 62
21 58 86
21 59 145
21 60 175
21 61 108
21 62 55
21 63 150
21 64 29
21 65 78
21 66 156
21 67 133
21 68 141
21 69 243
21 70 214
21 71 112
21 72 99
21 73 31
21 74 25
21 75 24
21 76 3
21 77 235
21 78 230
21 79 202
21 80 24
21 81 222
21 82 173
21 83 249
21 84 91
21 85 119
21 86 104
21 87 139
21 88 21
21 89 136
21 90 151
21 91 122
21 92 109
21 93 79
21 94 29
21 95 191
21 96 80
21 97 155
21 98 34
21 99 180
21 100 231
22 23 117
22 24 140
22 25 85
22 26 272
22 27 171
22 28 88
22 29 149
22 30 167
22 31 89
22 32 88
22 33 131
22 34 126
22 35 93
22 36 216
22 37 83
22 38 110
22 39 138
22 40 204
22 41 121
22 42 132
22 43 86
22 44 27
22 45 96
22 46 40
22 47 174
22 48 216
22 49 114
22 50 298
22 51 248
22 52 99
22 53 187
22 54 32
22 55 7
22 56 47
22 57 169
22 58 165
22 59 239
22 60 130
22 61 82
22 62 258
22 63 38
22 64 103
22 65 136
22 66 24
22 67 244
22 68 283
22 69 296
22 70 254
22 71 160
22 72 8
22 73 287
22 74 228
22 75 230
22 76 139
22 77 176
22 78 255
22 79 151
22 80 30
22 81 38
22 82 110
22 83 194
22 84 10
22 85 130
22 86 39
22 87 167
22 88 285
22 89 197
22 90 124
22 91 174
22 92 221
22 93 85
22 94 112
22 95 240
22 96 41
22 97 250
22 98 115
22 99 8
22 100 62
23 24 200
23 25 266
23 26 114
23 27 224
23 28 238
23 29 171
23 30 58
23 31 60
23 32 179
23 33 125
23 34 95
23 35 174
23 36 179
23 37 47
23 38 226
23 39 171
23 40 36
23 41 227
23 42 245
23 43 230
23 44 214
23 45 169
23 46 289
23 47 178
23 48 108
23 49 269
23 50 7
23 51 2
23 52 247
23 53 134
23 54 102
23 55 106
23 56 152
23 57 277
23 58 236
23 59 161
23 60 253
23 61 138
23 62 215
23 63 54
23 64 191
23 65 137
23 66 21
23 67 89
23 68 35
23 69 248
23 70 245
23 71 117
23 72 29
23 73 182
23 74 184
23 75 122
23 76 209
23 77 134
23 78 41
23 79 105
23 80 181
23 81 104
23 82 154
23 83 151
23 84 138
23 85 123
23 86 67
23 87 229
23 88 231
23 89 35
23 90 75
23 91 283
23 92 122
23 93 97
23 94 148
23 95 72
23 96 139
23 97 207
23 98 220
23 99 214
23 100 205
24 25 159
24 26 85
24 27 237
24 28 247
24 29 120
24 30 62
24 31 79
24 32 1
24 33 2
24 34 193
24 35 93
24 36 83
24 37 212
24 38 107
24 39 212
24 40 244
24 41 121
24 42 149
24 43 53
24 44 90
24 45 21
24 46 12
24 47 197
24 48 170
24 49 167
24 50 50
24 51 75
24 52 33
24 53 190
24 54 110
24 55 95
24 56 124
24 57 134
24 58 148
24 59 162
24 60 50
24 61 171
24 62 286
24 63 178
24 64 96
24 65 105
24 66 116
24 67 273
24 68 47
24 69 162
24 70 272
24 71 1
24 72 242
24 73 218
24 74 2
24 75 67
24 76 278
24 77 62
24 78 17
24 79 54
24 80 263
24 81 196
24 82 66
24 83 258
24 84 110
24 85 248
24 86 286
24 87 109
24 88 134
24 89 15
24 90 232
24 91 108
24 92 260
24 93 28
24 94 9
24 95 183
24 96 11
24 97 191
24 98 39
24 99 83
24 100 204
25 26 166
25 27 246
25 28 286
25 29 294
25 30 239
25 31 269
25 32 175
25 33 275
25 34 74
25 35 95
25 36 252
25 37 215
25 38 49
25 39 63
25 40 184
25 41 210
25 42 238
25 43 225
25 44 159
25 45 262
25 46 275
25 47 178
25 48 150
25 49 80
25 50 125
25 51 117
25 52 14
25 53 245
25 54 182
25 55 176
25 56 56
25 57 274
25 58 266
25 59 57
25 60 193
25 61 296
25 62 48
25 63 9
25 64 81
25 65 72
25 66 74
25 67 250
25 68 245
25 69 88
25 70 155
25 71 239
25 72 170
25 73 258
25 74 79
25 75 242
25 76 280
25 77 205
25 78 285
25 79 244
25 80 217
25 81 234
25 82 7
25 83 263
25 84 146
25 85 99
25 86 169
25 87 75
25 88 214
25 89 46
25 90 277
25 91 261
25 92 118
25 93 183
25 94 95
25 95 145
25 96 177
25 97 69
25 98 265
25 99 221
25 100 100
26 27 95
26 28 205
26 29 101
26 30 212
26 31 119
26 32 250
26 33 168
26 34 122
26 35 207
26 36 231
26 37 72
26 38 57
26 39 134
26 40 212
26 41 271
26 42 227
26 43 277
26 44 210
26 45 27
26 46 185
26 47 80
26 48 257
26 49 7
26 50 126
26 51 178
26 52 214
26 53 299
26 54 227
26 55 124
26 56 213
26 57 37
26 58 177
26 59 293
26 60 168
26 61 275
26 62 162
26 63 40
26 64 268
26 65 164
26 66 238
26 67 49
26 68 170
26 69 171
26 70 246
26 71 78
26 72 52
26 73 97
26 74 229
26 75 233
26 76 259
26 77 222
26 78 289
26 79 224
26 80 296
26 81 112
26 82 252
26 83 284
26 84 114
26 85 11
26 86 266
26 87 108
26 88 69
26 89 60
26 90 230
26 91 283
26 92 239
26 93 162
26 94 36
26 95 102
26 96 270
26 97 135
26 98 292
26 99 141
26 100 127
27 28 103
27 29 294
27 30 71
27 31 66
27 32 99
27 33 287
27 34 163
27 35 183
27 36 53
27 37 94
27 38 126
27 39 5
27 40 272
27 41 2
27 42 288
27 43 245
27 44 28
27 45 50
27 46 136
27 47 44
27 48 30
27 49 79
27 50 85
27 51 246
27 52 56
27 53 199
27 54 236
27 55 166
27 56 190
27 57 151
27 58 246
27 59 72
27 60 186
27 61 90
27 62 37
27 63 177
27 64 278
27 65 175
27 66 7
27 67 111
27 68 251
27 69 57
27 70 274
27 71 286
27 72 244
27 73 234
27 74 90
27 75 69
27 76 258
27 77 231
27 78 193
27 79 70
27 80 207
27 81 173
27 82 234
27 83 233
27 84 78
27 85 293
27 86 125
27 87 131
27 88 203
27 89 38
27 90 79
27 91 31
27 92 127
27 93 240
27 94 160
27 95 210
27 96 238
27 97 181
27 98 164
27 99 10
27 100 110
28 29 275
28 30 160
28 31 262
28 32 272
28 33 278
28 34 102
28 35 243
28 36 68
28 37 82
28 38 222
28 39 267
28 40 239
28 41 147
28 42 273
28 43 296
28 44 0
28 45 160
28 46 242
28 47 140
28 48 37
28 49 272
28 50 215
28 51 198
28 52 55
28 53 6
28 54 228
28 55 233
28 56 291
28 57 181
28 58 206
28 59 143
28 60 212
28 61 278
28 62 195
28 63 254
28 64 299
28 65 284
28 66 47
28 67 40
28 68 128
28 69 174
28 70 6
28 71 122
28 72 107
28 73 152
28 74 78
28 75 65
28 76 144
28 77 249
28 78 112
28 79 197
28 80 270
28 81 12
28 82 176
28 83 245
28 84 10
28 85 213
28 86 226
28 87 147
28 88 159
28 89 35
28 90 32
28 91 62
28 92 185
28 93 240
28 94 241
28 95 193
28 96 273
28 97 172
28 98 265
28 99 254
28 100 262
29 30 3
29 31 17
29 32 186
29 33 194
29 34 7
29 35 184
29 36 25
29 37 181
29 38 3
29 39 214
29 40 272
29 41 250
29 42 219
29 43 51
29 44 144
29 45 168
29 46 212
29 47 66
29 48 150
29 49 237
29 50 100
29 51 151
29 52 68
29 53 117
29 54 64
29 55 199
29 56 180
29 57 243
29 58 207
29 59 278
29 60 94
29 61 107
29 62 218
29 63 204
29 64 202
29 65 134
29 66 150
29 67 24
29 68 206
29 69 227
29 70 60
29 71 163
29 72 34
29 73 289
29 74 20
29 75 57
29 76 247
29 77 87
29 78 42
29 79 119
29 80 99
29 81 189
29 82 58
29 83 235
29 84 11
29 85 209
29 86 237
29 87 211
29 88 158
29 89 276
29 90 79
29 91 19
29 92 56
29 93 155
29 94 208
29 95 133
29 96 82
29 97 198
29 98 68
29 99 297
29 100 0
30 31 128
30 32 76
30 33 241
30 34 28
30 35 76
30 36 223
30 37 226
30 38 239
30 39 135
30 40 179
30 41 251
30 42 148
30 43 21
30 44 289
30 45 244
30 46 220
30 47 233
30 48 115
30 49 32
30 50 79
30 51 11
30 52 83
30 53 170
30 54 19
30 55 85
30 56 6
30 57 104
30 58 3
30 59 97
30 60 222
30 61 16
30 62 13
30 63 181
30 64 73
30 65 205
30 66 195
30 67 123
30 68 245
30 69 226
30 70 88
30 71 73
30 72 47
30 73 115
30 74 97
30 75 235
30 76 2
30 77 19
30 78 206
30 79 123
30 80 218
30 81 38
30 82 250
30 83 283
30 84 3
30 85 156
30 86 196
30 87 164
30 88 245
30 89 70
30 90 93
30 91 191
30 92 49
30 93 258
30 94 218
30 95 124
30 96 175
30 97 253
30 98 94
30 99 206
30 100 296
31 32 198
31 33 104
31 34 252
31 35 246
31 36 133
31 37 83
31 38 206
31 39 259
31 40 49
31 41 95
31 42 211
31 43 111
31 44 244
31 45 96
31 46 279
31 47 143
31 48 73
31 49 100
31 50 125
31 51 22
31 52 164
31 53 31
31 54 133
31 55 2
31 56 54
31 57 62
31 58 276
31 59 143
31 60 267
31 61 267
31 62 271
31 63 260
31 64 118
31 65 177
31 66 162
31 67 292
31 68 20
31 69 240
31 70 233
31 71 25
31 72 186
31 73 227
31 74 187
31 75 80
31 76 128
31 77 299
31 78 62
31 79 215
31 80 110
31 81 287
31 82 142
31 83 155
31 84 202
31 85 155
31 86 256
31 87 39
31 88 123
31 89 126
31 90 236
31 91 273
31 92 131
31 93 126
31 94 180
31 95 281
31 96 146
31 97 168
31 98 283
31 99 125
31 100 60
32 33 186
32 34 116
32 35 239
32 36 217
32 37 56
32 38 73
32 39 20
32 40 106
32 41 48
32 42 243
32 43 59
32 44 253
32 45 94
32 46 291
32 47 31
32 48 217
32 49 167
32 50 132
32 51 156
32 52 194
32 53 223
32 54 287
32 55 150
32 56 259
32 57 255
32 58 289
32 59 29
32 60 110
32 61 208
32 62 192
32 63 117
32 64 11
32 65 223
32 66 168
32 67 112
32 68 195
32 69 231
32 70 1
32 71 25
32 72 183
32 73 265
32 74 190
32 75 266
32 76 230
32 77 292
32 78 280
32 79 97
32 80 7
32 81 205
32 82 41
32 83 43
32 84 153
32 85 28
32 86 110
32 87 247
32 88 210
32 89 272
32 90 62
32 91 30
32 92 105
32 93 265
32 94 115
32 95 220
32 96 203
32 97 160
32 98 199
32 99 40
32 100 129
33 34 198
33 35 98
33 36 17
33 37 150
33 38 276
33 39 140
33 40 261
33 41 112
33 42 19
33 43 215
33 44 15
33 45 262
33 46 137
33 47 290
33 48 299
33 49 291
33 50 84
33 51 104
33 52 35
33 53 61
33 54 53
33 55 224
33 56 106
33 57 292
33 58 245
33 59 286
33 60 198
33 61 231
33 62 22
33 63 280
33 64 195
33 65 64
33 66 93
33 67 156
33 68 107
33 69 232
33 70 99
33 71 289
33 72 48
33 73 41
33 74 202
33 75 209
33 76 245
33 77 277
33 78 166
33 79 118
33 80 146
33 81 42
33 82 273
33 83 19
33 84 279
33 85 187
33 86 19
33 87 23
33 88 131
33 89 253
33 90 64
33 91 190
33 92 26
33 93 299
33 94 117
33 95 90
33 96 136
33 97 146
33 98 31
33 99 152
33 100 216
34 35 119
34 36 196
34 37 25
34 38 157
34 39 12
34 40 118
34 41 30
34 42 158
34 43 268
34 44 114
34 45 6
34 46 232
34 47 231
34 48 136
34 49 18
34 50 278
34 51 291
34 52 108
34 53 45
34 54 249
34 55 234
34 56 12
34 57 270
34 58 112
34 59 8
34 60 171
34 61 277
34 62 51
34 63 32
34 64 257
34 65 152
34 66 81
34 67 21
34 68 155
34 69 92
34 70 233
34 71 109
34 72 165
34 73 243
34 74 155
34 75 110
34 76 271
34 77 174
34 78 225
34 79 265
34 80 152
34 81 29
34 82 212
34 83 254
34 84 48
34 85 9
34 86 64
34 87 221
34 88 105
34 89 224
34 90 17
34 91 106
34 92 159
34 93 18
34 94 140
34 95 254
34 96 29
34 97 106
34 98 219
34 99 132
34 100 241
35 36 126
35 37 134
35 38 44
35 39 171
35 40 38
35 41 34
35 42 289
35 43 285
35 44 114
35 45 105
35 46 49
35 47 164
35 48 46
35 49 131
35 50 11
35 51 98
35 52 45
35 53 216
35 54 60
35 55 167
35 56 212
35 57 99
35 58 190
35 59 97
35 60 244
35 61 181
35 62 119
35 63 80
35 64 129
35 65 183
35 66 110
35 67 80
35 68 78
35 69 220
35 70 37
35 71 195
35 72 259
35 73 199
35 74 54
35 75 60
35 76 40
35 77 247
35 78 297
35 79 298
35 80 220
35 81 26
35 82 247
35 83 261
35 84 200
35 85 169
35 86 142
35 87 183
35 88 267
35 89 243
35 90 145
35 91 254
35 92 230
35 93 17
35 94 155
35 95 234
35 96 36
35 97 70
35 98 168
35 99 264
35 100 187
36 37 2
36 38 208
36 39 283
36 40 57
36 41 156
36 42 267
36 43 146
36 44 4
36 45 154
36 46 197
36 47 42
36 48 293
36 49 59
36 50 171
36 51 221
36 52 73
36 53 150
36 54 62
36 55 79
36 56 108
36 57 162
36 58 200
36 59 285
36 60 64
36 61 288
36 62 227
36 63 259
36 64 31
36 65 94
36 66 128
36 67 190
36 68 128
36 69 291
36 70 178
36 71 134
36 72 241
36 73 264
36 74 182
36 75 243
36 76 240
36 77 146
36 78 149
36 79 191
36 80 59
36 81 75
36 82 212
36 83 70
36 84 41
36 85 224
36 86 168
36 87 77
36 88 13
36 89 72
36 90 256
36 91 83
36 92 280
36 93 28
36 94 153
36 95 5
36 96 3
36 97 183
36 98 283
36 99 163
36 100 257
37 38 129
37 39 218
37 40 80
37 41 164
37 42 87
37 43 0
37 44 86
37 45 244
37 46 48
37 47 115
37 48 160
37 49 144
37 50 22
37 51 162
37 52 0
37 53 106
37 54 76
37 55 258
37 56 138
37 57 136
37 58 164
37 59 274
37 60 119
37 61 281
37 62 82
37 63 94
37 64 73
37 65 299
37 66 292
37 67 147
37 68 297
37 69 161
37 70 224
37 71 236
37 72 138
37 73 6
37 74 186
37 75 148
37 76 198
37 77 160
37 78 41
37 79 136
37 80 151
37 81 184
37 82 28
37 83 158
37 84 87
37 85 68
37 86 118
37 87 162
37 88 29
37 89 34
37 90 274
37 91 279
37 92 74
37 93 294
37 94 195
37 95 43
37 96 157
37 97 52
37 98 28
37 99 175
37 100 234
38 39 142
38 40 164
38 41 86
38 42 90
38 43 144
38 44 279
38 45 215
38 46 53
38 47 169
38 48 119
38 49 206
38 50 84
38 51 88
38 52 270
38 53 271
38 54 106
38 55 161
38 56 220
38 57 189
38 58 160
38 59 188
38 60 101
38 61 72
38 62 94
38 63 257
38 64 74
38 65 14
38 66 62
38 67 268
38 68 51
38 69 227
38 70 177
38 71 62
38 72 183
38 73 270
38 74 36
38 75 183
38 76 183
38 77 252
38 78 192
38 79 43
38 80 0
38 81 240
38 82 125
38 83 172
38 84 4
38 85 195
38 86 236
38 87 198
38 88 178
38 89 286
38 90 51
38 91 206
38 92 62
38 93 201
38 94 134
38 95 113
38 96 210
38 97 29
38 98 102
38 99 27
38 100 141
39 40 68
39 41 0
39 42 209
39 43 147
39 44 151
39 45 32
39 46 124
39 47 191
39 48 224
39 49 178
39 50 211
39 51 290
39 52 2
39 53 256
39 54 76
39 55 252
39 56 250
39 57 174
39 58 247
39 59 195
39 60 168
39 61 281
39 62 257
39 63 99
39 64 107
39 65 4
39 66 22
39 67 46
39 68 194
39 69 177
39 70 60
39 71 31
39 72 172
39 73 233
39 74 92
39 75 235
39 76 260
39 77 88
39 78 48
39 79 167
39 80 65
39 81 284
39 82 67
39 83 246
39 84 64
39 85 7
39 86 33
39 87 187
39 88 220
39 89 22
39 90 42
39 91 3
39 92 272
39 93 281
39 94 239
39 95 273
39 96 84
39 97 1
39 98 74
39 99 169
39 100 124
40 41 168
40 42 59
40 43 90
40 44 126
40 45 222
40 46 128
40 47 111
40 48 39
40 49 8
40 50 199
40 51 20
40 52 268
40 53 238
40 54 91
40 55 168
40 56 265
40 57 230
40 58 203
40 59 184
40 60 88
40 61 227
40 62 191
40 63 212
40 64 291
40 65 211
40 66 222
40 67 194
40 68 289
40 69 8
40 70 6
40 71 145
40 72 138
40 73 294
40 74 155
40 75 146
40 76 249
40 77 219
40 78 103
40 79 138
40 80 280
40 81 225
40 82 282
40 83 3
40 84 272
40 85 0
40 86 280
40 87 209
40 88 39
40 89 12
40 90 66
40 91 20
40 92 25
40 93 140
40 94 44
40 95 164
40 96 208
40 97 273
40 98 3
40 99 20
40 100 215
41 42 241
41 43 246
41 44 243
41 45 106
41 46 275
41 47 101
41 48 6
41 49 154
41 50 138
41 51 59
41 52 285
41 53 57
41 54 110
41 55 145
41 56 25
41 57 75
41 58 229
41 59 205
41 60 175
41 61 284
41 62 182
41 63 268
41 64 248
41 65 100
41 66 36
41 67 75
41 68 146
41 69 221
41 70 7
41 71 219
41 72 32
41 73 173
41 74 186
41 75 29
41 76 2
41 77 133
41 78 40
41 79 253
41 80 142
41 81 279
41 82 20
41 83 120
41 84 147
41 85 51
41 86 214
41 87 133
41 88 255
41 89 188
41 90 37
41 91 252
41 92 185
41 93 203
41 94 23
41 95 59
41 96 46
41 97 153
41 98 88
41 99 1
41 100 115
42 43 211
42 44 240
42 45 163
42 46 0
42 47 112
42 48 244
42 49 213
42 50 163
42 51 243
42 52 161
42 53 215
42 54 174
42 55 249
42 56 48
42 57 141
42 58 36
42 59 251
42 60 226
42 61 283
42 62 241
42 63 175
42 64 145
42 65 32
42 66 222
42 67 131
42 68 26
42 69 206
42 70 247
42 71 162
42 72 144
42 73 280
42 74 6
42 75 92
42 76 23
42 77 240
42 78 3
42 79 36
42 80 295
42 81 284
42 82 52
42 83 186
42 84 58
42 85 30
42 86 82
42 87 32
42 88 146
42 89 293
42 90 158
42 91 127
42 92 166
42 93 277
42 94 167
42 95 202
42 96 34
42 97 163
42 98 59
42 99 188
42 100 181
43 44 198
43 45 28
43 46 61
43 47 159
43 48 180
43 49 93
43 50 177
43 51 84
43 52 62
43 53 190
43 54 258
43 55 177
43 56 45
43 57 108
43 58 49
43 59 122
43 60 265
43 61 263
43 62 71
43 63 39
43 64 247
43 65 49
43 66 235
43 67 150
43 68 232
43 69 4
43 70 50
43 71 266
43 72 204
43 73 78
43 74 62
43 75 49
43 76 230
43 77 268
43 78 261
43 79 227
43 80 26
43 81 278
43 82 43
43 83 66
43 84 99
43 85 134
43 86 215
43 87 228
43 88 28
43 89 45
43 90 195
43 91 178
43 92 71
43 93 19
43 94 283
43 95 151
43 96 30
43 97 292
43 98 47
43 99 240
43 100 280
44 45 55
44 46 11
44 47 41
44 48 257
44 49 144
44 50 107
44 51 51
44 52 158
44 53 110
44 54 181
44 55 72
44 56 162
44 57 195
44 58 158
44 59 203
44 60 26
44 61 268
44 62 149
44 63 256
44 64 32
44 65 261
44 66 248
44 67 54
44 68 107
44 69 33
44 70 137
44 71 8
44 72 32
44 73 59
44 74 243
44 75 18
44 76 295
44 77 277
44 78 126
44 79 130
44 80 136
44 81 60
44 82 46
44 83 196
44 84 16
44 85 282
44 86 93
44 87 194
44 88 110
44 89 281
44 90 171
44 91 242
44 92 43
44 93 148
44 94 286
44 95 260
44 96 19
44 97 115
44 98 20
44 99 250
44 100 252
45 46 28
45 47 283
45 48 289
45 49 81
45 50 173
45 51 108
45 52 206
45 53 27
45 54 279
45 55 100
45 56 143
45 57 0
45 58 209
45 59 37
45 60 286
45 61 42
45 62 299
45 63 151
45 64 174
45 65 145
45 66 227
45 67 80
45 68 71
45 69 18
45 70 164
45 71 5
45 72 8
45 73 99
45 74 288
45 75 14
45 76 228
45 77 89
45 78 72
45 79 24
45 80 25
45 81 260
45 82 299
45 83 253
45 84 253
45 85 13
45 86 212
45 87 145
45 88 219
45 89 292
45 90 134
45 91 168
45 92 49
45 93 59
45 94 228
45 95 213
45 96 22
45 97 75
45 98 229
45 99 244
45 100 33
46 47 293
46 48 146
46 49 145
46 50 173
46 51 273
46 52 213
46 53 178
46 54 75
46 55 81
46 56 123
46 57 285
46 58 83
46 59 167
46 60 176
46 61 151
46 62 282
46 63 136
46 64 278
46 65 167
46 66 190
46 67 29
46 68 44
46 69 12
46 70 251
46 71 15
46 72 90
46 73 233
46 74 218
46 75 220
46 76 255
46 77 88
46 78 116
46 79 168
46 80 55
46 81 194
46 82 296
46 83 227
46 84 180
46 85 177
46 86 56
46 87 75
46 88 41
46 89 276
46 90 284
46 91 202
46 92 99
46 93 43
46 94 7
46 95 175
46 96 188
46 97 77
46 98 296
46 99 212
46 100 87
47 48 294
47 49 16
47 50 227
47 51 41
47 52 117
47 53 130
47 54 237
47 55 5
47 56 6
47 57 123
47 58 72
47 59 209
47 60 263
47 61 190
47 62 51
47 63 252
47 64 269
47 65 68
47 66 86
47 67 236
47 68 57
47 69 90
47 70 282
47 71 47
47 72 41
47 73 0
47 74 8
47 75 85
47 76 247
47 77 268
47 78 161
47 79 280
47 80 6
47 81 199
47 82 96
47 83 108
47 84 33
47 85 81
47 86 182
47 87 209
47 88 40
47 89 257
47 90 50
47 91 153
47 92 223
47 93 13
47 94 207
47 95 75
47 96 236
47 97 192
47 98 84
47 99 100
47 100 230
48 49 13
48 50 286
48 51 7
48 52 36
48 53 222
48 54 275
48 55 69
48 56 231
48 57 266
48 58 33
48 59 199
48 60 40
48 61 57
48 62 60
48 63 249
48 64 54
48 65 68
48 66 213
48 67 19
48 68 73
48 69 102
48 70 139
48 71 41
48 72 291
48 73 89
48 74 9
48 75 205
48 76 216
48 77 194
48 78 204
48 79 253
48 80 105
48 81 196
48 82 261
48 83 75
48 84 104
48 85 30
48 86 201
48 87 244
48 88 296
48 89 200
48 90 83
48 91 200
48 92 70
48 93 263
48 94 57
48 95 225
48 96 272
48 97 290
48 98 222
48 99 294
48 100 139
49 50 291
49 51 110
49 52 140
49 53 190
49 54 6
49 55 69
49 56 76
49 57 125
49 58 129
49 59 78
49 60 194
49 61 120
49 62 9
49 63 61
49 64 294
49 65 196
49 66 191
49 67 55
49 68 73
49 69 132
49 70 262
49 71 224
49 72 258
49 73 261
49 74 230
49 75 257
49 76 212
49 77 39
49 78 259
49 79 123
49 80 240
49 81 3
49 82 154
49 83 97
49 84 46
49 85 272
49 86 242
49 87 1
49 88 75
49 89 231
49 90 43
49 91 79
49 92 62
49 93 231
49 94 74
49 95 18
49 96 119
49 97 177
49 98 169
49 99 227
49 100 222
50 51 282
50 52 23
50 53 199
50 54 280
50 55 275
50 56 36
50 57 190
50 58 133
50 59 35
50 60 174
50 61 57
50 62 164
50 63 246
50 64 98
50 65 229
50 66 183
50 67 129
50 68 105
50 69 253
50 70 57
50 71 5
50 72 232
50 73 275
50 74 2
50 75 239
50 76 44
50 77 112
50 78 82
50 79 187
50 80 189
50 81 213
50 82 202
50 83 215
50 84 282
50 85 120
50 86 104
50 87 182
50 88 98
50 89 90
50 90 242
50 91 285
50 92 22
50 93 193
50 94 217
50 95 252
50 96 218
50 97 278
50 98 264
50 99 214
50 100 273
51 52 62
51 53 79
51 54 226
51 55 240
51 56 43
51 57 259
51 58 123
51 59 202
51 60 237
51 61 177
51 62 237
51 63 70
51 64 191
51 65 228
51 66 237
51 67 292
51 68 12
51 69 209
51 70 89
51 71 99
51 72 116
51 73 146
51 74 231
51 75 271
51 76 72
51 77 177
51 78 165
51 79 235
51 80 257
51 81 29
51 82 248
51 83 20
51 84 212
51 85 182
51 86 210
51 87 104
51 88 79
51 89 31
51 90 286
51 91 223
51 92 296
51 93 254
51 94 100
51 95 158
51 96 41
51 97 206
51 98 216
51 99 189
51 100 120
52 53 227
52 54 129
52 55 56
52 56 101
52 57 289
52 58 276
52 59 203
52 60 162
52 61 109
52 62 35
52 63 160
52 64 93
52 65 97
52 66 128
52 67 219
52 68 79
52 69 263
52 70 23
52 71 138
52 72 101
52 73 44
52 74 219
52 75 3
52 76 0
52 77 20
52 78 113
52 79 17
52 80 52
52 81 232
52 82 261
52 83 166
52 84 254
52 85 50
52 86 49
52 87 287
52 88 275
52 89 213
52 90 297
52 91 241
52 92 268
52 93 201
52 94 61
52 95 34
52 96 222
52 97 24
52 98 133
52 99 102
52 100 133
53 54 203
53 55 205
53 56 170
53 57 91
53 58 214
53 59 6
53 60 263
53 61 87
53 62 232
53 63 278
53 64 275
53 65 46
53 66 266
53 67 31
53 68 84
53 69 225
53 70 216
53 71 118
53 72 99
53 73 162
53 74 208
53 75 106
53 76 209
53 77 238
53 78 92
53 79 23
53 80 86
53 81 220
53 82 211
53 83 174
53 84 86
53 85 290
53 86 173
53 87 140
53 88 266
53 89 109
53 90 202
53 91 76
53 92 272
53 93 51
53 94 159
53 95 28
53 96 22
53 97 36
53 98 15
53 99 66
53 100 121
54 55 76
54 56 46
54 57 136
54 58 58
54 59 256
54 60 193
54 61 287
54 62 290
54 63 114
54 64 222
54 65 274
54 66 5
54 67 84
54 68 103
54 69 288
54 70 95
54 71 218
54 72 197
54 73 44
54 74 16
54 75 175
54 76 108
54 77 275
54 78 262
54 79 13
54 80 151
54 81 221
54 82 292
54 83 253
54 84 197
54 85 7
54 86 225
54 87 99
54 88 5
54 89 278
54 90 269
54 91 21
54 92 37
54 93 9
54 94 136
54 95 215
54 96 114
54 97 38
54 98 243
54 99 253
54 100 253
55 56 31
55 57 34
55 58 36
55 59 210
55 60 12
55 61 9
55 62 93
55 63 208
55 64 66
55 65 251
55 66 84
55 67 296
55 68 280
55 69 76
55 70 290
55 71 109
55 72 35
55 73 216
55 74 46
55 75 138
55 76 153
55 77 127
55 78 236
55 79 255
55 80 152
55 81 180
55 82 165
55 83 16
55 84 123
55 85 74
55 86 295
55 87 194
55 88 218
55 89 149
55 90 237
55 91 133
55 92 296
55 93 118
55 94 184
55 95 74
55 96 133
55 97 246
55 98 157
55 99 161
55 100 83
56 57 146
56 58 144
56 59 275
56 60 45
56 61 85
56 62 38
56 63 58
56 64 223
56 65 212
56 66 140
56 67 53
56 68 269
56 69 94
56 70 4
56 71 95
56 72 23
56 73 199
56 74 221
56 75 295
56 76 120
56 77 15
56 78 85
56 79 129
56 80 76
56 81 270
56 82 34
56 83 26
56 84 135
56 85 272
56 86 54
56 87 294
56 88 235
56 89 295
56 90 10
56 91 134
56 92 294
56 93 76
56 94 258
56 95 19
56 96 262
56 97 251
56 98 70
56 99 272
56 100 117
57 58 181
57 59 240
57 60 186
57 61 157
57 62 242
57 63 159
57 64 154
57 65 87
57 66 56
57 67 163
57 68 1
57 69 132
57 70 239
57 71 18
57 72 115
57 73 154
57 74 63
57 75 155
57 76 96
57 77 296
57 78 213
57 79 38
57 80 283
57 81 106
57 82 96
57 83 184
57 84 153
57 85 231
57 86 292
57 87 241
57 88 150
57 89 230
57 90 36
57 91 112
57 92 65
57 93 128
57 94 73
57 95 208
57 96 23
57 97 294
57 98 77
57 99 217
57 100 155
58 59 182
58 60 119
58 61 9
58 62 206
58 63 163
58 64 23
58 65 151
58 66 215
58 67 293
58 68 60
58 69 167
58 70 36
58 71 132
58 72 4
58 73 276
58 74 153
58 75 196
58 76 102
58 77 11
58 78 112
58 79 295
58 80 142
58 81 142
58 82 139
58 83 78
58 84 28
58 85 268
58 86 197
58 87 194
58 88 78
58 89 84
58 90 152
58 91 242
58 92 33
58 93 278
58 94 6
58 95 206
58 96 216
58 97 158
58 98 244
58 99 287
58 100 201
59 60 12
59 61 15
59 62 39
59 63 180
59 64 250
59 65 104
59 66 155
59 67 295
59 68 86
59 69 213
59 70 120
59 71 169
59 72 158
59 73 22
59 74 212
59 75 179
59 76 32
59 77 27
59 78 169
59 79 146
59 80 150
59 81 280
59 82 77
59 83 292
59 84 295
59 85 63
59 86 126
59 87 107
59 88 58
59 89 159
59 90 202
59 91 123
59 92 245
59 93 190
59 94 169
59 95 288
59 96 99
59 97 116
59 98 245
59 99 144
59 100 224
60 61 190
60 62 59
60 63 160
60 64 183
60 65 131
60 66 234
60 67 196
60 68 174
60 69 186
60 70 43
60 71 245
60 72 85
60 73 128
60 74 229
60 75 278
60 76 32
60 77 181
60 78 31
60 79 192
60 80 173
60 81 262
60 82 278
60 83 269
60 84 253
60 85 113
60 86 66
60 87 280
60 88 69
60 89 89
60 90 38
60 91 290
60 92 100
60 93 162
60 94 25
60 95 169
60 96 4
60 97 92
60 98 29
60 99 73
60 100 24
61 62 273
61 63 129
61 64 11
61 65 142
61 66 20
61 67 234
61 68 54
61 69 294
61 70 249
61 71 197
61 72 169
61 73 102
61 74 1
61 75 196
61 76 174
61 77 145
61 78 188
61 79 15
61 80 260
61 81 206
61 82 152
61 83 142
61 84 202
61 85 80
61 86 5
61 87 129
61 88 290
61 89 218
61 90 122
61 91 173
61 92 118
61 93 255
61 94 127
61 95 267
61 96 53
61 97 225
61 98 112
61 99 215
61 100 43
62 63 55
62 64 59
62 65 28
62 66 137
62 67 87
62 68 78
62 69 218
62 70 58
62 71 291
62 72 161
62 73 76
62 74 92
62 75 147
62 76 123
62 77 84
62 78 208
62 79 153
62 80 144
62 81 8
62 82 201
62 83 158
62 84 135
62 85 276
62 86 98
62 87 221
62 88 107
62 89 73
62 90 286
62 91 74
62 92 8
62 93 243
62 94 89
62 95 145
62 96 197
62 97 212
62 98 2
62 99 147
62 100 272
63 64 168
63 65 120
63 66 4
63 67 282
63 68 285
63 69 159
63 70 253
63 71 70
63 72 67
63 73 201
63 74 292
63 75 54
63 76 134
63 77 45
63 78 16
63 79 146
63 80 243
63 81 95
63 82 146
63 83 166
63 84 275
63 85 211
63 86 35
63 87 112
63 88 180
63 89 290
63 90 248
63 91 163
63 92 86
63 93 132
63 94 11
63 95 249
63 96 255
63 97 296
63 98 168
63 99 232
63 100 75
64 65 125
64 66 192
64 67 55
64 68 21
64 69 131
64 70 292
64 71 106
64 72 207
64 73 51
64 74 102
64 75 31
64 76 132
64 77 46
64 78 270
64 79 176
64 80 82
64 81 199
64 82 12
64 83 168
64 84 80
64 85 183
64 86 101
64 87 256
64 88 18
64 89 85
64 90 9
64 91 32
64 92 97
64 93 39
64 94 73
64 95 223
64 96 64
64 97 257
64 98 98
64 99 32
64 100 138
65 66 50
65 67 168
65 68 274
65 69 147
65 70 47
65 71 252
65 72 210
65 73 65
65 74 217
65 75 230
65 76 184
65 77 18
65 78 217
65 79 60
65 80 172
65 81 200
65 82 211
65 83 156
65 84 229
65 85 114
65 86 219
65 87 28
65 88 125
65 89 53
65 90 8
65 91 61
65 92 16
65 93 36
65 94 81
65 95 197
65 96 126
65 97 268
65 98 65
65 99 116
65 100 230
66 67 204
66 68 255
66 69 198
66 70 79
66 71 74
66 72 277
66 73 11
66 74 58
66 75 235
66 76 11
66 77 206
66 78 238
66 79 28
66 80 25
66 81 101
66 82 191
66 83 152
66 84 143
66 85 229
66 86 117
66 87 155
66 88 199
66 89 197
66 90 51
66 91 259
66 92 107
66 93 119
66 94 186
66 95 142
66 96 25
66 97 255
66 98 81
66 99 254
66 100 244
67 68 183
67 69 61
67 70 77
67 71 154
67 72 146
67 73 144
67 74 128
67 75 123
67 76 6
67 77 195
67 78 250
67 79 72
67 80 279
67 81 67
67 82 268
67 83 10
67 84 116
67 85 39
67 86 40
67 87 43
67 88 106
67 89 257
67 90 83
67 91 174
67 92 263
67 93 221
67 94 34
67 95 222
67 96 286
67 97 209
67 98 289
67 99 298
67 100 298
68 69 275
68 70 268
68 71 237
68 72 216
68 73 8
68 74 256
68 75 124
68 76 43
68 77 262
68 78 254
68 79 163
68 80 151
68 81 197
68 82 172
68 83 95
68 84 189
68 85 240
68 86 234
68 87 51
68 88 84
68 89 188
68 90 110
68 91 114
68 92 246
68 93 223
68 94 202
68 95 23
68 96 17
68 97 99
68 98 253
68 99 224
68 100 73
69 70 124
69 71 15
69 72 215
69 73 26
69 74 102
69 75 28
69 76 245
69 77 67
69 78 100
69 79 50
69 80 89
69 81 153
69 82 283
69 83 164
69 84 162
69 85 55
69 86 152
69 87 114
69 88 271
69 89 201
69 90 63
69 91 284
69 92 270
69 93 245
69 94 102
69 95 217
69 96 133
69 97 278
69 98 80
69 99 81
69 100 294
70 71 55
70 72 69
70 73 99
70 74 72
70 75 111
70 76 99
70 77 212
70 78 77
70 79 247
70 80 250
70 81 262
70 82 29
70 83 291
70 84 29
70 85 188
70 86 213
70 87 70
70 88 283
70 89 186
70 90 239
70 91 219
70 92 57
70 93 263
70 94 165
70 95 210
70 96 64
70 97 109
70 98 199
70 99 245
70 100 65
71 72 27
71 73 102
71 74 18
71 75 146
71 76 295
71 77 266
71 78 118
71 79 69
71 80 18
71 81 182
71 82 115
71 83 134
71 84 197
71 85 34
71 86 257
71 87 158
71 88 234
71 89 218
71 90 96
71 91 181
71 92 68
71 93 77
71 94 182
71 95 87
71 96 38
71 97 150
71 98 168
71 99 270
71 100 291
72 73 30
72 74 78
72 75 13
72 76 55
72 77 236
72 78 91
72 79 130
72 80 269
72 81 263
72 82 98
72 83 158
72 84 229
72 85 268
72 86 152
72 87 219
72 88 223
72 89 143
72 90 189
72 91 254
72 92 9
72 93 270
72 94 77
72 95 51
72 96 222
72 97 144
72 98 267
72 99 221
72 100 264
73 74 186
73 75 194
73 76 36
73 77 93
73 78 140
73 79 229
73 80 34
73 81 98
73 82 297
73 83 142
73 84 100
73 85 205
73 86 45
73 87 36
73 88 50
73 89 174
73 90 96
73 91 219
73 92 170
73 93 214
73 94 89
73 95 39
73 96 273
73 97 177
73 98 221
73 99 260
73 100 171
74 75 57
74 76 214
74 77 204
74 78 15
74 79 126
74 80 272
74 81 228
74 82 199
74 83 52
74 84 206
74 85 28
74 86 238
74 87 179
74 88 69
74 89 291
74 90 98
74 91 92
74 92 53
74 93 155
74 94 202
74 95 84
74 96 11
74 97 208
74 98 279
74 99 247
74 100 132
75 76 83
75 77 294
75 78 299
75 79 272
75 80 194
75 81 270
75 82 245
75 83 69
75 84 72
75 85 123
75 86 43
75 87 96
75 88 131
75 89 99
75 90 69
75 91 207
75 92 178
75 93 10
75 94 3
75 95 120
75 96 120
75 97 278
75 98 174
75 99 30
75 100 240
76 77 81
76 78 224
76 79 80
76 80 44
76 81 123
76 82 206
76 83 30
76 84 143
76 85 129
76 86 83
76 87 51
76 88 226
76 89 130
76 90 137
76 91 153
76 92 288
76 93 140
76 94 254
76 95 84
76 96 198
76 97 238
76 98 17
76 99 63
76 100 102
77 78 276
77 79 160
77 80 288
77 81 247
77 82 73
77 83 97
77 84 85
77 85 61
77 86 153
77 87 34
77 88 211
77 89 74
77 90 22
77 91 68
77 92 211
77 93 286
77 94 223
77 95 152
77 96 287
77 97 121
77 98 292
77 99 53
77 100 146
78 79 65
78 80 163
78 81 20
78 82 152
78 83 129
78 84 234
78 85 285
78 86 287
78 87 169
78 88 276
78 89 297
78 90 8
78 91 58
78 92 149
78 93 280
78 94 282
78 95 257
78 96 252
78 97 284
78 98 100
78 99 5
78 100 217
79 80 113
79 81 120
79 82 48
79 83 250
79 84 52
79 85 134
79 86 9
79 87 199
79 88 298
79 89 236
79 90 0
79 91 285
79 92 190
79 93 299
79 94 145
79 95 148
79 96 143
79 97 281
79 98 97
79 99 227
79 100 95
80 81 229
80 82 198
80 83 88
80 84 91
80 85 296
80 86 131
80 87 120
80 88 141
80 89 36
80 90 272
80 91 211
80 92 228
80 93 245
80 94 259
80 95 35
80 96 189
80 97 61
80 98 297
80 99 102
80 100 47
81 82 247
81 83 18
81 84 115
81 85 64
81 86 96
81 87 284
81 88 115
81 89 298
81 90 94
81 91 183
81 92 119
81 93 96
81 94 181
81 95 267
81 96 6
81 97 268
81 98 35
81 99 158
81 100 152
82 83 237
82 84 297
82 85 281
82 86 45
82 87 182
82 88 261
82 89 277
82 90 83
82 91 93
82 92 0
82 93 107
82 94 131
82 95 75
82 96 127
82 97 71
82 98 213
82 99 258
82 100 116
83 84 208
83 85 159
83 86 146
83 87 231
83 88 119
83 89 88
83 90 230
83 91 190
83 92 254
83 93 243
83 94 92
83 95 123
83 96 170
83 97 42
83 98 95
83 99 280
83 100 137
84 85 56
84 86 220
84 87 116
84 88 160
84 89 238
84 90 64
84 91 74
84 92 223
84 93 214
84 94 59
84 95 273
84 96 41
84 97 18
84 98 55
84 99 87
84 100 99
85 86 79
85 87 193
85 88 93
85 89 158
85 90 253
85 91 181
85 92 276
85 93 232
85 94 27
85 95 271
85 96 181
85 97 47
85 98 147
85 99 179
85 100 79
86 87 82
86 88 229
86 89 11
86 90 93
86 91 1
86 92 189
86 93 82
86 94 230
86 95 91
86 96 292
86 97 99
86 98 138
86 99 169
86 100 173
87 88 77
87 89 159
87 90 158
87 91 83
87 92 139
87 93 189
87 94 145
87 95 50
87 96 218
87 97 223
87 98 256
87 99 97
87 100 253
88 89 220
88 90 267
88 91 60
88 92 60
88 93 143
88 94 95
88 95 92
88 96 35
88 97 187
88 98 87
88 99 17
88 100 16
89 90 147
89 91 24
89 92 136
89 93 204
89 94 93
89 95 120
89 96 102
89 97 80
89 98 98
89 99 267
89 100 206
90 91 251
90 92 231
90 93 151
90 94 297
90 95 35
90 96 226
90 97 86
90 98 11
90 99 131
90 100 156
91 92 136
91 93 210
91 94 294
91 95 200
91 96 110
91 97 173
91 98 144
91 99 65
91 100 142
92 93 36
92 94 263
92 95 186
92 96 29
92 97 27
92 98 190
92 99 195
92 100 119
93 94 186
93 95 266
93 96 184
93 97 60
93 98 93
93 99 32
93 100 254
94 95 242
94 96 9
94 97 290
94 98 199
94 99 80
94 100 85
95 96 60
95 97 290
95 98 58
95 99 156
95 100 142
96 97 263
96 98 105
96 99 190
96 100 260
97 98 38
97 99 120
97 100 261
98 99 26
98 100 154
99 100 219
