100 4950
1 2 201
1 3 271
1 4 33
1 5 249
1 6 232
1 7 139
1 8 139
1 9 184
1 10 200
1 11 57
1 12 183
1 13 172
1 14 55
1 15 192
1 16 76
1 17 189
1 18 242
1 19 111
1 20 149
1 21 19
1 22 275
1 23 9
1 24 45
1 25 59
1 26 216
1 27 295
1 28 184
1 29 134
1 30 222
1 31 252
1 32 236
1 33 257
1 34 190
1 35 202
1 36 57
1 37 160
1 38 170
1 39 162
1 40 18
1 41 85
1 42 131
1 43 255
1 44 144
1 45 33
1 46 29
1 47 196
1 48 18
1 49 275
1 50 173
1 51 76
1 52 252
1 53 2
1 54 235
1 55 156
1 56 119
1 57 221
1 58 41
1 59 222
1 60 20
1 61 16
1 62 282
1 63 264
1 64 63
1 65 199
1 66 54
1 67 227
1 68 156
1 69 60
1 70 48
1 71 108
1 72 253
1 73 261
1 74 172
1 75 5
1 76 267
1 77 221
1 78 73
1 79 37
1 80 228
1 81 178
1 82 210
1 83 4
1 84 35
1 85 65
1 86 255
1 87 52
1 88 280
1 89 144
1 90 123
1 91 253
1 92 50
1 93 147
1 94 219
1 95 201
1 96 280
1 97 51
1 98 295
1 99 206
1 100 75
2 3 186
2 4 206
2 5 90
2 6 206
2 7 79
2 8 45
2 9 255
2 10 91
2 11 111
2 12 290
2 13 53
2 14 160
2 15 151
2 16 197
2 17 32
2 18 182
2 19 204
2 20 152
2 21 96
2 22 208
2 23 231
2 24 147
2 25 42
2 26 112
2 27 39
2 28 15
2 29 264
2 30 296
2 31 262
2 32 251
2 33 58
2 34 91
2 35 13
2 36 76
2 37 204
2 38 30
2 39 254
2 40 45
2 41 275
2 42 5
2 43 26
2 44 93
2 45 237
2 46 44
2 47 4
2 48 180
2 49 277
2 50 7
2 51 89
2 52 91
2 53 262
2 54 209
2 55 93
2 56 214
2 57 129
2 58 238
2 59 21
2 60 188
2 61 9
2 62 156
2 63 90
2 64 182
2 65 171
2 66 298
2 67 251
2 68 152
2 69 172
2 70 34
2 71 191
2 72 171
2 73 115
2 74 159
2 75 122
2 76 58
2 77 53
2 78 90
2 79 225
2 80 251
2 81 248
2 82 198
2 83 140
2 84 226
2 85 270
2 86 248
2 87 243
2 88 214
2 89 83
2 90 102
2 91 238
2 92 290
2 93 177
2 94 166
2 95 138
2 96 115
2 97 218
2 98 132
2 99 126
2 100 125
3 4 263
3 5 125
3 6 290
3 7 138
3 8 182
3 9 41
3 10 248
3 11 78
3 12 125
3 13 0
3 14 270
3 15 253
3 16 181
3 17 57
3 18 83
3 19 257
3 20 91
3 21 33
3 22 253
3 23 222
3 24 211
3 25 137
3 26 76
3 27 32
3 28 68
3 29 147
3 30 5
3 31 90
3 32 109
3 33 52
3 34 265
3 35 248
3 36 283
3 37 20
3 38 201
3 39 37
3 40 167
3 41 59
3 42 179
3 43 104
3 44 125
3 45 18
3 46 297
3 47 173
3 48 198
3 49 179
3 50 294
3 51 3
3 52 115
3 53 193
3 54 198
3 55 7
3 56 170
3 57 172
3 58 207
3 59 148
3 60 144
3 61 184
3 62 8
3 63 95
3 64 297
3 65 44
3 66 170
3 67 1
3 68 248
3 69 94
3 70 111
3 71 79
3 72 12
3 73 150
3 74 81
3 75 240
3 76 237
3 77 287
3 78 279
3 79 33
3 80 176
3 81 39
3 82 48
3 83 108
3 84 27
3 85 195
3 86 283
3 87 194
3 88 207
3 89 141
3 90 37
3 91 33
3 92 88
3 93 79
3 94 99
3 95 140
3 96 276
3 97 287
3 98 135
3 99 2
3 100 168
4 5 25
4 6 227
4 7 202
4 8 256
4 9 198
4 10 259
4 11 65
4 12 183
4 13 264
4 14 144
4 15 2
4 16 251
4 17 296
4 18 127
4 19 270
4 20 154
4 21 188
4 22 194
4 23 275
4 24 99
4 25 137
4 26 93
4 27 291
4 28 186
4 29 226
4 30 270
4 31 257
4 32 16
4 33 160
4 34 11
4 35 57
4 36 147
4 37 252
4 38 132
4 39 143
4 40 69
4 41 245
4 42 281
4 43 210
4 44 155
4 45 43
4 46 177
4 47 272
4 48 82
4 49 175
4 50 178
4 51 136
4 52 292
4 53 266
4 54 197
4 55 191
4 56 95
4 57 151
4 58 271
4 59 14
4 60 246
4 61 95
4 62 195
4 63 29
4 64 14
4 65 234
4 66 11
4 67 109
4 68 235
4 69 267
4 70 94
4 71 86
4 72 46
4 73 153
4 74 247
4 75 136
4 76 90
4 77 15
4 78 119
4 79 232
4 80 247
4 81 56
4 82 104
4 83 111
4 84 98
4 85 288
4 86 291
4 87 20
4 88 157
4 89 76
4 90 290
4 91 11
4 92 64
4 93 108
4 94 212
4 95 284
4 96 226
4 97 233
4 98 136
4 99 88
4 100 231
5 6 251
5 7 104
5 8 75
5 9 95
5 10 24
5 11 173
5 12 256
5 13 210
5 14 261
5 15 21
5 16 123
5 17 172
5 18 99
5 19 213
5 20 84
5 21 187
5 22 91
5 23 272
5 24 151
5 25 191
5 26 299
5 27 223
5 28 125
5 29 258
5 30 64
5 31 38
5 32 22
5 33 41
5 34 61
5 35 18
5 36 4
5 37 112
5 38 287
5 39 286
5 40 70
5 41 13
5 42 47
5 43 244
5 44 245
5 45 71
5 46 135
5 47 152
5 48 97
5 49 120
5 50 211
5 51 148
5 52 204
5 53 156
5 54 12
5 55 231
5 56 98
5 57 100
5 58 177
5 59 62
5 60 155
5 61 220
5 62 210
5 63 159
5 64 94
5 65 265
5 66 223
5 67 160
5 68 203
5 69 170
5 70 155
5 71 52
5 72 137
5 73 191
5 74 223
5 75 162
5 76 59
5 77 10
5 78 8
5 79 88
5 80 145
5 81 296
5 82 229
5 83 189
5 84 178
5 85 26
5 86 85
5 87 51
5 88 262
5 89 201
5 90 190
5 91 37
5 92 51
5 93 7
5 94 263
5 95 143
5 96 250
5 97 180
5 98 222
5 99 117
5 100 53
6 7 250
6 8 67
6 9 263
6 10 201
6 11 274
6 12 86
6 13 152
6 14 260
6 15 16
6 16 7
6 17 194
6 18 163
6 19 45
6 20 225
6 21 105
6 22 201
6 23 142
6 24 8
6 25 51
6 26 289
6 27 74
6 28 296
6 29 16
6 30 160
6 31 276
6 32 127
6 33 0
6 34 266
6 35 166
6 36 16
6 37 102
6 38 28
6 39 82
6 40 25
6 41 295
6 42 186
6 43 180
6 44 182
6 45 187
6 46 221
6 47 203
6 48 274
6 49 183
6 50 160
6 51 243
6 52 151
6 53 249
6 54 186
6 55 220
6 56 247
6 57 13
6 58 209
6 59 290
6 60 222
6 61 177
6 62 4
6 63 11
6 64 135
6 65 276
6 66 299
6 67 115
6 68 103
6 69 65
6 70 219
6 71 12
6 72 113
6 73 171
6 74 66
6 75 235
6 76 136
6 77 220
6 78 65
6 79 65
6 80 8
6 81 116
6 82 70
6 83 50
6 84 282
6 85 158
6 86 135
6 87 257
6 88 254
6 89 66
6 90 38
6 91 207
6 92 23
6 93 38
6 94 126
6 95 249
6 96 68
6 97 123
6 98 163
6 99 192
6 100 91
7 8 291
7 9 240
7 10 257
7 11 143
7 12 237
7 13 24
7 14 66
7 15 176
7 16 261
7 17 291
7 18 183
7 19 115
7 20 97
7 21 38
7 22 181
7 23 220
7 24 179
7 25 41
7 26 176
7 27 214
7 28 1
7 29 123
7 30 140
7 31 81
7 32 127
7 33 249
7 34 213
7 35 177
7 36 181
7 37 122
7 38 108
7 39 90
7 40 98
7 41 200
7 42 92
7 43 223
7 44 275
7 45 127
7 46 244
7 47 173
7 48 148
7 49 212
7 50 18
7 51 5
7 52 298
7 53 76
7 54 127
7 55 71
7 56 58
7 57 66
7 58 192
7 59 193
7 60 209
7 61 118
7 62 265
7 63 69
7 64 135
7 65 241
7 66 86
7 67 31
7 68 20
7 69 212
7 70 271
7 71 237
7 72 289
7 73 230
7 74 120
7 75 91
7 76 210
7 77 87
7 78 216
7 79 135
7 80 278
7 81 46
7 82 299
7 83 55
7 84 175
7 85 237
7 86 178
7 87 163
7 88 44
7 89 185
7 90 98
7 91 188
7 92 9
7 93 280
7 94 194
7 95 113
7 96 62
7 97 205
7 98 103
7 99 251
7 100 53
8 9 111
8 10 182
8 11 255
8 12 139
8 13 180
8 14 234
8 15 240
8 16 79
8 17 48
8 18 118
8 19 83
8 20 284
8 21 8
8 22 163
8 23 81
8 24 256
8 25 164
8 26 154
8 27 170
8 28 91
8 29 187
8 30 56
8 31 226
8 32 140
8 33 74
8 34 153
8 35 193
8 36 203
8 37 125
8 38 53
8 39 96
8 40 152
8 41 75
8 42 65
8 43 236
8 44 151
8 45 122
8 46 264
8 47 250
8 48 185
8 49 245
8 50 240
8 51 47
8 52 285
8 53 63
8 54 28
8 55 139
8 56 130
8 57 268
8 58 86
8 59 96
8 60 103
8 61 183
8 62 271
8 63 97
8 64 293
8 65 71
8 66 145
8 67 14
8 68 2
8 69 13
8 70 274
8 71 126
8 72 102
8 73 129
8 74 118
8 75 55
8 76 33
8 77 40
8 78 233
8 79 204
8 80 262
8 81 53
8 82 147
8 83 161
8 84 161
8 85 116
8 86 126
8 87 108
8 88 275
8 89 262
8 90 237
8 91 258
8 92 165
8 93 228
8 94 9
8 95 87
8 96 129
8 97 191
8 98 15
8 99 92
8 100 126
9 10 184
9 11 250
9 12 269
9 13 124
9 14 9
9 15 194
9 16 185
9 17 236
9 18 291
9 19 192
9 20 103
9 21 196
9 22 164
9 23 65
9 24 32
9 25 208
9 26 186
9 27 103
9 28 106
9 29 173
9 30 85
9 31 225
9 32 264
9 33 290
9 34 171
9 35 179
9 36 6
9 37 64
9 38 25
9 39 24
9 40 292
9 41 229
9 42 36
9 43 91
9 44 148
9 45 271
9 46 162
9 47 293
9 48 102
9 49 40
9 50 198
9 51 228
9 52 11
9 53 3
9 54 168
9 55 135
9 56 156
9 57 80
9 58 265
9 59 284
9 60 296
9 61 77
9 62 95
9 63 79
9 64 107
9 65 59
9 66 92
9 67 299
9 68 46
9 69 88
9 70 253
9 71 101
9 72 283
9 73 44
9 74 142
9 75 177
9 76 104
9 77 26
9 78 209
9 79 82
9 80 218
9 81 176
9 82 151
9 83 115
9 84 139
9 85 49
9 86 267
9 87 254
9 88 87
9 89 134
9 90 150
9 91 286
9 92 231
9 93 159
9 94 53
9 95 94
9 96 254
9 97 232
9 98 47
9 99 11
9 100 89
10 11 287
10 12 281
10 13 93
10 14 217
10 15 193
10 16 178
10 17 99
10 18 30
10 19 150
10 20 8
10 21 98
10 22 135
10 23 224
10 24 93
10 25 23
10 26 65
10 27 80
10 28 203
10 29 130
10 30 255
10 31 152
10 32 177
10 33 78
10 34 89
10 35 265
10 36 13
10 37 191
10 38 203
10 39 53
10 40 86
10 41 241
10 42 146
10 43 150
10 44 99
10 45 111
10 46 127
10 47 152
10 48 142
10 49 110
10 50 87
10 51 35
10 52 58
10 53 53
10 54 294
10 55 120
10 56 143
10 57 199
10 58 126
10 59 90
10 60 26
10 61 26
10 62 210
10 63 197
10 64 208
10 65 175
10 66 249
10 67 226
10 68 60
10 69 264
10 70 43
10 71 234
10 72 92
10 73 76
10 74 8
10 75 59
10 76 30
10 77 151
10 78 105
10 79 71
10 80 55
10 81 116
10 82 121
10 83 271
10 84 44
10 85 251
10 86 8
10 87 106
10 88 201
10 89 200
10 90 249
10 91 46
10 92 158
10 93 236
10 94 271
10 95 266
10 96 21
10 97 3
10 98 157
10 99 124
10 100 96
11 12 194
11 13 96
11 14 263
11 15 66
11 16 194
11 17 213
11 18 2
11 19 71
11 20 136
11 21 126
11 22 280
11 23 186
11 24 22
11 25 174
11 26 171
11 27 39
11 28 196
11 29 186
11 30 46
11 31 21
11 32 46
11 33 216
11 34 48
11 35 33
11 36 115
11 37 61
11 38 290
11 39 154
11 40 216
11 41 275
11 42 139
11 43 140
11 44 124
11 45 280
11 46 123
11 47 180
11 48 97
11 49 105
11 50 9
11 51 277
11 52 200
11 53 213
11 54 277
11 55 26
11 56 197
11 57 259
11 58 28
11 59 149
11 60 190
11 61 186
11 62 135
11 63 179
11 64 109
11 65 115
11 66 213
11 67 160
11 68 82
11 69 157
11 70 59
11 71 38
11 72 82
11 73 107
11 74 68
11 75 24
11 76 15
11 77 274
11 78 10
11 79 52
11 80 221
11 81 290
11 82 190
11 83 273
11 84 247
11 85 297
11 86 264
11 87 82
11 88 178
11 89 154
11 90 12
11 91 262
11 92 89
11 93 156
11 94 163
11 95 87
11 96 201
11 97 204
11 98 157
11 99 274
11 100 241
12 13 129
12 14 200
12 15 17
12 16 42
12 17 191
12 18 51
12 19 245
12 20 265
12 21 274
12 22 248
12 23 245
12 24 50
12 25 248
12 26 289
12 27 256
12 28 275
12 29 136
12 30 137
12 31 287
12 32 167
12 33 182
12 34 113
12 35 200
12 36 95
12 37 100
12 38 140
12 39 139
12 40 145
12 41 103
12 42 284
12 43 75
12 44 54
12 45 146
12 46 1
12 47 296
12 48 240
12 49 279
12 50 173
12 51 286
12 52 32
12 53 294
12 54 276
12 55 28
12 56 240
12 57 16
12 58 265
12 59 206
12 60 211
12 61 0
12 62 0
12 63 186
12 64 113
12 65 97
12 66 189
12 67 255
12 68 96
12 69 282
12 70 183
12 71 159
12 72 7
12 73 202
12 74 87
12 75 249
12 76 193
12 77 188
12 78 98
12 79 187
12 80 18
12 81 138
12 82 8
12 83 7
12 84 216
12 85 246
12 86 140
12 87 180
12 88 175
12 89 231
12 90 106
12 91 272
12 92 225
12 93 58
12 94 289
12 95 222
12 96 8
12 97 283
12 98 255
12 99 261
12 100 122
13 14 228
13 15 200
13 16 232
13 17 124
13 18 2
13 19 291
13 20 80
13 21 244
13 22 65
13 23 83
13 24 159
13 25 289
13 26 132
13 27 229
13 28 84
13 29 83
13 30 129
13 31 190
13 32 242
13 33 267
13 34 72
13 35 162
13 36 15
13 37 141
13 38 17
13 39 290
13 40 181
13 41 132
13 42 111
13 43 160
13 44 33
13 45 255
13 46 155
13 47 80
13 48 142
13 49 212
13 50 151
13 51 6
13 52 77
13 53 64
13 54 51
13 55 188
13 56 255
13 57 56
13 58 52
13 59 168
13 60 283
13 61 228
13 62 270
13 63 188
13 64 6
13 65 258
13 66 245
13 67 73
13 68 70
13 69 139
13 70 100
13 71 240
13 72 96
13 73 193
13 74 156
13 75 144
13 76 43
13 77 92
13 78 233
13 79 274
13 80 190
13 81 181
13 82 111
13 83 84
13 84 237
13 85 62
13 86 152
13 87 127
13 88 285
13 89 17
13 90 104
13 91 254
13 92 7
13 93 171
13 94 231
13 95 264
13 96 161
13 97 50
13 98 4
13 99 194
13 100 174
14 15 19
14 16 31
14 17 219
14 18 84
14 19 204
14 20 54
14 21 67
14 22 89
14 23 169
14 24 201
14 25 167
14 26 178
14 27 99
14 28 210
14 29 164
14 30 92
14 31 200
14 32 241
14 33 56
14 34 50
14 35 212
14 36 73
14 37 170
14 38 18
14 39 121
14 40 252
14 41 91
14 42 127
14 43 255
14 44 145
14 45 114
14 46 130
14 47 283
14 48 153
14 49 199
14 50 117
14 51 266
14 52 30
14 53 118
14 54 263
14 55 122
14 56 25
14 57 265
14 58 204
14 59 48
14 60 177
14 61 173
14 62 165
14 63 75
14 64 286
14 65 60
14 66 106
14 67 180
14 68 106
14 69 249
14 70 104
14 71 232
14 72 107
14 73 250
14 74 61
14 75 70
14 76 34
14 77 206
14 78 49
14 79 65
14 80 106
14 81 89
14 82 50
14 83 156
14 84 48
14 85 11
14 86 260
14 87 39
14 88 257
14 89 63
14 90 91
14 91 173
14 92 187
14 93 90
14 94 198
14 95 154
14 96 163
14 97 200
14 98 112
14 99 19
14 100 211
15 16 128
15 17 188
15 18 193
15 19 86
15 20 128
15 21 45
15 22 52
15 23 200
15 24 78
15 25 217
15 26 96
15 27 249
15 28 28
15 29 159
15 30 161
15 31 25
15 32 66
15 33 21
15 34 274
15 35 157
15 36 219
15 37 180
15 38 280
15 39 259
15 40 57
15 41 122
15 42 14
15 43 226
15 44 148
15 45 221
15 46 133
15 47 288
15 48 5
15 49 177
15 50 20
15 51 169
15 52 84
15 53 215
15 54 112
15 55 171
15 56 150
15 57 55
15 58 182
15 59 37
15 60 161
15 61 38
15 62 127
15 63 106
15 64 283
15 65 85
15 66 11
15 67 242
15 68 280
15 69 202
15 70 125
15 71 299
15 72 85
15 73 104
15 74 92
15 75 7
15 76 98
15 77 49
15 78 15
15 79 63
15 80 257
15 81 20
15 82 34
15 83 280
15 84 78
15 85 213
15 86 162
15 87 167
15 88 110
15 89 8
15 90 85
15 91 135
15 92 278
15 93 96
15 94 198
15 95 234
15 96 128
15 97 286
15 98 168
15 99 106
15 100 106
16 17 93
16 18 130
16 19 31
16 20 202
16 21 210
16 22 31
16 23 195
16 24 190
16 25 272
16 26 108
16 27 79
16 28 254
16 29 159
16 30 202
16 31 168
16 32 261
16 33 51
16 34 283
16 35 253
16 36 127
16 37 215
16 38 258
16 39 120
16 40 84
16 41 275
16 42 61
16 43 102
16 44 250
16 45 249
16 46 271
16 47 255
16 48 237
16 49 161
16 50 128
16 51 10
16 52 7
16 53 276
16 54 268
16 55 199
16 56 162
16 57 222
16 58 226
16 59 114
16 60 102
16 61 141
16 62 167
16 63 33
16 64 201
16 65 71
16 66 209
16 67 178
16 68 245
16 69 125
16 70 28
16 71 251
16 72 225
16 73 54
16 74 225
16 75 59
16 76 292
16 77 50
16 78 245
16 79 174
16 80 113
16 81 115
16 82 286
16 83 113
16 84 118
16 85 160
16 86 205
16 87 72
16 88 251
16 89 149
16 90 80
16 91 290
16 92 180
16 93 145
16 94 256
16 95 29
16 96 77
16 97 142
16 98 98
16 99 266
16 100 148
17 18 188
17 19 144
17 20 274
17 21 263
17 22 96
17 23 99
17 24 253
17 25 48
17 26 232
17 27 265
17 28 10
17 29 172
17 30 151
17 31 31
17 32 279
17 33 269
17 34 272
17 35 209
17 36 247
17 37 26
17 38 224
17 39 278
17 40 12
17 41 150
17 42 257
17 43 185
17 44 148
17 45 236
17 46 53
17 47 296
17 48 35
17 49 103
17 50 69
17 51 112
17 52 292
17 53 271
17 54 141
17 55 78
17 56 235
17 57 269
17 58 237
17 59 111
17 60 130
17 61 269
17 62 20
17 63 129
17 64 68
17 65 188
17 66 52
17 67 102
17 68 27
17 69 105
17 70 40
17 71 43
17 72 132
17 73 254
17 74 247
17 75 129
17 76 254
17 77 124
17 78 217
17 79 145
17 80 253
17 81 237
17 82 64
17 83 104
17 84 137
17 85 299
17 86 39
17 87 105
17 88 94
17 89 135
17 90 183
17 91 135
17 92 92
17 93 229
17 94 127
17 95 153
17 96 47
17 97 82
17 98 50
17 99 25
17 100 34
18 19 96
18 20 252
18 21 192
18 22 65
18 23 284
18 24 22
18 25 58
18 26 170
18 27 103
18 28 252
18 29 297
18 30 270
18 31 68
18 32 139
18 33 125
18 34 98
18 35 283
18 36 208
18 37 30
18 38 286
18 39 121
18 40 275
18 41 146
18 42 53
18 43 132
18 44 287
18 45 158
18 46 206
18 47 292
18 48 25
18 49 49
18 50 223
18 51 288
18 52 47
18 53 281
18 54 61
18 55 237
18 56 80
18 57 299
18 58 130
18 59 252
18 60 139
18 61 136
18 62 260
18 63 76
18 64 187
18 65 106
18 66 126
18 67 4
18 68 256
18 69 253
18 70 298
18 71 213
18 72 264
18 73 29
18 74 229
18 75 15
18 76 73
18 77 232
18 78 100
18 79 252
18 80 112
18 81 47
18 82 31
18 83 298
18 84 253
18 85 256
18 86 106
18 87 244
18 88 295
18 89 36
18 90 111
18 91 62
18 92 226
18 93 57
18 94 36
18 95 224
18 96 66
18 97 78
18 98 201
18 99 159
18 100 137
19 20 199
19 21 161
19 22 31
19 23 126
19 24 230
19 25 116
19 26 47
19 27 2
19 28 198
19 29 209
19 30 289
19 31 46
19 32 90
19 33 237
19 34 149
19 35 264
19 36 113
19 37 148
19 38 78
19 39 152
19 40 120
19 41 193
19 42 298
19 43 96
19 44 80
19 45 171
19 46 208
19 47 128
19 48 2
19 49 289
19 50 205
19 51 292
19 52 248
19 53 209
19 54 275
19 55 272
19 56 296
19 57 298
19 58 47
19 59 218
19 60 220
19 61 130
19 62 189
19 63 119
19 64 223
19 65 13
19 66 280
19 67 103
19 68 7
19 69 39
19 70 33
19 71 119
19 72 203
19 73 171
19 74 279
19 75 130
19 76 90
19 77 35
19 78 295
19 79 246
19 80 180
19 81 263
19 82 25
19 83 194
19 84 49
19 85 120
19 86 210
19 87 249
19 88 87
19 89 232
19 90 12
19 91 290
19 92 154
19 93 117
19 94 17
19 95 178
19 96 72
19 97 112
19 98 133
19 99 274
19 100 242
20 21 117
20 22 243
20 23 266
20 24 262
20 25 258
20 26 50
20 27 204
20 28 88
20 29 94
20 30 271
20 31 109
20 32 142
20 33 50
20 34 57
20 35 95
20 36 178
20 37 208
20 38 253
20 39 45
20 40 42
20 41 44
20 42 98
20 43 251
20 44 289
20 45 196
20 46 194
20 47 167
20 48 142
20 49 195
20 50 168
20 51 226
20 52 86
20 53 274
20 54 152
20 55 63
20 56 281
20 57 7
20 58 53
20 59 203
20 60 116
20 61 10
20 62 101
20 63 96
20 64 285
20 65 20
20 66 105
20 67 30
20 68 110
20 69 14
20 70 133
20 71 57
20 72 190
20 73 68
20 74 55
20 75 62
20 76 199
20 77 190
20 78 27
20 79 15
20 80 128
20 81 62
20 82 113
20 83 76
20 84 64
20 85 228
20 86 242
20 87 142
20 88 172
20 89 170
20 90 277
20 91 222
20 92 60
20 93 230
20 94 40
20 95 152
20 96 205
20 97 231
20 98 7
20 99 202
20 100 224
21 22 235
21 23 175
21 24 283
21 25 289
21 26 61
21 27 20
21 28 229
21 29 114
21 30 211
21 31 36
21 32 186
21 33 94
21 34 65
21 35 154
21 36 237
21 37 289
21 38 62
21 39 47
21 40 43
21 41 15
21 42 99
21 43 13
21 44 36
21 45 88
21 46 289
21 47 239
21 48 170
21 49 34
21 50 32
21 51 282
21 52 255
21 53 72
21 54 94
21 55 185
21 56 54
21 57 167
21 58 142
21 59 279
21 60 283
21 61 299
21 62 122
21 63 143
21 64 126
21 65 1
21 66 14
21 67 299
21 68 17
21 69 281
21 70 166
21 71 45
21 72 264
21 73 104
21 74 53
21 75 25
21 76 46
21 77 100
21 78 23
21 79 288
21 80 142
21 81 77
21 82 117
21 83 210
21 84 55
21 85 211
21 86 276
21 87 226
21 88 17
21 89 211
21 90 20
21 91 188
21 92 216
21 93 76
21 94 202
21 95 179
21 96 92
21 97 135
21 98 163
21 99 207
21 100 265
22 23 207
22 24 16
22 25 91
22 26 241
22 27 77
22 28 253
22 29 212
22 30 5
22 31 12
22 32 81
22 33 298
22 34 262
22 35 126
22 36 255
22 37 84
22 38 137
22 39 125
22 40 217
22 41 64
22 42 212
22 43 274
22 44 164
22 45 165
22 46 90
22 47 256
22 48 216
22 49 66
22 50 174
22 51 72
22 52 10
22 53 279
22 54 299
22 55 121
22 56 25
22 57 184
22 58 196
22 59 86
22 60 75
22 61 278
22 62 207
22 63 227
22 64 226
22 65 260
22 66 204
22 67 178
22 68 30
22 69 236
22 70 27
22 71 103
22 72 205
22 73 157
22 74 37
22 75 128
22 76 33
22 77 206
22 78 282
22 79 16
22 80 165
22 81 275
22 82 264
22 83 265
22 84 178
22 85 54
22 86 142
22 87 36
22 88 72
22 89 84
22 90 298
22 91 77
22 92 24
22 93 151
22 94 233
22 95 87
22 96 262
22 97 229
22 98 79
22 99 71
22 100 89
23 24 46
23 25 204
23 26 158
23 27 298
23 28 40
23 29 23
23 30 43
23 31 254
23 32 135
23 33 72
23 34 28
23 35 115
23 36 290
23 37 163
23 38 4
23 39 63
23 40 105
23 41 57
23 42 90
23 43 74
23 44 102
23 45 84
23 46 29
23 47 273
23 48 154
23 49 58
23 50 28
23 51 163
23 52 189
23 53 46
23 54 288
23 55 61
23 56 285
23 57 97
23 58 145
23 59 121
23 60 68
23 61 37
23 62 91
23 63 285
23 64 158
23 65 284
23 66 3
23 67 292
23 68 259
23 69 278
23 70 123
23 71 69
23 72 130
23 73 227
23 74 125
23 75 188
23 76 117
23 77 284
23 78 161
23 79 246
23 80 185
23 81 8
23 82 112
23 83 238
23 84 100
23 85 210
23 86 249
23 87 280
23 88 5
23 89 131
23 90 226
23 91 63
23 92 122
23 93 43
23 94 53
23 95 122
23 96 247
23 97 140
23 98 229
23 99 202
23 100 220
24 25 1
24 26 141
24 27 87
24 28 101
24 29 273
24 30 262
24 31 119
24 32 280
24 33 135
24 34 290
24 35 146
24 36 155
24 37 200
24 38 49
24 39 171
24 40 79
24 41 236
24 42 4
24 43 283
24 44 212
24 45 280
24 46 206
24 47 269
24 48 152
24 49 25
24 50 64
24 51 32
24 52 237
24 53 297
24 54 183
24 55 79
24 56 25
24 57 230
24 58 196
24 59 233
24 60 266
24 61 216
24 62 154
24 63 192
24 64 148
24 65 131
24 66 208
24 67 238
24 68 113
24 69 256
24 70 147
24 71 291
24 72 279
24 73 13
24 74 242
24 75 216
24 76 215
24 77 127
24 78 254
24 79 270
24 80 114
24 81 14
24 82 112
24 83 244
24 84 114
24 85 228
24 86 192
24 87 83
24 88 180
24 89 111
24 90 170
24 91 184
24 92 62
24 93 59
24 94 260
24 95 49
24 96 251
24 97 203
24 98 52
24 99 264
24 100 98
25 26 238
25 27 45
25 28 263
25 29 231
25 30 214
25 31 51
25 32 177
25 33 130
25 34 186
25 35 244
25 36 195
25 37 124
25 38 221
25 39 137
25 40 58
25 41 139
25 42 164
25 43 74
25 44 166
25 45 25
25 46 41
25 47 134
25 48 293
25 49 114
25 50 61
25 51 63
25 52 209
25 53 172
25 54 174
25 55 4
25 56 42
25 57 244
25 58 296
25 59 174
25 60 71
25 61 262
25 62 273
25 63 208
25 64 13
25 65 164
25 66 196
25 67 232
25 68 0
25 69 276
25 70 85
25 71 7
25 72 16
25 73 94
25 74 292
25 75 19
25 76 222
25 77 299
25 78 143
25 79 205
25 80 167
25 81 184
25 82 119
25 83 241
25 84 26
25 85 275
25 86 227
25 87 192
25 88 261
25 89 84
25 90 114
25 91 217
25 92 275
25 93 177
25 94 148
25 95 286
25 96 268
25 97 209
25 98 170
25 99 164
25 100 236
26 27 25
26 28 97
26 29 54
26 30 262
26 31 94
26 32 216
26 33 104
26 34 124
26 35 268
26 36 182
26 37 209
26 38 287
26 39 83
26 40 129
26 41 134
26 42 60
26 43 263
26 44 152
26 45 107
26 46 170
26 47 2
26 48 128
26 49 97
26 50 50
26 51 70
26 52 287
26 53 226
26 54 20
26 55 208
26 56 263
26 57 75
26 58 252
26 59 268
26 60 252
26 61 88
26 62 246
26 63 126
26 64 11
26 65 87
26 66 31
26 67 283
26 68 154
26 69 266
26 70 99
26 71 78
26 72 52
26 73 275
26 74 47
26 75 78
26 76 172
26 77 86
26 78 210
26 79 292
26 80 121
26 81 11
26 82 172
26 83 299
26 84 189
26 85 80
26 86 122
26 87 80
26 88 127
26 89 261
26 90 165
26 91 287
26 92 192
26 93 114
26 94 68
26 95 100
26 96 148
26 97 87
26 98 30
26 99 67
26 100 244
27 28 270
27 29 176
27 30 123
27 31 79
27 32 136
27 33 9
27 34 81
27 35 102
27 36 71
27 37 285
27 38 38
27 39 294
27 40 116
27 41 8
27 42 67
27 43 162
27 44 246
27 45 277
27 46 16
27 47 0
27 48 53
27 49 87
27 50 119
27 51 269
27 52 94
27 53 181
27 54 134
27 55 156
27 56 129
27 57 126
27 58 292
27 59 239
27 60 191
27 61 168
27 62 264
27 63 148
27 64 191
27 65 29
27 66 84
27 67 257
27 68 274
27 69 81
27 70 240
27 71 263
27 72 34
27 73 60
27 74 220
27 75 108
27 76 172
27 77 85
27 78 28
27 79 125
27 80 41
27 81 280
27 82 269
27 83 242
27 84 146
27 85 71
27 86 221
27 87 146
27 88 164
27 89 160
27 90 8
27 91 25
27 92 73
27 93 138
27 94 229
27 95 251
27 96 239
27 97 124
27 98 257
27 99 4
27 100 173
28 29 123
28 30 290
28 31 39
28 32 183
28 33 29
28 34 36
28 35 112
28 36 285
28 37 265
28 38 83
28 39 24
28 40 292
28 41 285
28 42 58
28 43 180
28 44 229
28 45 6
28 46 238
28 47 160
28 48 47
28 49 72
28 50 22
28 51 131
28 52 106
28 53 93
28 54 36
28 55 47
28 56 18
28 57 19
28 58 281
28 59 289
28 60 224
28 61 222
28 62 75
28 63 88
28 64 193
28 65 268
28 66 189
28 67 99
28 68 55
28 69 121
28 70 252
28 71 6
28 72 177
28 73 14
28 74 103
28 75 49
28 76 128
28 77 80
28 78 276
28 79 203
28 80 123
28 81 209
28 82 163
28 83 232
28 84 3
28 85 36
28 86 197
28 87 191
28 88 80
28 89 281
28 90 285
28 91 292
28 92 254
28 93 12
28 94 219
28 95 220
28 96 88
28 97 66
28 98 14
28 99 50
28 100 85
29 30 231
29 31 16
29 32 109
29 33 66
29 34 41
29 35 231
29 36 114
29 37 49
29 38 152
29 39 181
29 40 204
29 41 87
29 42 192
29 43 232
29 44 209
29 45 216
29 46 153
29 47 149
29 48 241
29 49 6
29 50 272
29 51 160
29 52 73
29 53 14
29 54 12
29 55 86
29 56 131
29 57 28
29 58 150
29 59 91
29 60 189
29 61 126
29 62 114
29 63 139
29 64 69
29 65 62
29 66 117
29 67 116
29 68 55
29 69 210
29 70 97
29 71 55
29 72 260
29 73 34
29 74 263
29 75 76
29 76 287
29 77 227
29 78 103
29 79 113
29 80 140
29 81 216
29 82 275
29 83 190
29 84 29
29 85 67
29 86 170
29 87 121
29 88 4
29 89 217
29 90 196
29 91 126
29 92 65
29 93 95
29 94 113
29 95 55
29 96 105
29 97 72
29 98 288
29 99 177
29 100 281
30 31 232
30 32 31
30 33 148
30 34 235
30 35 295
30 36 226
30 37 176
30 38 143
30 39 275
30 40 104
30 41 229
30 42 24
30 43 137
30 44 151
30 45 4
30 46 52
30 47 121
30 48 11
30 49 247
30 50 296
30 51 250
30 52 153
30 53 296
30 54 41
30 55 72
30 56 213
30 57 285
30 58 174
30 59 296
30 60 283
30 61 120
30 62 17
30 63 178
30 64 14
30 65 243
30 66 123
30 67 294
30 68 35
30 69 140
30 70 74
30 71 34
30 72 27
30 73 79
30 74 116
30 75 167
30 76 122
30 77 150
30 78 62
30 79 122
30 80 234
30 81 110
30 82 60
30 83 91
30 84 233
30 85 129
30 86 261
30 87 161
30 88 254
30 89 37
30 90 209
30 91 66
30 92 221
30 93 121
30 94 23
30 95 167
30 96 266
30 97 222
30 98 191
30 99 2
30 100 164
31 32 67
31 33 126
31 34 215
31 35 223
31 36 80
31 37 5
31 38 277
31 39 200
31 40 215
31 41 263
31 42 3
31 43 150
31 44 171
31 45 64
31 46 151
31 47 288
31 48 299
31 49 12
31 50 234
31 51 11
31 52 181
31 53 103
31 54 96
31 55 92
31 56 292
31 57 133
31 58 142
31 59 264
31 60 225
31 61 104
31 62 202
31 63 136
31 64 293
31 65 183
31 66 204
31 67 280
31 68 60
31 69 2
31 70 234
31 71 164
31 72 203
31 73 31
31 74 268
31 75 44
31 76 113
31 77 226
31 78 16
31 79 271
31 80 74
31 81 76
31 82 87
31 83 30
31 84 223
31 85 18
31 86 140
31 87 271
31 88 141
31 89 279
31 90 248
31 91 247
31 92 108
31 93 172
31 94 242
31 95 251
31 96 24
31 97 42
31 98 57
31 99 57
31 100 137
32 33 208
32 34 116
32 35 167
32 36 86
32 37 284
32 38 56
32 39 211
32 40 211
32 41 192
32 42 82
32 43 172
32 44 7
32 45 57
32 46 110
32 47 243
32 48 110
32 49 15
32 50 25
32 51 141
32 52 70
32 53 42
32 54 111
32 55 190
32 56 134
32 57 184
32 58 213
32 59 223
32 60 185
32 61 73
32 62 88
32 63 258
32 64 14
32 65 286
32 66 200
32 67 93
32 68 207
32 69 60
32 70 239
32 71 227
32 72 58
32 73 273
32 74 105
32 75 40
32 76 52
32 77 40
32 78 20
32 79 136
32 80 146
32 81 91
32 82 200
32 83 123
32 84 129
32 85 256
32 86 122
32 87 122
32 88 113
32 89 126
32 90 250
32 91 164
32 92 186
32 93 160
32 94 141
32 95 279
32 96 42
32 97 191
32 98 91
32 99 237
32 100 148
33 34 158
33 35 13
33 36 17
33 37 289
33 38 295
33 39 51
33 40 130
33 41 58
33 42 55
33 43 119
33 44 61
33 45 289
33 46 206
33 47 126
33 48 298
33 49 259
33 50 71
33 51 221
33 52 80
33 53 166
33 54 133
33 55 268
33 56 225
33 57 179
33 58 109
33 59 92
33 60 117
33 61 264
33 62 158
33 63 72
33 64 239
33 65 58
33 66 164
33 67 105
33 68 287
33 69 102
33 70 109
33 71 5
33 72 116
33 73 28
33 74 30
33 75 33
33 76 122
33 77 33
33 78 239
33 79 203
33 80 178
33 81 280
33 82 221
33 83 27
33 84 222
33 85 299
33 86 297
33 87 77
33 88 37
33 89 69
33 90 114
33 91 256
33 92 58
33 93 35
33 94 170
33 95 61
33 96 160
33 97 224
33 98 143
33 99 174
33 100 1
34 35 70
34 36 98
34 37 44
34 38 98
34 39 256
34 40 257
34 41 249
34 42 188
34 43 131
34 44 225
34 45 48
34 46 230
34 47 153
34 48 80
34 49 219
34 50 80
34 51 238
34 52 283
34 53 74
34 54 238
34 55 147
34 56 48
34 57 98
34 58 244
34 59 155
34 60 38
34 61 21
34 62 263
34 63 255
34 64 33
34 65 73
34 66 275
34 67 298
34 68 77
34 69 278
34 70 222
34 71 212
34 72 223
34 73 280
34 74 131
34 75 248
34 76 134
34 77 91
34 78 222
34 79 293
34 80 51
34 81 113
34 82 262
34 83 276
34 84 21
34 85 261
34 86 91
34 87 264
34 88 288
34 89 88
34 90 276
34 91 25
34 92 147
34 93 91
34 94 288
34 95 107
34 96 61
34 97 243
34 98 246
34 99 90
34 100 87
35 36 288
35 37 63
35 38 25
35 39 142
35 40 175
35 41 128
35 42 185
35 43 132
35 44 10
35 45 176
35 46 277
35 47 161
35 48 67
35 49 221
35 50 64
35 51 273
35 52 72
35 53 203
35 54 158
35 55 101
35 56 106
35 57 295
35 58 88
35 59 116
35 60 147
35 61 86
35 62 144
35 63 115
35 64 269
35 65 7
35 66 38
35 67 139
35 68 261
35 69 141
35 70 45
35 71 43
35 72 83
35 73 244
35 74 153
35 75 213
35 76 233
35 77 72
35 78 144
35 79 116
35 80 72
35 81 169
35 82 57
35 83 212
35 84 0
35 85 151
35 86 211
35 87 277
35 88 37
35 89 77
35 90 205
35 91 149
35 92 295
35 93 6
35 94 4
35 95 215
35 96 193
35 97 17
35 98 285
35 99 26
35 100 278
36 37 108
36 38 130
36 39 140
36 40 189
36 41 3
36 42 178
36 43 36
36 44 160
36 45 6
36 46 9
36 47 282
36 48 262
36 49 13
36 50 246
36 51 123
36 52 278
36 53 97
36 54 147
36 55 277
36 56 191
36 57 217
36 58 70
36 59 169
36 60 123
36 61 78
36 62 90
36 63 261
36 64 248
36 65 167
36 66 27
36 67 97
36 68 12
36 69 159
36 70 212
36 71 119
36 72 126
36 73 250
36 74 18
36 75 270
36 76 189
36 77 102
36 78 98
36 79 226
36 80 79
36 81 163
36 82 251
36 83 172
36 84 82
36 85 174
36 86 194
36 87 39
36 88 211
36 89 193
36 90 189
36 91 85
36 92 42
36 93 90
36 94 65
36 95 98
36 96 219
36 97 102
36 98 65
36 99 238
36 100 28
37 38 95
37 39 176
37 40 224
37 41 242
37 42 13
37 43 177
37 44 7
37 45 188
37 46 5
37 47 205
37 48 216
37 49 43
37 50 184
37 51 32
37 52 85
37 53 219
37 54 181
37 55 214
37 56 16
37 57 167
37 58 80
37 59 39
37 60 155
37 61 275
37 62 30
37 63 221
37 64 223
37 65 163
37 66 169
37 67 35
37 68 266
37 69 193
37 70 230
37 71 149
37 72 8
37 73 145
37 74 267
37 75 34
37 76 173
37 77 244
37 78 118
37 79 267
37 80 215
37 81 179
37 82 55
37 83 299
37 84 18
37 85 267
37 86 44
37 87 146
37 88 23
37 89 19
37 90 209
37 91 131
37 92 22
37 93 182
37 94 286
37 95 275
37 96 161
37 97 32
37 98 295
37 99 261
37 100 178
38 39 41
38 40 142
38 41 280
38 42 63
38 43 24
38 44 47
38 45 228
38 46 213
38 47 245
38 48 88
38 49 245
38 50 158
38 51 288
38 52 14
38 53 9
38 54 47
38 55 257
38 56 14
38 57 14
38 58 200
38 59 208
38 60 88
38 61 82
38 62 215
38 63 145
38 64 104
38 65 4
38 66 41
38 67 56
38 68 92
38 69 54
38 70 258
38 71 166
38 72 30
38 73 274
38 74 36
38 75 261
38 76 286
38 77 21
38 78 28
38 79 47
38 80 210
38 81 248
38 82 166
38 83 79
38 84 295
38 85 172
38 86 294
38 87 257
38 88 134
38 89 162
38 90 224
38 91 49
38 92 254
38 93 36
38 94 27
38 95 110
38 96 255
38 97 121
38 98 11
38 99 139
38 100 180
39 40 65
39 41 178
39 42 100
39 43 267
39 44 111
39 45 167
39 46 164
39 47 70
39 48 141
39 49 111
39 50 145
39 51 75
39 52 61
39 53 155
39 54 172
39 55 237
39 56 0
39 57 90
39 58 118
39 59 281
39 60 89
39 61 262
39 62 239
39 63 204
39 64 16
39 65 28
39 66 125
39 67 247
39 68 212
39 69 10
39 70 298
39 71 57
39 72 150
39 73 202
39 74 52
39 75 20
39 76 274
39 77 50
39 78 125
39 79 2
39 80 201
39 81 204
39 82 74
39 83 129
39 84 220
39 85 129
39 86 212
39 87 24
39 88 92
39 89 54
39 90 55
39 91 82
39 92 80
39 93 67
39 94 62
39 95 23
39 96 1
39 97 65
39 98 9
39 99 175
39 100 0
40 41 199
40 42 179
40 43 96
40 44 163
40 45 57
40 46 169
40 47 293
40 48 103
40 49 56
40 50 9
40 51 285
40 52 108
40 53 260
40 54 98
40 55 70
40 56 118
40 57 98
40 58 292
40 59 41
40 60 256
40 61 191
40 62 183
40 63 245
40 64 149
40 65 225
40 66 128
40 67 299
40 68 281
40 69 180
40 70 144
40 71 275
40 72 277
40 73 22
40 74 261
40 75 91
40 76 52
40 77 35
40 78 267
40 79 96
40 80 132
40 81 48
40 82 38
40 83 61
40 84 265
40 85 205
40 86 191
40 87 256
40 88 59
40 89 88
40 90 148
40 91 195
40 92 107
40 93 176
40 94 104
40 95 16
40 96 109
40 97 122
40 98 137
40 99 248
40 100 73
41 42 235
41 43 219
41 44 199
41 45 60
41 46 35
41 47 158
41 48 293
41 49 72
41 50 223
41 51 272
41 52 215
41 53 158
41 54 276
41 55 250
41 56 88
41 57 91
41 58 236
41 59 152
41 60 276
41 61 238
41 62 44
41 63 42
41 64 192
41 65 0
41 66 114
41 67 228
41 68 227
41 69 232
41 70 282
41 71 155
41 72 199
41 73 22
41 74 60
41 75 147
41 76 109
41 77 41
41 78 4
41 79 146
41 80 18
41 81 94
41 82 150
41 83 107
41 84 210
41 85 164
41 86 43
41 87 108
41 88 255
41 89 159
41 90 254
41 91 233
41 92 69
41 93 188
41 94 179
41 95 238
41 96 19
41 97 82
41 98 63
41 99 0
41 100 76
42 43 40
42 44 193
42 45 258
42 46 170
42 47 197
42 48 103
42 49 207
42 50 203
42 51 295
42 52 222
42 53 238
42 54 136
42 55 23
42 56 58
42 57 46
42 58 298
42 59 187
42 60 274
42 61 70
42 62 171
42 63 201
42 64 255
42 65 3
42 66 177
42 67 51
42 68 38
42 69 152
42 70 204
42 71 98
42 72 9
42 73 219
42 74 78
42 75 47
42 76 274
42 77 134
42 78 94
42 79 250
42 80 281
42 81 275
42 82 49
42 83 75
42 84 111
42 85 169
42 86 287
42 87 262
42 88 263
42 89 89
42 90 285
42 91 93
42 92 52
42 93 73
42 94 184
42 95 183
42 96 41
42 97 1
42 98 87
42 99 182
42 100 23
43 44 170
43 45 25
43 46 135
43 47 287
43 48 216
43 49 200
43 50 126
43 51 183
43 52 54
43 53 106
43 54 137
43 55 28
43 56 33
43 57 211
43 58 90
43 59 74
43 60 244
43 61 289
43 62 165
43 63 19
43 64 123
43 65 138
43 66 149
43 67 57
43 68 70
43 69 173
43 70 221
43 71 166
43 72 178
43 73 74
43 74 175
43 75 104
43 76 126
43 77 25
43 78 226
43 79 103
43 80 170
43 81 148
43 82 115
43 83 191
43 84 113
43 85 68
43 86 41
43 87 142
43 88 22
43 89 122
43 90 162
43 91 114
43 92 263
43 93 79
43 94 198
43 95 38
43 96 9
43 97 38
43 98 78
43 99 243
43 100 257
44 45 276
44 46 31
44 47 47
44 48 6
44 49 265
44 50 169
44 51 29
44 52 145
44 53 116
44 54 181
44 55 192
44 56 237
44 57 151
44 58 68
44 59 230
44 60 8
44 61 221
44 62 289
44 63 296
44 64 87
44 65 36
44 66 137
44 67 279
44 68 279
44 69 113
44 70 169
44 71 273
44 72 280
44 73 269
44 74 297
44 75 229
44 76 38
44 77 251
44 78 264
44 79 142
44 80 52
44 81 38
44 82 167
44 83 195
44 84 193
44 85 6
44 86 127
44 87 104
44 88 261
44 89 276
44 90 270
44 91 100
44 92 259
44 93 125
44 94 223
44 95 217
44 96 270
44 97 248
44 98 25
44 99 29
44 100 170
45 46 55
45 47 4
45 48 252
45 49 95
45 50 68
45 51 117
45 52 273
45 53 244
45 54 42
45 55 128
45 56 157
45 57 24
45 58 284
45 59 71
45 60 248
45 61 121
45 62 104
45 63 233
45 64 222
45 65 67
45 66 72
45 67 15
45 68 7
45 69 266
45 70 258
45 71 110
45 72 193
45 73 290
45 74 182
45 75 244
45 76 268
45 77 165
45 78 205
45 79 77
45 80 199
45 81 208
45 82 47
45 83 0
45 84 5
45 85 192
45 86 206
45 87 61
45 88 25
45 89 57
45 90 161
45 91 194
45 92 95
45 93 261
45 94 204
45 95 193
45 96 134
45 97 277
45 98 268
45 99 17
45 100 135
46 47 251
46 48 209
46 49 238
46 50 22
46 51 41
46 52 62
46 53 196
46 54 157
46 55 260
46 56 30
46 57 272
46 58 57
46 59 257
46 60 20
46 61 22
46 62 10
46 63 59
46 64 84
46 65 16
46 66 286
46 67 242
46 68 164
46 69 1
46 70 185
46 71 16
46 72 115
46 73 43
46 74 60
46 75 228
46 76 45
46 77 145
46 78 182
46 79 64
46 80 225
46 81 133
46 82 177
46 83 260
46 84 106
46 85 179
46 86 137
46 87 121
46 88 45
46 89 153
46 90 229
46 91 156
46 92 167
46 93 206
46 94 120
46 95 23
46 96 74
46 97 106
46 98 40
46 99 221
46 100 25
47 48 50
47 49 87
47 50 158
47 51 51
47 52 50
47 53 195
47 54 208
47 55 129
47 56 9
47 57 206
47 58 268
47 59 151
47 60 123
47 61 121
47 62 175
47 63 56
47 64 113
47 65 157
47 66 66
47 67 161
47 68 191
47 69 119
47 70 213
47 71 233
47 72 277
47 73 144
47 74 169
47 75 128
47 76 192
47 77 236
47 78 23
47 79 167
47 80 276
47 81 246
47 82 104
47 83 211
47 84 132
47 85 188
47 86 266
47 87 245
47 88 174
47 89 135
47 90 79
47 91 250
47 92 85
47 93 17
47 94 169
47 95 299
47 96 9
47 97 26
47 98 127
47 99 31
47 100 125
48 49 140
48 50 266
48 51 122
48 52 222
48 53 269
48 54 228
48 55 48
48 56 68
48 57 172
48 58 91
48 59 281
48 60 33
48 61 76
48 62 224
48 63 233
48 64 158
48 65 115
48 66 139
48 67 285
48 68 221
48 69 102
48 70 243
48 71 186
48 72 77
48 73 238
48 74 89
48 75 275
48 76 35
48 77 281
48 78 207
48 79 125
48 80 217
48 81 15
48 82 198
48 83 96
48 84 8
48 85 132
48 86 72
48 87 181
48 88 59
48 89 105
48 90 206
48 91 240
48 92 222
48 93 258
48 94 72
48 95 241
48 96 88
48 97 164
48 98 220
48 99 188
48 100 64
49 50 89
49 51 14
49 52 127
49 53 35
49 54 7
49 55 159
49 56 4
49 57 141
49 58 236
49 59 273
49 60 146
49 61 244
49 62 19
49 63 171
49 64 219
49 65 297
49 66 116
49 67 24
49 68 248
49 69 296
49 70 235
49 71 227
49 72 116
49 73 0
49 74 263
49 75 177
49 76 204
49 77 153
49 78 81
49 79 70
49 80 43
49 81 229
49 82 70
49 83 289
49 84 28
49 85 70
49 86 137
49 87 172
49 88 291
49 89 158
49 90 225
49 91 136
49 92 297
49 93 221
49 94 56
49 95 173
49 96 61
49 97 49
49 98 73
49 99 151
49 100 276
50 51 50
50 52 170
50 53 84
50 54 58
50 55 209
50 56 78
50 57 271
50 58 141
50 59 160
50 60 72
50 61 101
50 62 235
50 63 69
50 64 168
50 65 45
50 66 80
50 67 149
50 68 129
50 69 210
50 70 89
50 71 169
50 72 261
50 73 131
50 74 114
50 75 209
50 76 32
50 77 47
50 78 66
50 79 137
50 80 8
50 81 191
50 82 189
50 83 109
50 84 200
50 85 239
50 86 104
50 87 233
50 88 219
50 89 58
50 90 147
50 91 207
50 92 109
50 93 91
50 94 162
50 95 28
50 96 47
50 97 102
50 98 236
50 99 267
50 100 155
51 52 244
51 53 248
51 54 42
51 55 61
51 56 204
51 57 2
51 58 17
51 59 273
51 60 187
51 61 183
51 62 163
51 63 79
51 64 273
51 65 108
51 66 283
51 67 169
51 68 31
51 69 7
51 70 104
51 71 187
51 72 299
51 73 130
51 74 170
51 75 5
51 76 26
51 77 193
51 78 256
51 79 47
51 80 225
51 81 73
51 82 234
51 83 108
51 84 30
51 85 128
51 86 150
51 87 168
51 88 268
51 89 93
51 90 256
51 91 289
51 92 158
51 93 120
51 94 218
51 95 113
51 96 294
51 97 194
51 98 142
51 99 253
51 100 83
52 53 267
52 54 187
52 55 191
52 56 80
52 57 7
52 58 120
52 59 4
52 60 16
52 61 220
52 62 14
52 63 246
52 64 155
52 65 205
52 66 7
52 67 186
52 68 222
52 69 288
52 70 231
52 71 192
52 72 82
52 73 235
52 74 239
52 75 206
52 76 221
52 77 288
52 78 119
52 79 201
52 80 185
52 81 236
52 82 249
52 83 299
52 84 93
52 85 67
52 86 0
52 87 60
52 88 241
52 89 3
52 90 15
52 91 138
52 92 97
52 93 158
52 94 294
52 95 149
52 96 124
52 97 91
52 98 229
52 99 12
52 100 212
53 54 133
53 55 89
53 56 60
53 57 29
53 58 263
53 59 267
53 60 270
53 61 38
53 62 28
53 63 46
53 64 12
53 65 15
53 66 249
53 67 259
53 68 140
53 69 130
53 70 203
53 71 108
53 72 35
53 73 80
53 74 277
53 75 89
53 76 142
53 77 236
53 78 271
53 79 13
53 80 155
53 81 142
53 82 139
53 83 10
53 84 253
53 85 228
53 86 227
53 87 188
53 88 146
53 89 27
53 90 259
53 91 184
53 92 41
53 93 33
53 94 294
53 95 146
53 96 29
53 97 135
53 98 132
53 99 53
53 100 250
54 55 240
54 56 60
54 57 175
54 58 154
54 59 14
54 60 142
54 61 129
54 62 130
54 63 86
54 64 227
54 65 260
54 66 36
54 67 246
54 68 103
54 69 215
54 70 39
54 71 269
54 72 269
54 73 155
54 74 288
54 75 293
54 76 234
54 77 184
54 78 111
54 79 96
54 80 91
54 81 191
54 82 174
54 83 31
54 84 32
54 85 49
54 86 205
54 87 3
54 88 98
54 89 216
54 90 112
54 91 235
54 92 129
54 93 120
54 94 257
54 95 241
54 96 203
54 97 232
54 98 254
54 99 29
54 100 140
55 56 229
55 57 112
55 58 213
55 59 284
55 60 291
55 61 64
55 62 181
55 63 29
55 64 139
55 65 139
55 66 59
55 67 93
55 68 96
55 69 57
55 70 39
55 71 70
55 72 183
55 73 199
55 74 202
55 75 160
55 76 70
55 77 194
55 78 155
55 79 24
55 80 104
55 81 296
55 82 144
55 83 288
55 84 218
55 85 133
55 86 37
55 87 22
55 88 184
55 89 226
55 90 62
55 91 261
55 92 229
55 93 175
55 94 106
55 95 206
55 96 216
55 97 236
55 98 210
55 99 104
55 100 80
56 57 50
56 58 113
56 59 49
56 60 274
56 61 98
56 62 75
56 63 141
56 64 183
56 65 43
56 66 249
56 67 257
56 68 227
56 69 229
56 70 291
56 71 288
56 72 134
56 73 250
56 74 268
56 75 138
56 76 6
56 77 161
56 78 207
56 79 4
56 80 33
56 81 109
56 82 259
56 83 299
56 84 266
56 85 62
56 86 26
56 87 59
56 88 73
56 89 175
56 90 182
56 91 279
56 92 164
56 93 38
56 94 163
56 95 203
56 96 226
56 97 218
56 98 125
56 99 80
56 100 142
57 58 199
57 59 135
57 60 95
57 61 91
57 62 274
57 63 215
57 64 72
57 65 236
57 66 227
57 67 37
57 68 64
57 69 221
57 70 127
57 71 78
57 72 159
57 73 48
57 74 219
57 75 149
57 76 283
57 77 246
57 78 110
57 79 72
57 80 297
57 81 99
57 82 218
57 83 118
57 84 181
57 85 257
57 86 79
57 87 92
57 88 197
57 89 225
57 90 197
57 91 176
57 92 7
57 93 271
57 94 59
57 95 27
57 96 147
57 97 65
57 98 223
57 99 224
57 100 92
58 59 198
58 60 206
58 61 15
58 62 1
58 63 196
58 64 236
58 65 247
58 66 27
58 67 203
58 68 78
58 69 130
58 70 133
58 71 14
58 72 13
58 73 246
58 74 207
58 75 134
58 76 124
58 77 228
58 78 294
58 79 261
58 80 231
58 81 216
58 82 21
58 83 274
58 84 20
58 85 194
58 86 44
58 87 189
58 88 65
58 89 249
58 90 186
58 91 135
58 92 152
58 93 207
58 94 172
58 95 214
58 96 32
58 97 33
58 98 2
58 99 79
58 100 192
59 60 93
59 61 61
59 62 60
59 63 258
59 64 72
59 65 201
59 66 60
59 67 173
59 68 238
59 69 251
59 70 73
59 71 72
59 72 60
59 73 24
59 74 289
59 75 56
59 76 0
59 77 177
59 78 259
59 79 184
59 80 278
59 81 10
59 82 165
59 83 260
59 84 235
59 85 101
59 86 284
59 87 194
59 88 7
59 89 193
59 90 61
59 91 144
59 92 49
59 93 252
59 94 249
59 95 258
59 96 200
59 97 118
59 98 240
59 99 172
59 100 66
60 61 74
60 62 88
60 63 271
60 64 165
60 65 44
60 66 95
60 67 173
60 68 82
60 69 142
60 70 269
60 71 250
60 72 15
60 73 35
60 74 44
60 75 11
60 76 282
60 77 59
60 78 56
60 79 181
60 80 296
60 81 87
60 82 227
60 83 267
60 84 279
60 85 178
60 86 232
60 87 61
60 88 52
60 89 117
60 90 75
60 91 109
60 92 186
60 93 286
60 94 14
60 95 149
60 96 200
60 97 5
60 98 42
60 99 211
60 100 58
61 62 275
61 63 153
61 64 223
61 65 8
61 66 198
61 67 174
61 68 298
61 69 85
61 70 154
61 71 62
61 72 122
61 73 297
61 74 288
61 75 215
61 76 6
61 77 19
61 78 156
61 79 221
61 80 291
61 81 8
61 82 170
61 83 73
61 84 105
61 85 263
61 86 91
61 87 253
61 88 160
61 89 2
61 90 142
61 91 289
61 92 178
61 93 193
61 94 294
61 95 284
61 96 139
61 97 193
61 98 214
61 99 112
61 100 82
62 63 224
62 64 242
62 65 132
62 66 30
62 67 38
62 68 97
62 69 10
62 70 167
62 71 182
62 72 29
62 73 79
62 74 136
62 75 262
62 76 6
62 77 256
62 78 110
62 79 253
62 80 281
62 81 172
62 82 212
62 83 154
62 84 190
62 85 197
62 86 168
62 87 40
62 88 0
62 89 51
62 90 252
62 91 287
62 92 20
62 93 245
62 94 211
62 95 288
62 96 197
62 97 294
62 98 22
62 99 97
62 100 79
63 64 86
63 65 126
63 66 93
63 67 158
63 68 87
63 69 109
63 70 102
63 71 20
63 72 188
63 73 269
63 74 62
63 75 295
63 76 111
63 77 20
63 78 209
63 79 290
63 80 209
63 81 275
63 82 256
63 83 142
63 84 99
63 85 248
63 86 97
63 87 291
63 88 100
63 89 106
63 90 147
63 91 217
63 92 298
63 93 155
63 94 88
63 95 209
63 96 61
63 97 88
63 98 286
63 99 10
63 100 287
64 65 90
64 66 191
64 67 20
64 68 262
64 69 183
64 70 5
64 71 14
64 72 193
64 73 285
64 74 168
64 75 290
64 76 106
64 77 7
64 78 262
64 79 181
64 80 242
64 81 110
64 82 134
64 83 276
64 84 2
64 85 159
64 86 181
64 87 185
64 88 143
64 89 297
64 90 43
64 91 286
64 92 279
64 93 104
64 94 79
64 95 90
64 96 79
64 97 262
64 98 93
64 99 8
64 100 217
65 66 291
65 67 161
65 68 111
65 69 287
65 70 291
65 71 125
65 72 125
65 73 196
65 74 86
65 75 18
65 76 70
65 77 58
65 78 258
65 79 191
65 80 241
65 81 222
65 82 261
65 83 223
65 84 259
65 85 163
65 86 75
65 87 210
65 88 255
65 89 199
65 90 166
65 91 97
65 92 148
65 93 276
65 94 246
65 95 241
65 96 265
65 97 82
65 98 234
65 99 19
65 100 166
66 67 27
66 68 39
66 69 117
66 70 214
66 71 109
66 72 112
66 73 289
66 74 183
66 75 133
66 76 69
66 77 153
66 78 165
66 79 65
66 80 256
66 81 181
66 82 167
66 83 32
66 84 200
66 85 41
66 86 276
66 87 194
66 88 213
66 89 150
66 90 50
66 91 166
66 92 199
66 93 89
66 94 67
66 95 158
66 96 74
66 97 84
66 98 195
66 99 274
66 100 270
67 68 143
67 69 74
67 70 51
67 71 291
67 72 45
67 73 244
67 74 203
67 75 220
67 76 293
67 77 50
67 78 103
67 79 87
67 80 92
67 81 58
67 82 170
67 83 236
67 84 295
67 85 251
67 86 246
67 87 41
67 88 179
67 89 263
67 90 91
67 91 52
67 92 74
67 93 260
67 94 4
67 95 116
67 96 118
67 97 166
67 98 253
67 99 280
67 100 299
68 69 236
68 70 182
68 71 144
68 72 141
68 73 228
68 74 290
68 75 13
68 76 160
68 77 27
68 78 176
68 79 277
68 80 294
68 81 16
68 82 156
68 83 172
68 84 32
68 85 148
68 86 98
68 87 64
68 88 31
68 89 94
68 90 11
68 91 298
68 92 18
68 93 240
68 94 79
68 95 17
68 96 130
68 97 5
68 98 176
68 99 245
68 100 182
69 70 69
69 71 186
69 72 281
69 73 129
69 74 268
69 75 37
69 76 141
69 77 174
69 78 180
69 79 213
69 80 185
69 81 240
69 82 262
69 83 205
69 84 76
69 85 240
69 86 256
69 87 248
69 88 171
69 89 4
69 90 210
69 91 244
69 92 69
69 93 26
69 94 192
69 95 275
69 96 137
69 97 123
69 98 217
69 99 147
69 100 35
70 71 221
70 72 52
70 73 198
70 74 85
70 75 133
70 76 213
70 77 74
70 78 179
70 79 221
70 80 109
70 81 102
70 82 22
70 83 186
70 84 165
70 85 90
70 86 125
70 87 299
70 88 71
70 89 296
70 90 71
70 91 3
70 92 200
70 93 260
70 94 17
70 95 287
70 96 234
70 97 31
70 98 233
70 99 32
70 100 148
71 72 213
71 73 62
71 74 3
71 75 157
71 76 188
71 77 42
71 78 75
71 79 171
71 80 88
71 81 1
71 82 186
71 83 274
71 84 178
71 85 24
71 86 202
71 87 298
71 88 281
71 89 134
71 90 173
71 91 36
71 92 174
71 93 98
71 94 31
71 95 227
71 96 36
71 97 179
71 98 97
71 99 169
71 100 104
72 73 60
72 74 124
72 75 72
72 76 238
72 77 256
72 78 72
72 79 254
72 80 95
72 81 198
72 82 177
72 83 114
72 84 113
72 85 285
72 86 293
72 87 90
72 88 205
72 89 33
72 90 252
72 91 187
72 92 135
72 93 208
72 94 42
72 95 88
72 96 153
72 97 40
72 98 245
72 99 130
72 100 10
73 74 238
73 75 276
73 76 204
73 77 75
73 78 23
73 79 246
73 80 151
73 81 251
73 82 194
73 83 160
73 84 11
73 85 149
73 86 152
73 87 291
73 88 273
73 89 119
73 90 254
73 91 23
73 92 75
73 93 136
73 94 133
73 95 245
73 96 127
73 97 102
73 98 135
73 99 161
73 100 295
74 75 148
74 76 71
74 77 260
74 78 72
74 79 22
74 80 111
74 81 221
74 82 243
74 83 28
74 84 33
74 85 156
74 86 75
74 87 43
74 88 5
74 89 294
74 90 266
74 91 139
74 92 12
74 93 135
74 94 222
74 95 211
74 96 38
74 97 207
74 98 110
74 99 274
74 100 196
75 76 113
75 77 285
75 78 29
75 79 7
75 80 36
75 81 27
75 82 85
75 83 188
75 84 160
75 85 295
75 86 91
75 87 247
75 88 127
75 89 192
75 90 236
75 91 0
75 92 266
75 93 275
75 94 141
75 95 228
75 96 131
75 97 46
75 98 108
75 99 256
75 100 171
76 77 186
76 78 136
76 79 245
76 80 136
76 81 57
76 82 200
76 83 280
76 84 78
76 85 62
76 86 201
76 87 181
76 88 12
76 89 242
76 90 44
76 91 131
76 92 68
76 93 19
76 94 167
76 95 280
76 96 225
76 97 141
76 98 45
76 99 139
76 100 278
77 78 248
77 79 247
77 80 121
77 81 106
77 82 154
77 83 103
77 84 153
77 85 102
77 86 92
77 87 242
77 88 183
77 89 287
77 90 98
77 91 277
77 92 174
77 93 165
77 94 5
77 95 199
77 96 142
77 97 142
77 98 240
77 99 150
77 100 157
78 79 110
78 80 230
78 81 112
78 82 186
78 83 107
78 84 9
78 85 169
78 86 51
78 87 0
78 88 201
78 89 165
78 90 30
78 91 176
78 92 164
78 93 1
78 94 104
78 95 231
78 96 215
78 97 164
78 98 121
78 99 188
78 100 112
79 80 75
79 81 276
79 82 281
79 83 231
79 84 277
79 85 158
79 86 258
79 87 158
79 88 230
79 89 208
79 90 71
79 91 260
79 92 174
79 93 207
79 94 149
79 95 296
79 96 71
79 97 18
79 98 111
79 99 83
79 100 77
80 81 71
80 82 37
80 83 145
80 84 245
80 85 170
80 86 157
80 87 169
80 88 268
80 89 236
80 90 83
80 91 173
80 92 256
80 93 52
80 94 25
80 95 155
80 96 65
80 97 10
80 98 255
80 99 268
80 100 246
81 82 191
81 83 223
81 84 251
81 85 125
81 86 46
81 87 49
81 88 279
81 89 224
81 90 177
81 91 187
81 92 135
81 93 231
81 94 161
81 95 3
81 96 124
81 97 154
81 98 110
81 99 279
81 100 61
82 83 98
82 84 198
82 85 47
82 86 170
82 87 79
82 88 135
82 89 24
82 90 109
82 91 222
82 92 189
82 93 36
82 94 248
82 95 286
82 96 194
82 97 219
82 98 57
82 99 193
82 100 98
83 84 233
83 85 83
83 86 35
83 87 282
83 88 125
83 89 269
83 90 44
83 91 38
83 92 115
83 93 123
83 94 46
83 95 296
83 96 84
83 97 151
83 98 297
83 99 130
83 100 19
84 85 110
84 86 288
84 87 15
84 88 121
84 89 264
84 90 3
84 91 155
84 92 159
84 93 24
84 94 137
84 95 44
84 96 220
84 97 119
84 98 260
84 99 165
84 100 154
85 86 91
85 87 244
85 88 10
85 89 108
85 90 276
85 91 290
85 92 126
85 93 137
85 94 147
85 95 287
85 96 102
85 97 281
85 98 201
85 99 30
85 100 250
86 87 140
86 88 179
86 89 94
86 90 276
86 91 225
86 92 277
86 93 91
86 94 33
86 95 227
86 96 261
86 97 107
86 98 232
86 99 278
86 100 134
87 88 71
87 89 238
87 90 152
87 91 171
87 92 197
87 93 28
87 94 69
87 95 257
87 96 263
87 97 29
87 98 275
87 99 229
87 100 88
88 89 246
88 90 73
88 91 68
88 92 153
88 93 59
88 94 1
88 95 131
88 96 133
88 97 49
88 98 158
88 99 79
88 100 143
89 90 37
89 91 7
89 92 238
89 93 6
89 94 154
89 95 226
89 96 14
89 97 12
89 98 297
89 99 44
89 100 162
90 91 39
90 92 188
90 93 88
90 94 251
90 95 21
90 96 61
90 97 41
90 98 66
90 99 287
90 100 230
91 92 270
91 93 188
91 94 167
91 95 140
91 96 93
91 97 184
91 98 122
91 99 69
91 100 224
92 93 69
92 94 185
92 95 211
92 96 39
92 97 189
92 98 208
92 99 193
92 100 142
93 94 230
93 95 268
93 96 5
93 97 285
93 98 276
93 99 77
93 100 41
94 95 73
94 96 58
94 97 135
94 98 106
94 99 39
94 100 40
95 96 49
95 97 39
95 98 101
95 99 220
95 100 129
96 97 191
96 98 153
96 99 13
96 100 37
97 98 49
97 99 120
97 100 114
98 99 79
98 100 229
99 100 274
