100 4950
1 2 168
1 3 15
1 4 72
1 5 22
1 6 299
1 7 75
1 8 263
1 9 162
1 10 95
1 11 75
1 12 213
1 13 47
1 14 287
1 15 218
1 16 124
1 17 116
1 18 293
1 19 167
1 20 195
1 21 102
1 22 260
1 23 51
1 24 38
1 25 33
1 26 58
1 27 255
1 28 88
1 29 196
1 30 211
1 31 121
1 32 31
1 33 80
1 34 52
1 35 238
1 36 50
1 37 132
1 38 218
1 39 207
1 40 49
1 41 295
1 42 136
1 43 271
1 44 233
1 45 247
1 46 248
1 47 73
1 48 185
1 49 252
1 50 83
1 51 96
1 52 43
1 53 288
1 54 26
1 55 76
1 56 254
1 57 138
1 58 296
1 59 34
1 60 137
1 61 246
1 62 86
1 63 19
1 64 56
1 65 168
1 66 81
1 67 61
1 68 125
1 69 97
1 70 299
1 71 229
1 72 218
1 73 224
1 74 16
1 75 123
1 76 149
1 77 43
1 78 208
1 79 202
1 80 59
1 81 273
1 82 143
1 83 158
1 84 26
1 85 295
1 86 239
1 87 148
1 88 187
1 89 177
1 90 250
1 91 255
1 92 27
1 93 0
1 94 62
1 95 245
1 96 92
1 97 292
1 98 63
1 99 75
1 100 110
2 3 50
2 4 201
2 5 135
2 6 249
2 7 207
2 8 219
2 9 238
2 10 224
2 11 49
2 12 296
2 13 46
2 14 78
2 15 110
2 16 95
2 17 288
2 18 272
2 19 58
2 20 21
2 21 234
2 22 191
2 23 211
2 24 51
2 25 97
2 26 8
2 27 107
2 28 86
2 29 88
2 30 139
2 31 257
2 32 197
2 33 63
2 34 135
2 35 207
2 36 122
2 37 145
2 38 290
2 39 298
2 40 48
2 41 36
2 42 22
2 43 19
2 44 95
2 45 45
2 46 293
2 47 9
2 48 149
2 49 242
2 50 36
2 51 296
2 52 19
2 53 184
2 54 206
2 55 49
2 56 51
2 57 115
2 58 195
2 59 79
2 60 278
2 61 261
2 62 133
2 63 210
2 64 140
2 65 220
2 66 113
2 67 44
2 68 5
2 69 197
2 70 101
2 71 153
2 72 125
2 73 36
2 74 143
2 75 213
2 76 274
2 77 278
2 78 93
2 79 270
2 80 64
2 81 87
2 82 289
2 83 71
2 84 96
2 85 82
2 86 79
2 87 208
2 88 262
2 89 253
2 90 185
2 91 241
2 92 105
2 93 164
2 94 233
2 95 63
2 96 104
2 97 211
2 98 4
2 99 252
2 100 122
3 4 255
3 5 111
3 6 39
3 7 190
3 8 85
3 9 257
3 10 156
3 11 279
3 12 164
3 13 210
3 14 92
3 15 91
3 16 243
3 17 74
3 18 282
3 19 237
3 20 33
3 21 57
3 22 224
3 23 127
3 24 19
3 25 181
3 26 82
3 27 8
3 28 11
3 29 283
3 30 186
3 31 115
3 32 144
3 33 260
3 34 189
3 35 98
3 36 279
3 37 105
3 38 287
3 39 81
3 40 217
3 41 201
3 42 187
3 43 8
3 44 264
3 45 229
3 46 99
3 47 245
3 48 174
3 49 291
3 50 207
3 51 6
3 52 98
3 53 95
3 54 49
3 55 162
3 56 118
3 57 187
3 58 269
3 59 186
3 60 252
3 61 35
3 62 252
3 63 90
3 64 219
3 65 254
3 66 170
3 67 299
3 68 163
3 69 42
3 70 259
3 71 93
3 72 138
3 73 11
3 74 106
3 75 210
3 76 86
3 77 238
3 78 111
3 79 214
3 80 285
3 81 147
3 82 169
3 83 228
3 84 119
3 85 277
3 86 277
3 87 27
3 88 201
3 89 17
3 90 79
3 91 266
3 92 196
3 93 230
3 94 269
3 95 286
3 96 215
3 97 21
3 98 218
3 99 145
3 100 70
4 5 57
4 6 126
4 7 29
4 8 175
4 9 184
4 10 162
4 11 278
4 12 256
4 13 154
4 14 179
4 15 151
4 16 175
4 17 191
4 18 190
4 19 114
4 20 234
4 21 115
4 22 54
4 23 208
4 24 54
4 25 48
4 26 135
4 27 51
4 28 104
4 29 124
4 30 191
4 31 247
4 32 177
4 33 144
4 34 166
4 35 59
4 36 216
4 37 25
4 38 2
4 39 254
4 40 71
4 41 293
4 42 9
4 43 266
4 44 54
4 45 140
4 46 95
4 47 4
4 48 154
4 49 202
4 50 78
4 51 14
4 52 69
4 53 144
4 54 254
4 55 5
4 56 201
4 57 8
4 58 114
4 59 270
4 60 118
4 61 255
4 62 93
4 63 47
4 64 73
4 65 168
4 66 242
4 67 76
4 68 238
4 69 254
4 70 188
4 71 214
4 72 222
4 73 247
4 74 216
4 75 271
4 76 91
4 77 25
4 78 100
4 79 173
4 80 200
4 81 292
4 82 268
4 83 23
4 84 133
4 85 217
4 86 242
4 87 94
4 88 41
4 89 150
4 90 224
4 91 243
4 92 27
4 93 294
4 94 24
4 95 50
4 96 154
4 97 241
4 98 224
4 99 167
4 100 299
5 6 173
5 7 125
5 8 133
5 9 263
5 10 223
5 11 262
5 12 144
5 13 148
5 14 201
5 15 112
5 16 242
5 17 235
5 18 159
5 19 76
5 20 110
5 21 276
5 22 103
5 23 244
5 24 265
5 25 21
5 26 28
5 27 246
5 28 239
5 29 234
5 30 210
5 31 52
5 32 224
5 33 201
5 34 66
5 35 145
5 36 25
5 37 35
5 38 281
5 39 98
5 40 234
5 41 136
5 42 194
5 43 53
5 44 249
5 45 38
5 46 5
5 47 79
5 48 138
5 49 131
5 50 297
5 51 112
5 52 214
5 53 165
5 54 135
5 55 60
5 56 79
5 57 139
5 58 155
5 59 134
5 60 240
5 61 114
5 62 159
5 63 6
5 64 140
5 65 117
5 66 265
5 67 237
5 68 161
5 69 180
5 70 161
5 71 123
5 72 173
5 73 217
5 74 105
5 75 261
5 76 51
5 77 171
5 78 268
5 79 221
5 80 263
5 81 120
5 82 166
5 83 225
5 84 64
5 85 285
5 86 123
5 87 206
5 88 76
5 89 289
5 90 48
5 91 113
5 92 52
5 93 50
5 94 222
5 95 41
5 96 296
5 97 269
5 98 130
5 99 190
5 100 3
6 7 222
6 8 266
6 9 151
6 10 144
6 11 162
6 12 156
6 13 145
6 14 210
6 15 32
6 16 203
6 17 5
6 18 225
6 19 49
6 20 144
6 21 121
6 22 29
6 23 50
6 24 228
6 25 214
6 26 21
6 27 6
6 28 78
6 29 189
6 30 51
6 31 127
6 32 203
6 33 16
6 34 140
6 35 58
6 36 228
6 37 176
6 38 178
6 39 92
6 40 49
6 41 245
6 42 53
6 43 40
6 44 159
6 45 216
6 46 149
6 47 55
6 48 268
6 49 210
6 50 135
6 51 214
6 52 168
6 53 26
6 54 73
6 55 294
6 56 55
6 57 195
6 58 221
6 59 299
6 60 27
6 61 216
6 62 42
6 63 299
6 64 36
6 65 153
6 66 299
6 67 132
6 68 210
6 69 181
6 70 53
6 71 234
6 72 108
6 73 64
6 74 208
6 75 49
6 76 12
6 77 42
6 78 3
6 79 16
6 80 2
6 81 72
6 82 25
6 83 181
6 84 233
6 85 39
6 86 130
6 87 51
6 88 220
6 89 57
6 90 111
6 91 163
6 92 64
6 93 126
6 94 111
6 95 90
6 96 129
6 97 238
6 98 254
6 99 24
6 100 117
7 8 144
7 9 103
7 10 26
7 11 34
7 12 248
7 13 13
7 14 210
7 15 275
7 16 177
7 17 119
7 18 83
7 19 127
7 20 202
7 21 76
7 22 282
7 23 174
7 24 127
7 25 204
7 26 279
7 27 116
7 28 198
7 29 35
7 30 4
7 31 136
7 32 3
7 33 257
7 34 125
7 35 168
7 36 157
7 37 248
7 38 198
7 39 92
7 40 10
7 41 30
7 42 12
7 43 124
7 44 98
7 45 80
7 46 165
7 47 144
7 48 49
7 49 85
7 50 107
7 51 227
7 52 258
7 53 85
7 54 79
7 55 188
7 56 202
7 57 26
7 58 22
7 59 49
7 60 154
7 61 214
7 62 87
7 63 253
7 64 291
7 65 264
7 66 274
7 67 62
7 68 298
7 69 264
7 70 240
7 71 92
7 72 78
7 73 299
7 74 211
7 75 46
7 76 152
7 77 159
7 78 29
7 79 12
7 80 247
7 81 189
7 82 10
7 83 201
7 84 175
7 85 249
7 86 93
7 87 69
7 88 149
7 89 140
7 90 236
7 91 237
7 92 77
7 93 266
7 94 229
7 95 138
7 96 19
7 97 231
7 98 13
7 99 135
7 100 172
8 9 56
8 10 288
8 11 234
8 12 205
8 13 144
8 14 160
8 15 109
8 16 1
8 17 134
8 18 179
8 19 261
8 20 258
8 21 291
8 22 209
8 23 156
8 24 222
8 25 225
8 26 142
8 27 253
8 28 11
8 29 261
8 30 84
8 31 267
8 32 2
8 33 252
8 34 62
8 35 186
8 36 74
8 37 34
8 38 57
8 39 204
8 40 261
8 41 185
8 42 180
8 43 290
8 44 192
8 45 267
8 46 219
8 47 74
8 48 292
8 49 120
8 50 262
8 51 180
8 52 275
8 53 50
8 54 124
8 55 295
8 56 250
8 57 275
8 58 80
8 59 162
8 60 192
8 61 257
8 62 242
8 63 97
8 64 149
8 65 179
8 66 180
8 67 122
8 68 189
8 69 255
8 70 113
8 71 57
8 72 219
8 73 130
8 74 178
8 75 205
8 76 9
8 77 251
8 78 194
8 79 135
8 80 233
8 81 40
8 82 162
8 83 82
8 84 156
8 85 274
8 86 89
8 87 62
8 88 22
8 89 167
8 90 251
8 91 208
8 92 55
8 93 187
8 94 167
8 95 177
8 96 6
8 97 153
8 98 174
8 99 241
8 100 206
9 10 50
9 11 250
9 12 1
9 13 134
9 14 75
9 15 120
9 16 16
9 17 208
9 18 191
9 19 84
9 20 29
9 21 110
9 22 56
9 23 192
9 24 155
9 25 106
9 26 18
9 27 171
9 28 155
9 29 108
9 30 243
9 31 193
9 32 185
9 33 43
9 34 125
9 35 120
9 36 96
9 37 135
9 38 164
9 39 86
9 40 156
9 41 43
9 42 114
9 43 143
9 44 271
9 45 10
9 46 144
9 47 189
9 48 65
9 49 207
9 50 191
9 51 148
9 52 106
9 53 4
9 54 12
9 55 200
9 56 281
9 57 6
9 58 128
9 59 11
9 60 210
9 61 197
9 62 295
9 63 147
9 64 189
9 65 117
9 66 198
9 67 93
9 68 221
9 69 245
9 70 1
9 71 254
9 72 276
9 73 296
9 74 173
9 75 227
9 76 96
9 77 298
9 78 222
9 79 82
9 80 224
9 81 277
9 82 31
9 83 33
9 84 297
9 85 252
9 86 39
9 87 8
9 88 124
9 89 174
9 90 62
9 91 281
9 92 0
9 93 274
9 94 77
9 95 202
9 96 8
9 97 86
9 98 60
9 99 10
9 100 213
10 11 133
10 12 223
10 13 85
10 14 108
10 15 208
10 16 106
10 17 92
10 18 192
10 19 114
10 20 227
10 21 53
10 22 233
10 23 170
10 24 109
10 25 284
10 26 0
10 27 11
10 28 134
10 29 90
10 30 243
10 31 203
10 32 78
10 33 23
10 34 91
10 35 144
10 36 25
10 37 293
10 38 38
10 39 225
10 40 23
10 41 257
10 42 104
10 43 116
10 44 79
10 45 193
10 46 288
10 47 178
10 48 126
10 49 202
10 50 144
10 51 36
10 52 72
10 53 221
10 54 240
10 55 129
10 56 28
10 57 242
10 58 279
10 59 289
10 60 267
10 61 126
10 62 265
10 63 201
10 64 60
10 65 250
10 66 277
10 67 164
10 68 270
10 69 111
10 70 225
10 71 155
10 72 22
10 73 279
10 74 213
10 75 232
10 76 81
10 77 196
10 78 228
10 79 284
10 80 57
10 81 172
10 82 277
10 83 27
10 84 172
10 85 10
10 86 66
10 87 162
10 88 182
10 89 53
10 90 28
10 91 43
10 92 37
10 93 80
10 94 260
10 95 215
10 96 296
10 97 139
10 98 78
10 99 2
10 100 83
11 12 178
11 13 99
11 14 126
11 15 195
11 16 252
11 17 135
11 18 59
11 19 254
11 20 281
11 21 193
11 22 237
11 23 96
11 24 53
11 25 158
11 26 15
11 27 41
11 28 82
11 29 138
11 30 132
11 31 88
11 32 67
11 33 144
11 34 289
11 35 186
11 36 141
11 37 43
11 38 231
11 39 146
11 40 249
11 41 160
11 42 200
11 43 193
11 44 57
11 45 116
11 46 191
11 47 209
11 48 297
11 49 32
11 50 119
11 51 169
11 52 13
11 53 132
11 54 127
11 55 91
11 56 156
11 57 260
11 58 187
11 59 135
11 60 9
11 61 251
11 62 154
11 63 129
11 64 92
11 65 62
11 66 159
11 67 15
11 68 160
11 69 194
11 70 285
11 71 279
11 72 156
11 73 288
11 74 116
11 75 61
11 76 277
11 77 34
11 78 108
11 79 67
11 80 171
11 81 185
11 82 159
11 83 47
11 84 289
11 85 176
11 86 105
11 87 102
11 88 119
11 89 203
11 90 225
11 91 177
11 92 225
11 93 7
11 94 174
11 95 116
11 96 152
11 97 72
11 98 206
11 99 116
11 100 67
12 13 202
12 14 288
12 15 238
12 16 84
12 17 25
12 18 128
12 19 293
12 20 187
12 21 44
12 22 285
12 23 100
12 24 13
12 25 148
12 26 20
12 27 105
12 28 97
12 29 253
12 30 122
12 31 70
12 32 207
12 33 262
12 34 174
12 35 227
12 36 81
12 37 21
12 38 85
12 39 182
12 40 19
12 41 91
12 42 235
12 43 72
12 44 254
12 45 1
12 46 259
12 47 212
12 48 256
12 49 41
12 50 212
12 51 21
12 52 202
12 53 166
12 54 177
12 55 245
12 56 9
12 57 74
12 58 225
12 59 158
12 60 238
12 61 284
12 62 18
12 63 160
12 64 149
12 65 100
12 66 31
12 67 249
12 68 290
12 69 13
12 70 64
12 71 188
12 72 64
12 73 167
12 74 109
12 75 0
12 76 112
12 77 87
12 78 282
12 79 203
12 80 283
12 81 19
12 82 125
12 83 19
12 84 216
12 85 195
12 86 30
12 87 52
12 88 175
12 89 151
12 90 12
12 91 33
12 92 6
12 93 70
12 94 167
12 95 75
12 96 59
12 97 144
12 98 238
12 99 257
12 100 17
13 14 127
13 15 185
13 16 259
13 17 226
13 18 228
13 19 18
13 20 148
13 21 57
13 22 121
13 23 192
13 24 8
13 25 174
13 26 95
13 27 112
13 28 293
13 29 214
13 30 211
13 31 226
13 32 188
13 33 149
13 34 100
13 35 191
13 36 258
13 37 208
13 38 46
13 39 121
13 40 34
13 41 273
13 42 74
13 43 190
13 44 79
13 45 115
13 46 212
13 47 258
13 48 290
13 49 56
13 50 265
13 51 158
13 52 67
13 53 19
13 54 53
13 55 12
13 56 134
13 57 166
13 58 235
13 59 213
13 60 65
13 61 70
13 62 284
13 63 280
13 64 252
13 65 263
13 66 2
13 67 10
13 68 175
13 69 271
13 70 194
13 71 70
13 72 163
13 73 101
13 74 81
13 75 188
13 76 66
13 77 233
13 78 128
13 79 221
13 80 33
13 81 86
13 82 214
13 83 67
13 84 217
13 85 109
13 86 46
13 87 105
13 88 155
13 89 29
13 90 58
13 91 196
13 92 203
13 93 183
13 94 167
13 95 31
13 96 199
13 97 289
13 98 33
13 99 234
13 100 189
14 15 181
14 16 298
14 17 196
14 18 178
14 19 190
14 20 210
14 21 53
14 22 230
14 23 146
14 24 290
14 25 286
14 26 284
14 27 158
14 28 108
14 29 89
14 30 46
14 31 5
14 32 201
14 33 77
14 34 189
14 35 6
14 36 292
14 37 121
14 38 58
14 39 1
14 40 132
14 41 31
14 42 24
14 43 104
14 44 24
14 45 193
14 46 182
14 47 234
14 48 104
14 49 182
14 50 192
14 51 29
14 52 97
14 53 285
14 54 118
14 55 71
14 56 289
14 57 279
14 58 48
14 59 150
14 60 11
14 61 295
14 62 224
14 63 40
14 64 121
14 65 205
14 66 299
14 67 245
14 68 186
14 69 185
14 70 272
14 71 194
14 72 111
14 73 33
14 74 182
14 75 144
14 76 81
14 77 188
14 78 260
14 79 62
14 80 18
14 81 48
14 82 1
14 83 30
14 84 146
14 85 126
14 86 134
14 87 166
14 88 77
14 89 163
14 90 259
14 91 287
14 92 56
14 93 55
14 94 220
14 95 238
14 96 6
14 97 262
14 98 87
14 99 204
14 100 100
15 16 27
15 17 38
15 18 219
15 19 14
15 20 189
15 21 264
15 22 64
15 23 188
15 24 126
15 25 141
15 26 92
15 27 244
15 28 20
15 29 29
15 30 266
15 31 296
15 32 156
15 33 128
15 34 25
15 35 255
15 36 97
15 37 285
15 38 94
15 39 97
15 40 51
15 41 190
15 42 160
15 43 250
15 44 163
15 45 44
15 46 204
15 47 89
15 48 105
15 49 98
15 50 183
15 51 212
15 52 160
15 53 135
15 54 16
15 55 155
15 56 158
15 57 81
15 58 66
15 59 220
15 60 258
15 61 141
15 62 221
15 63 74
15 64 19
15 65 255
15 66 80
15 67 151
15 68 120
15 69 108
15 70 128
15 71 173
15 72 165
15 73 248
15 74 197
15 75 6
15 76 22
15 77 201
15 78 222
15 79 84
15 80 181
15 81 61
15 82 251
15 83 234
15 84 170
15 85 196
15 86 9
15 87 217
15 88 194
15 89 105
15 90 44
15 91 26
15 92 215
15 93 141
15 94 120
15 95 235
15 96 118
15 97 247
15 98 113
15 99 171
15 100 1
16 17 172
16 18 262
16 19 7
16 20 168
16 21 106
16 22 163
16 23 160
16 24 288
16 25 181
16 26 34
16 27 57
16 28 116
16 29 162
16 30 85
16 31 274
16 32 51
16 33 245
16 34 252
16 35 247
16 36 22
16 37 222
16 38 279
16 39 61
16 40 277
16 41 271
16 42 259
16 43 20
16 44 125
16 45 249
16 46 50
16 47 5
16 48 60
16 49 37
16 50 203
16 51 179
16 52 38
16 53 85
16 54 2
16 55 240
16 56 118
16 57 66
16 58 27
16 59 124
16 60 3
16 61 35
16 62 79
16 63 35
16 64 154
16 65 246
16 66 214
16 67 186
16 68 2
16 69 165
16 70 85
16 71 184
16 72 292
16 73 21
16 74 60
16 75 93
16 76 90
16 77 175
16 78 275
16 79 2
16 80 221
16 81 141
16 82 82
16 83 69
16 84 163
16 85 119
16 86 53
16 87 68
16 88 62
16 89 16
16 90 197
16 91 143
16 92 40
16 93 5
16 94 282
16 95 210
16 96 226
16 97 257
16 98 120
16 99 178
16 100 256
17 18 117
17 19 176
17 20 16
17 21 205
17 22 226
17 23 11
17 24 127
17 25 175
17 26 38
17 27 277
17 28 249
17 29 228
17 30 79
17 31 152
17 32 283
17 33 122
17 34 271
17 35 132
17 36 206
17 37 65
17 38 132
17 39 235
17 40 157
17 41 195
17 42 16
17 43 254
17 44 52
17 45 113
17 46 217
17 47 192
17 48 149
17 49 179
17 50 57
17 51 41
17 52 54
17 53 13
17 54 233
17 55 243
17 56 235
17 57 209
17 58 15
17 59 146
17 60 12
17 61 40
17 62 43
17 63 291
17 64 58
17 65 196
17 66 291
17 67 200
17 68 105
17 69 105
17 70 292
17 71 10
17 72 105
17 73 236
17 74 169
17 75 281
17 76 223
17 77 290
17 78 277
17 79 117
17 80 291
17 81 55
17 82 114
17 83 296
17 84 142
17 85 179
17 86 279
17 87 139
17 88 203
17 89 34
17 90 59
17 91 162
17 92 166
17 93 218
17 94 43
17 95 239
17 96 22
17 97 174
17 98 248
17 99 42
17 100 244
18 19 234
18 20 169
18 21 108
18 22 90
18 23 90
18 24 219
18 25 243
18 26 25
18 27 238
18 28 30
18 29 39
18 30 153
18 31 30
18 32 253
18 33 162
18 34 40
18 35 209
18 36 168
18 37 96
18 38 176
18 39 217
18 40 75
18 41 50
18 42 284
18 43 261
18 44 161
18 45 139
18 46 19
18 47 108
18 48 51
18 49 51
18 50 277
18 51 161
18 52 117
18 53 156
18 54 15
18 55 268
18 56 240
18 57 245
18 58 177
18 59 297
18 60 289
18 61 155
18 62 77
18 63 266
18 64 198
18 65 268
18 66 71
18 67 172
18 68 45
18 69 256
18 70 156
18 71 5
18 72 210
18 73 160
18 74 158
18 75 199
18 76 11
18 77 291
18 78 108
18 79 116
18 80 136
18 81 141
18 82 266
18 83 148
18 84 260
18 85 274
18 86 58
18 87 19
18 88 5
18 89 191
18 90 175
18 91 285
18 92 189
18 93 154
18 94 251
18 95 41
18 96 211
18 97 87
18 98 273
18 99 116
18 100 236
19 20 81
19 21 86
19 22 7
19 23 219
19 24 107
19 25 268
19 26 63
19 27 8
19 28 71
19 29 282
19 30 181
19 31 284
19 32 264
19 33 52
19 34 258
19 35 221
19 36 243
19 37 12
19 38 243
19 39 147
19 40 83
19 41 223
19 42 63
19 43 146
19 44 277
19 45 231
19 46 206
19 47 220
19 48 284
19 49 58
19 50 188
19 51 232
19 52 47
19 53 253
19 54 33
19 55 288
19 56 77
19 57 145
19 58 244
19 59 81
19 60 47
19 61 136
19 62 19
19 63 217
19 64 174
19 65 56
19 66 242
19 67 50
19 68 192
19 69 250
19 70 148
19 71 206
19 72 6
19 73 203
19 74 135
19 75 273
19 76 214
19 77 239
19 78 285
19 79 100
19 80 281
19 81 28
19 82 264
19 83 119
19 84 38
19 85 162
19 86 274
19 87 197
19 88 133
19 89 118
19 90 173
19 91 247
19 92 70
19 93 281
19 94 99
19 95 143
19 96 34
19 97 275
19 98 22
19 99 275
19 100 61
20 21 53
20 22 114
20 23 4
20 24 238
20 25 145
20 26 217
20 27 122
20 28 280
20 29 27
20 30 139
20 31 206
20 32 189
20 33 48
20 34 115
20 35 216
20 36 104
20 37 58
20 38 111
20 39 80
20 40 167
20 41 256
20 42 269
20 43 28
20 44 30
20 45 34
20 46 292
20 47 265
20 48 66
20 49 103
20 50 215
20 51 138
20 52 174
20 53 31
20 54 174
20 55 78
20 56 176
20 57 161
20 58 267
20 59 287
20 60 61
20 61 258
20 62 217
20 63 263
20 64 281
20 65 182
20 66 27
20 67 213
20 68 89
20 69 13
20 70 121
20 71 166
20 72 120
20 73 244
20 74 147
20 75 59
20 76 272
20 77 243
20 78 212
20 79 166
20 80 178
20 81 34
20 82 212
20 83 275
20 84 64
20 85 102
20 86 86
20 87 267
20 88 7
20 89 166
20 90 117
20 91 36
20 92 289
20 93 100
20 94 56
20 95 104
20 96 255
20 97 36
20 98 214
20 99 133
20 100 295
21 22 224
21 23 170
21 24 284
21 25 203
21 26 200
21 27 166
21 28 228
21 29 123
21 30 153
21 31 165
21 32 57
21 33 36
21 34 120
21 35 167
21 36 53
21 37 71
21 38 156
21 39 96
21 40 114
21 41 237
21 42 99
21 43 176
21 44 75
21 45 287
21 46 80
21 47 211
21 48 77
21 49 206
21 50 217
21 51 283
21 52 122
21 53 262
21 54 213
21 55 108
21 56 94
21 57 116
21 58 90
21 59 35
21 60 289
21 61 289
21 62 175
21 63 28
21 64 283
21 65 86
21 66 183
21 67 198
21 68 44
21 69 266
21 70 34
21 71 185
21 72 282
21 73 104
21 74 153
21 75 17
21 76 170
21 77 248
21 78 80
21 79 238
21 80 9
21 81 270
21 82 138
21 83 88
21 84 238
21 85 122
21 86 36
21 87 168
21 88 222
21 89 77
21 90 288
21 91 294
21 92 176
21 93 88
21 94 125
21 95 75
21 96 203
21 97 218
21 98 149
21 99 259
21 100 271
22 23 154
22 24 167
22 25 201
22 26 34
22 27 180
22 28 251
22 29 89
22 30 106
22 31 200
22 32 246
22 33 277
22 34 157
22 35 228
22 36 24
22 37 26
22 38 288
22 39 295
22 40 52
22 41 183
22 42 161
22 43 3
22 44 141
22 45 241
22 46 205
22 47 269
22 48 86
22 49 254
22 50 213
22 51 173
22 52 121
22 53 178
22 54 207
22 55 216
22 56 225
22 57 123
22 58 129
22 59 222
22 60 29
22 61 226
22 62 293
22 63 122
22 64 173
22 65 193
22 66 291
22 67 235
22 68 54
22 69 215
22 70 257
22 71 117
22 72 218
22 73 193
22 74 250
22 75 138
22 76 226
22 77 167
22 78 67
22 79 283
22 80 144
22 81 248
22 82 82
22 83 284
22 84 89
22 85 63
22 86 6
22 87 123
22 88 87
22 89 6
22 90 178
22 91 183
22 92 67
22 93 156
22 94 191
22 95 110
22 96 78
22 97 66
22 98 88
22 99 97
22 100 188
23 24 100
23 25 251
23 26 148
23 27 55
23 28 103
23 29 185
23 30 70
23 31 127
23 32 247
23 33 239
23 34 108
23 35 256
23 36 7
23 37 205
23 38 76
23 39 210
23 40 172
23 41 85
23 42 231
23 43 59
23 44 113
23 45 66
23 46 212
23 47 161
23 48 199
23 49 288
23 50 215
23 51 195
23 52 285
23 53 50
23 54 237
23 55 130
23 56 273
23 57 196
23 58 126
23 59 99
23 60 16
23 61 150
23 62 56
23 63 41
23 64 287
23 65 71
23 66 232
23 67 94
23 68 296
23 69 299
23 70 47
23 71 153
23 72 65
23 73 297
23 74 83
23 75 152
23 76 168
23 77 253
23 78 217
23 79 44
23 80 101
23 81 11
23 82 53
23 83 194
23 84 135
23 85 273
23 86 122
23 87 30
23 88 233
23 89 202
23 90 213
23 91 145
23 92 146
23 93 28
23 94 214
23 95 65
23 96 76
23 97 210
23 98 35
23 99 232
23 100 65
24 25 217
24 26 104
24 27 242
24 28 298
24 29 82
24 30 284
24 31 193
24 32 89
24 33 176
24 34 211
24 35 202
24 36 223
24 37 259
24 38 104
24 39 203
24 40 6
24 41 12
24 42 37
24 43 44
24 44 225
24 45 186
24 46 172
24 47 4
24 48 167
24 49 13
24 50 8
24 51 108
24 52 34
24 53 19
24 54 188
24 55 220
24 56 29
24 57 294
24 58 210
24 59 189
24 60 119
24 61 284
24 62 109
24 63 74
24 64 222
24 65 69
24 66 289
24 67 243
24 68 84
24 69 134
24 70 222
24 71 195
24 72 66
24 73 61
24 74 194
24 75 284
24 76 223
24 77 208
24 78 14
24 79 246
24 80 199
24 81 51
24 82 0
24 83 178
24 84 0
24 85 269
24 86 202
24 87 29
24 88 163
24 89 154
24 90 10
24 91 209
24 92 296
24 93 153
24 94 67
24 95 10
24 96 29
24 97 126
24 98 135
24 99 201
24 100 223
25 26 267
25 27 287
25 28 286
25 29 279
25 30 89
25 31 128
25 32 54
25 33 159
25 34 134
25 35 140
25 36 282
25 37 295
25 38 205
25 39 14
25 40 249
25 41 290
25 42 128
25 43 285
25 44 189
25 45 3
25 46 65
25 47 178
25 48 240
25 49 161
25 50 270
25 51 227
25 52 92
25 53 244
25 54 193
25 55 50
25 56 230
25 57 82
25 58 214
25 59 235
25 60 180
25 61 291
25 62 118
25 63 130
25 64 237
25 65 174
25 66 250
25 67 108
25 68 234
25 69 200
25 70 182
25 71 0
25 72 278
25 73 223
25 74 46
25 75 195
25 76 56
25 77 2
25 78 33
25 79 292
25 80 57
25 81 193
25 82 100
25 83 268
25 84 193
25 85 285
25 86 108
25 87 286
25 88 254
25 89 251
25 90 273
25 91 191
25 92 189
25 93 170
25 94 18
25 95 260
25 96 262
25 97 148
25 98 35
25 99 111
25 100 96
26 27 144
26 28 161
26 29 163
26 30 276
26 31 50
26 32 219
26 33 3
26 34 47
26 35 111
26 36 95
26 37 249
26 38 187
26 39 67
26 40 22
26 41 247
26 42 247
26 43 3
26 44 116
26 45 25
26 46 199
26 47 209
26 48 150
26 49 6
26 50 42
26 51 273
26 52 115
26 53 126
26 54 140
26 55 91
26 56 293
26 57 225
26 58 263
26 59 252
26 60 13
26 61 276
26 62 65
26 63 74
26 64 278
26 65 180
26 66 232
26 67 130
26 68 283
26 69 203
26 70 102
26 71 198
26 72 228
26 73 114
26 74 136
26 75 179
26 76 31
26 77 184
26 78 134
26 79 176
26 80 244
26 81 202
26 82 90
26 83 182
26 84 103
26 85 97
26 86 90
26 87 148
26 88 269
26 89 111
26 90 189
26 91 256
26 92 232
26 93 232
26 94 243
26 95 184
26 96 109
26 97 117
26 98 155
26 99 234
26 100 49
27 28 278
27 29 246
27 30 248
27 31 224
27 32 156
27 33 136
27 34 195
27 35 246
27 36 23
27 37 60
27 38 73
27 39 189
27 40 82
27 41 233
27 42 56
27 43 253
27 44 48
27 45 299
27 46 156
27 47 219
27 48 181
27 49 185
27 50 216
27 51 103
27 52 5
27 53 69
27 54 35
27 55 255
27 56 4
27 57 144
27 58 60
27 59 170
27 60 59
27 61 14
27 62 97
27 63 133
27 64 151
27 65 66
27 66 31
27 67 184
27 68 113
27 69 182
27 70 221
27 71 285
27 72 40
27 73 53
27 74 184
27 75 184
27 76 48
27 77 69
27 78 129
27 79 184
27 80 139
27 81 183
27 82 205
27 83 71
27 84 48
27 85 223
27 86 227
27 87 72
27 88 186
27 89 228
27 90 64
27 91 3
27 92 251
27 93 20
27 94 1
27 95 195
27 96 96
27 97 159
27 98 260
27 99 95
27 100 90
28 29 173
28 30 298
28 31 258
28 32 96
28 33 235
28 34 137
28 35 252
28 36 194
28 37 93
28 38 88
28 39 76
28 40 82
28 41 99
28 42 92
28 43 285
28 44 132
28 45 51
28 46 219
28 47 272
28 48 84
28 49 246
28 50 45
28 51 6
28 52 78
28 53 131
28 54 232
28 55 60
28 56 61
28 57 38
28 58 276
28 59 67
28 60 204
28 61 73
28 62 281
28 63 51
28 64 256
28 65 298
28 66 224
28 67 70
28 68 33
28 69 221
28 70 253
28 71 210
28 72 2
28 73 92
28 74 3
28 75 181
28 76 14
28 77 120
28 78 49
28 79 106
28 80 5
28 81 81
28 82 279
28 83 179
28 84 283
28 85 286
28 86 241
28 87 41
28 88 299
28 89 283
28 90 67
28 91 244
28 92 272
28 93 208
28 94 151
28 95 67
28 96 13
28 97 140
28 98 219
28 99 233
28 100 161
29 30 287
29 31 57
29 32 157
29 33 112
29 34 6
29 35 125
29 36 94
29 37 280
29 38 207
29 39 123
29 40 206
29 41 26
29 42 59
29 43 124
29 44 272
29 45 262
29 46 182
29 47 185
29 48 153
29 49 64
29 50 291
29 51 267
29 52 148
29 53 22
29 54 78
29 55 235
29 56 203
29 57 56
29 58 45
29 59 210
29 60 208
29 61 223
29 62 268
29 63 289
29 64 264
29 65 65
29 66 14
29 67 157
29 68 53
29 69 39
29 70 250
29 71 287
29 72 214
29 73 71
29 74 211
29 75 29
29 76 43
29 77 157
29 78 10
29 79 234
29 80 267
29 81 273
29 82 283
29 83 123
29 84 120
29 85 119
29 86 245
29 87 243
29 88 119
29 89 271
29 90 19
29 91 98
29 92 196
29 93 205
29 94 183
29 95 258
29 96 163
29 97 225
29 98 285
29 99 9
29 100 156
30 31 109
30 32 43
30 33 251
30 34 3
30 35 63
30 36 20
30 37 268
30 38 298
30 39 139
30 40 249
30 41 221
30 42 229
30 43 141
30 44 100
30 45 54
30 46 214
30 47 290
30 48 45
30 49 274
30 50 34
30 51 11
30 52 231
30 53 49
30 54 4
30 55 96
30 56 141
30 57 46
30 58 221
30 59 61
30 60 178
30 61 197
30 62 97
30 63 129
30 64 289
30 65 144
30 66 36
30 67 14
30 68 14
30 69 275
30 70 79
30 71 161
30 72 173
30 73 11
30 74 160
30 75 243
30 76 255
30 77 242
30 78 184
30 79 125
30 80 174
30 81 30
30 82 87
30 83 21
30 84 245
30 85 7
30 86 60
30 87 189
30 88 113
30 89 195
30 90 160
30 91 146
30 92 72
30 93 200
30 94 146
30 95 194
30 96 48
30 97 51
30 98 118
30 99 234
30 100 47
31 32 133
31 33 170
31 34 245
31 35 133
31 36 61
31 37 1
31 38 192
31 39 293
31 40 82
31 41 168
31 42 36
31 43 3
31 44 13
31 45 229
31 46 22
31 47 117
31 48 278
31 49 259
31 50 85
31 51 146
31 52 134
31 53 191
31 54 298
31 55 272
31 56 94
31 57 282
31 58 205
31 59 152
31 60 65
31 61 33
31 62 36
31 63 285
31 64 179
31 65 46
31 66 17
31 67 106
31 68 247
31 69 265
31 70 245
31 71 117
31 72 97
31 73 274
31 74 279
31 75 189
31 76 289
31 77 125
31 78 26
31 79 69
31 80 60
31 81 146
31 82 127
31 83 203
31 84 52
31 85 167
31 86 41
31 87 267
31 88 127
31 89 22
31 90 178
31 91 281
31 92 152
31 93 282
31 94 27
31 95 13
31 96 217
31 97 150
31 98 49
31 99 227
31 100 48
32 33 205
32 34 206
32 35 56
32 36 251
32 37 287
32 38 11
32 39 32
32 40 22
32 41 215
32 42 100
32 43 57
32 44 17
32 45 230
32 46 282
32 47 260
32 48 214
32 49 36
32 50 51
32 51 279
32 52 150
32 53 15
32 54 63
32 55 271
32 56 60
32 57 251
32 58 206
32 59 121
32 60 112
32 61 114
32 62 235
32 63 166
32 64 52
32 65 21
32 66 138
32 67 282
32 68 250
32 69 100
32 70 86
32 71 105
32 72 112
32 73 212
32 74 61
32 75 160
32 76 139
32 77 111
32 78 32
32 79 23
32 80 27
32 81 183
32 82 47
32 83 212
32 84 63
32 85 55
32 86 97
32 87 31
32 88 200
32 89 39
32 90 55
32 91 150
32 92 19
32 93 107
32 94 98
32 95 192
32 96 268
32 97 92
32 98 193
32 99 76
32 100 222
33 34 123
33 35 249
33 36 6
33 37 80
33 38 64
33 39 297
33 40 211
33 41 22
33 42 38
33 43 55
33 44 269
33 45 198
33 46 54
33 47 277
33 48 284
33 49 111
33 50 21
33 51 135
33 52 189
33 53 19
33 54 207
33 55 258
33 56 141
33 57 224
33 58 60
33 59 68
33 60 271
33 61 5
33 62 14
33 63 82
33 64 141
33 65 131
33 66 21
33 67 211
33 68 219
33 69 49
33 70 249
33 71 214
33 72 282
33 73 43
33 74 48
33 75 78
33 76 52
33 77 257
33 78 226
33 79 191
33 80 15
33 81 172
33 82 107
33 83 197
33 84 247
33 85 80
33 86 133
33 87 116
33 88 1
33 89 98
33 90 32
33 91 288
33 92 205
33 93 90
33 94 204
33 95 75
33 96 1
33 97 157
33 98 268
33 99 80
33 100 95
34 35 299
34 36 199
34 37 273
34 38 74
34 39 116
34 40 11
34 41 156
34 42 147
34 43 269
34 44 219
34 45 19
34 46 251
34 47 264
34 48 25
34 49 25
34 50 86
34 51 203
34 52 243
34 53 284
34 54 24
34 55 0
34 56 184
34 57 60
34 58 51
34 59 123
34 60 170
34 61 157
34 62 84
34 63 150
34 64 151
34 65 169
34 66 191
34 67 120
34 68 132
34 69 35
34 70 212
34 71 255
34 72 221
34 73 180
34 74 197
34 75 164
34 76 113
34 77 276
34 78 185
34 79 38
34 80 94
34 81 157
34 82 109
34 83 127
34 84 152
34 85 191
34 86 187
34 87 122
34 88 35
34 89 207
34 90 68
34 91 244
34 92 270
34 93 23
34 94 54
34 95 177
34 96 244
34 97 123
34 98 271
34 99 234
34 100 224
35 36 209
35 37 143
35 38 155
35 39 278
35 40 276
35 41 189
35 42 216
35 43 123
35 44 57
35 45 184
35 46 216
35 47 50
35 48 75
35 49 264
35 50 84
35 51 126
35 52 283
35 53 265
35 54 289
35 55 22
35 56 183
35 57 252
35 58 116
35 59 158
35 60 6
35 61 123
35 62 218
35 63 260
35 64 80
35 65 66
35 66 95
35 67 123
35 68 164
35 69 66
35 70 2
35 71 192
35 72 59
35 73 119
35 74 213
35 75 115
35 76 286
35 77 143
35 78 152
35 79 213
35 80 262
35 81 188
35 82 138
35 83 196
35 84 182
35 85 55
35 86 248
35 87 275
35 88 57
35 89 240
35 90 250
35 91 159
35 92 168
35 93 86
35 94 271
35 95 6
35 96 235
35 97 110
35 98 59
35 99 270
35 100 216
36 37 69
36 38 212
36 39 180
36 40 158
36 41 220
36 42 153
36 43 174
36 44 77
36 45 93
36 46 63
36 47 238
36 48 267
36 49 69
36 50 256
36 51 216
36 52 167
36 53 59
36 54 108
36 55 1
36 56 19
36 57 13
36 58 273
36 59 0
36 60 13
36 61 150
36 62 86
36 63 117
36 64 76
36 65 249
36 66 148
36 67 48
36 68 90
36 69 241
36 70 52
36 71 272
36 72 96
36 73 237
36 74 196
36 75 211
36 76 263
36 77 22
36 78 29
36 79 182
36 80 269
36 81 224
36 82 98
36 83 214
36 84 167
36 85 26
36 86 210
36 87 100
36 88 163
36 89 243
36 90 231
36 91 296
36 92 241
36 93 295
36 94 22
36 95 299
36 96 135
36 97 4
36 98 62
36 99 107
36 100 211
37 38 114
37 39 25
37 40 104
37 41 267
37 42 240
37 43 28
37 44 142
37 45 284
37 46 7
37 47 12
37 48 92
37 49 147
37 50 90
37 51 282
37 52 49
37 53 56
37 54 55
37 55 196
37 56 261
37 57 125
37 58 196
37 59 56
37 60 84
37 61 172
37 62 145
37 63 211
37 64 169
37 65 250
37 66 155
37 67 233
37 68 75
37 69 20
37 70 239
37 71 12
37 72 93
37 73 49
37 74 229
37 75 46
37 76 226
37 77 290
37 78 222
37 79 225
37 80 106
37 81 174
37 82 66
37 83 137
37 84 102
37 85 17
37 86 3
37 87 213
37 88 98
37 89 189
37 90 43
37 91 294
37 92 256
37 93 58
37 94 187
37 95 247
37 96 202
37 97 217
37 98 15
37 99 112
37 100 105
38 39 168
38 40 138
38 41 261
38 42 163
38 43 177
38 44 17
38 45 125
38 46 126
38 47 143
38 48 204
38 49 150
38 50 16
38 51 293
38 52 29
38 53 190
38 54 201
38 55 8
38 56 209
38 57 284
38 58 73
38 59 268
38 60 116
38 61 136
38 62 207
38 63 190
38 64 104
38 65 263
38 66 166
38 67 11
38 68 241
38 69 9
38 70 168
38 71 254
38 72 147
38 73 136
38 74 194
38 75 134
38 76 35
38 77 296
38 78 197
38 79 220
38 80 18
38 81 57
38 82 67
38 83 203
38 84 58
38 85 182
38 86 190
38 87 234
38 88 225
38 89 93
38 90 189
38 91 173
38 92 242
38 93 189
38 94 7
38 95 72
38 96 231
38 97 21
38 98 165
38 99 284
38 100 112
39 40 81
39 41 130
39 42 104
39 43 44
39 44 17
39 45 128
39 46 273
39 47 90
39 48 90
39 49 292
39 50 101
39 51 102
39 52 44
39 53 149
39 54 71
39 55 184
39 56 184
39 57 131
39 58 130
39 59 195
39 60 272
39 61 293
39 62 183
39 63 18
39 64 43
39 65 253
39 66 249
39 67 65
39 68 269
39 69 81
39 70 11
39 71 59
39 72 266
39 73 165
39 74 236
39 75 36
39 76 197
39 77 160
39 78 111
39 79 113
39 80 22
39 81 0
39 82 73
39 83 109
39 84 133
39 85 4
39 86 220
39 87 202
39 88 93
39 89 99
39 90 104
39 91 0
39 92 50
39 93 213
39 94 228
39 95 282
39 96 103
39 97 62
39 98 95
39 99 181
39 100 272
40 41 108
40 42 200
40 43 291
40 44 100
40 45 204
40 46 58
40 47 276
40 48 0
40 49 269
40 50 274
40 51 81
40 52 299
40 53 183
40 54 122
40 55 175
40 56 173
40 57 147
40 58 5
40 59 282
40 60 175
40 61 229
40 62 263
40 63 284
40 64 189
40 65 80
40 66 17
40 67 296
40 68 278
40 69 269
40 70 18
40 71 167
40 72 114
40 73 62
40 74 94
40 75 277
40 76 120
40 77 144
40 78 285
40 79 247
40 80 97
40 81 5
40 82 183
40 83 273
40 84 131
40 85 262
40 86 155
40 87 142
40 88 66
40 89 292
40 90 174
40 91 8
40 92 106
40 93 243
40 94 167
40 95 89
40 96 147
40 97 187
40 98 96
40 99 230
40 100 52
41 42 260
41 43 231
41 44 209
41 45 231
41 46 252
41 47 196
41 48 183
41 49 245
41 50 195
41 51 288
41 52 293
41 53 262
41 54 200
41 55 240
41 56 159
41 57 99
41 58 202
41 59 235
41 60 75
41 61 200
41 62 131
41 63 112
41 64 219
41 65 76
41 66 143
41 67 193
41 68 211
41 69 138
41 70 46
41 71 240
41 72 279
41 73 278
41 74 268
41 75 190
41 76 126
41 77 229
41 78 180
41 79 34
41 80 150
41 81 290
41 82 77
41 83 238
41 84 17
41 85 85
41 86 82
41 87 94
41 88 179
41 89 57
41 90 62
41 91 267
41 92 124
41 93 51
41 94 61
41 95 48
41 96 141
41 97 21
41 98 173
41 99 205
41 100 98
42 43 11
42 44 12
42 45 290
42 46 268
42 47 285
42 48 136
42 49 245
42 50 70
42 51 43
42 52 127
42 53 48
42 54 164
42 55 269
42 56 122
42 57 249
42 58 110
42 59 18
42 60 28
42 61 290
42 62 120
42 63 272
42 64 14
42 65 200
42 66 98
42 67 177
42 68 227
42 69 145
42 70 280
42 71 162
42 72 169
42 73 231
42 74 136
42 75 194
42 76 176
42 77 39
42 78 92
42 79 165
42 80 48
42 81 143
42 82 109
42 83 6
42 84 69
42 85 177
42 86 229
42 87 14
42 88 168
42 89 145
42 90 64
42 91 37
42 92 5
42 93 15
42 94 50
42 95 158
42 96 143
42 97 170
42 98 189
42 99 156
42 100 147
43 44 72
43 45 36
43 46 108
43 47 294
43 48 120
43 49 104
43 50 70
43 51 251
43 52 202
43 53 222
43 54 256
43 55 131
43 56 223
43 57 6
43 58 296
43 59 61
43 60 60
43 61 84
43 62 201
43 63 202
43 64 82
43 65 89
43 66 294
43 67 250
43 68 257
43 69 84
43 70 140
43 71 262
43 72 141
43 73 291
43 74 83
43 75 210
43 76 275
43 77 78
43 78 36
43 79 81
43 80 198
43 81 181
43 82 265
43 83 254
43 84 85
43 85 93
43 86 186
43 87 218
43 88 5
43 89 41
43 90 89
43 91 96
43 92 68
43 93 167
43 94 260
43 95 64
43 96 161
43 97 295
43 98 299
43 99 234
43 100 66
44 45 76
44 46 244
44 47 200
44 48 239
44 49 246
44 50 122
44 51 267
44 52 4
44 53 84
44 54 182
44 55 56
44 56 136
44 57 221
44 58 284
44 59 43
44 60 148
44 61 63
44 62 192
44 63 94
44 64 193
44 65 121
44 66 4
44 67 188
44 68 190
44 69 253
44 70 212
44 71 191
44 72 56
44 73 291
44 74 81
44 75 254
44 76 152
44 77 134
44 78 104
44 79 242
44 80 13
44 81 108
44 82 106
44 83 156
44 84 238
44 85 49
44 86 17
44 87 107
44 88 54
44 89 106
44 90 21
44 91 6
44 92 233
44 93 119
44 94 111
44 95 30
44 96 202
44 97 41
44 98 273
44 99 69
44 100 116
45 46 189
45 47 192
45 48 179
45 49 184
45 50 31
45 51 211
45 52 36
45 53 139
45 54 113
45 55 225
45 56 254
45 57 235
45 58 162
45 59 283
45 60 297
45 61 127
45 62 38
45 63 242
45 64 139
45 65 277
45 66 243
45 67 220
45 68 269
45 69 32
45 70 248
45 71 75
45 72 30
45 73 124
45 74 252
45 75 121
45 76 243
45 77 141
45 78 187
45 79 27
45 80 165
45 81 175
45 82 281
45 83 70
45 84 256
45 85 289
45 86 282
45 87 100
45 88 224
45 89 260
45 90 61
45 91 268
45 92 184
45 93 113
45 94 78
45 95 154
45 96 1
45 97 288
45 98 285
45 99 284
45 100 256
46 47 164
46 48 79
46 49 260
46 50 184
46 51 53
46 52 230
46 53 266
46 54 259
46 55 236
46 56 166
46 57 111
46 58 50
46 59 114
46 60 144
46 61 173
46 62 108
46 63 250
46 64 286
46 65 31
46 66 243
46 67 18
46 68 119
46 69 38
46 70 115
46 71 165
46 72 14
46 73 161
46 74 264
46 75 127
46 76 51
46 77 175
46 78 180
46 79 263
46 80 183
46 81 205
46 82 119
46 83 195
46 84 32
46 85 53
46 86 40
46 87 246
46 88 79
46 89 259
46 90 117
46 91 229
46 92 204
46 93 18
46 94 194
46 95 295
46 96 127
46 97 144
46 98 201
46 99 38
46 100 233
47 48 63
47 49 122
47 50 286
47 51 229
47 52 96
47 53 10
47 54 218
47 55 298
47 56 3
47 57 19
47 58 189
47 59 101
47 60 12
47 61 61
47 62 142
47 63 15
47 64 16
47 65 112
47 66 2
47 67 65
47 68 217
47 69 264
47 70 109
47 71 92
47 72 235
47 73 246
47 74 157
47 75 217
47 76 8
47 77 69
47 78 281
47 79 2
47 80 29
47 81 283
47 82 50
47 83 223
47 84 150
47 85 128
47 86 54
47 87 62
47 88 240
47 89 201
47 90 74
47 91 32
47 92 240
47 93 93
47 94 138
47 95 4
47 96 48
47 97 46
47 98 247
47 99 49
47 100 272
48 49 55
48 50 33
48 51 135
48 52 184
48 53 117
48 54 5
48 55 121
48 56 36
48 57 267
48 58 132
48 59 233
48 60 176
48 61 52
48 62 264
48 63 25
48 64 148
48 65 295
48 66 1
48 67 138
48 68 286
48 69 239
48 70 97
48 71 82
48 72 181
48 73 271
48 74 29
48 75 7
48 76 56
48 77 93
48 78 134
48 79 178
48 80 240
48 81 66
48 82 106
48 83 228
48 84 131
48 85 60
48 86 266
48 87 71
48 88 295
48 89 138
48 90 140
48 91 62
48 92 185
48 93 65
48 94 165
48 95 176
48 96 219
48 97 0
48 98 95
48 99 292
48 100 233
49 50 178
49 51 2
49 52 157
49 53 19
49 54 89
49 55 272
49 56 295
49 57 217
49 58 154
49 59 227
49 60 238
49 61 108
49 62 104
49 63 240
49 64 168
49 65 191
49 66 190
49 67 285
49 68 180
49 69 96
49 70 218
49 71 45
49 72 203
49 73 288
49 74 195
49 75 155
49 76 115
49 77 273
49 78 36
49 79 189
49 80 15
49 81 157
49 82 127
49 83 132
49 84 40
49 85 203
49 86 87
49 87 113
49 88 93
49 89 72
49 90 255
49 91 176
49 92 70
49 93 189
49 94 203
49 95 69
49 96 25
49 97 201
49 98 141
49 99 2
49 100 5
50 51 253
50 52 26
50 53 11
50 54 90
50 55 243
50 56 224
50 57 123
50 58 212
50 59 86
50 60 28
50 61 18
50 62 162
50 63 178
50 64 172
50 65 198
50 66 97
50 67 177
50 68 282
50 69 6
50 70 270
50 71 151
50 72 103
50 73 62
50 74 277
50 75 81
50 76 29
50 77 13
50 78 193
50 79 263
50 80 205
50 81 62
50 82 56
50 83 73
50 84 57
50 85 239
50 86 255
50 87 220
50 88 188
50 89 108
50 90 41
50 91 153
50 92 16
50 93 222
50 94 295
50 95 111
50 96 110
50 97 61
50 98 245
50 99 284
50 100 39
51 52 282
51 53 81
51 54 93
51 55 233
51 56 197
51 57 28
51 58 75
51 59 59
51 60 24
51 61 2
51 62 220
51 63 18
51 64 3
51 65 188
51 66 87
51 67 292
51 68 46
51 69 177
51 70 44
51 71 76
51 72 221
51 73 283
51 74 62
51 75 215
51 76 108
51 77 174
51 78 277
51 79 197
51 80 75
51 81 171
51 82 105
51 83 106
51 84 95
51 85 131
51 86 262
51 87 3
51 88 208
51 89 159
51 90 180
51 91 173
51 92 10
51 93 44
51 94 104
51 95 184
51 96 234
51 97 56
51 98 221
51 99 293
51 100 283
52 53 82
52 54 205
52 55 190
52 56 243
52 57 5
52 58 160
52 59 50
52 60 168
52 61 290
52 62 120
52 63 99
52 64 193
52 65 287
52 66 179
52 67 297
52 68 87
52 69 159
52 70 90
52 71 297
52 72 48
52 73 108
52 74 7
52 75 59
52 76 77
52 77 231
52 78 188
52 79 44
52 80 213
52 81 44
52 82 159
52 83 125
52 84 290
52 85 46
52 86 283
52 87 256
52 88 244
52 89 13
52 90 84
52 91 129
52 92 119
52 93 173
52 94 71
52 95 44
52 96 252
52 97 7
52 98 128
52 99 215
52 100 28
53 54 245
53 55 213
53 56 218
53 57 283
53 58 111
53 59 123
53 60 150
53 61 265
53 62 106
53 63 239
53 64 61
53 65 148
53 66 126
53 67 184
53 68 149
53 69 187
53 70 290
53 71 63
53 72 135
53 73 46
53 74 266
53 75 134
53 76 267
53 77 109
53 78 64
53 79 275
53 80 163
53 81 248
53 82 0
53 83 4
53 84 142
53 85 28
53 86 286
53 87 270
53 88 97
53 89 43
53 90 187
53 91 21
53 92 284
53 93 257
53 94 91
53 95 173
53 96 226
53 97 59
53 98 178
53 99 283
53 100 237
54 55 20
54 56 254
54 57 298
54 58 125
54 59 212
54 60 290
54 61 196
54 62 230
54 63 164
54 64 110
54 65 108
54 66 235
54 67 64
54 68 215
54 69 291
54 70 152
54 71 248
54 72 93
54 73 168
54 74 165
54 75 96
54 76 282
54 77 64
54 78 222
54 79 84
54 80 187
54 81 161
54 82 164
54 83 241
54 84 23
54 85 272
54 86 113
54 87 150
54 88 233
54 89 288
54 90 162
54 91 160
54 92 97
54 93 90
54 94 199
54 95 243
54 96 19
54 97 257
54 98 289
54 99 211
54 100 271
55 56 14
55 57 144
55 58 75
55 59 245
55 60 241
55 61 173
55 62 30
55 63 214
55 64 13
55 65 286
55 66 16
55 67 176
55 68 60
55 69 188
55 70 253
55 71 226
55 72 212
55 73 208
55 74 42
55 75 244
55 76 165
55 77 48
55 78 243
55 79 24
55 80 260
55 81 109
55 82 53
55 83 276
55 84 10
55 85 26
55 86 168
55 87 188
55 88 25
55 89 298
55 90 206
55 91 255
55 92 245
55 93 243
55 94 111
55 95 261
55 96 191
55 97 77
55 98 231
55 99 103
55 100 196
56 57 145
56 58 191
56 59 127
56 60 155
56 61 227
56 62 147
56 63 98
56 64 190
56 65 125
56 66 39
56 67 173
56 68 98
56 69 184
56 70 123
56 71 126
56 72 27
56 73 102
56 74 30
56 75 73
56 76 147
56 77 225
56 78 273
56 79 22
56 80 76
56 81 260
56 82 38
56 83 23
56 84 207
56 85 224
56 86 250
56 87 106
56 88 222
56 89 0
56 90 289
56 91 122
56 92 279
56 93 93
56 94 93
56 95 95
56 96 281
56 97 12
56 98 59
56 99 259
56 100 90
57 58 87
57 59 197
57 60 286
57 61 74
57 62 97
57 63 252
57 64 78
57 65 163
57 66 294
57 67 295
57 68 277
57 69 64
57 70 210
57 71 152
57 72 247
57 73 123
57 74 118
57 75 63
57 76 230
57 77 206
57 78 46
57 79 14
57 80 131
57 81 17
57 82 49
57 83 25
57 84 109
57 85 124
57 86 48
57 87 185
57 88 46
57 89 61
57 90 196
57 91 102
57 92 40
57 93 223
57 94 213
57 95 278
57 96 62
57 97 296
57 98 142
57 99 297
57 100 160
58 59 135
58 60 114
58 61 90
58 62 34
58 63 85
58 64 203
58 65 23
58 66 1
58 67 17
58 68 249
58 69 97
58 70 267
58 71 274
58 72 51
58 73 180
58 74 207
58 75 261
58 76 86
58 77 146
58 78 79
58 79 122
58 80 70
58 81 188
58 82 246
58 83 90
58 84 30
58 85 137
58 86 266
58 87 15
58 88 258
58 89 41
58 90 3
58 91 268
58 92 23
58 93 95
58 94 2
58 95 61
58 96 249
58 97 250
58 98 74
58 99 34
58 100 172
59 60 26
59 61 244
59 62 91
59 63 23
59 64 199
59 65 154
59 66 242
59 67 172
59 68 196
59 69 251
59 70 292
59 71 41
59 72 109
59 73 91
59 74 243
59 75 243
59 76 175
59 77 46
59 78 245
59 79 144
59 80 276
59 81 168
59 82 11
59 83 144
59 84 22
59 85 13
59 86 63
59 87 13
59 88 28
59 89 245
59 90 144
59 91 22
59 92 120
59 93 299
59 94 108
59 95 269
59 96 210
59 97 196
59 98 199
59 99 162
59 100 271
60 61 249
60 62 130
60 63 148
60 64 66
60 65 160
60 66 209
60 67 76
60 68 192
60 69 37
60 70 114
60 71 241
60 72 65
60 73 217
60 74 103
60 75 258
60 76 178
60 77 212
60 78 268
60 79 47
60 80 40
60 81 184
60 82 14
60 83 163
60 84 1
60 85 161
60 86 45
60 87 46
60 88 38
60 89 168
60 90 186
60 91 181
60 92 146
60 93 154
60 94 294
60 95 6
60 96 269
60 97 154
60 98 162
60 99 195
60 100 161
61 62 164
61 63 170
61 64 282
61 65 39
61 66 163
61 67 68
61 68 120
61 69 0
61 70 120
61 71 55
61 72 187
61 73 164
61 74 140
61 75 191
61 76 107
61 77 101
61 78 97
61 79 271
61 80 266
61 81 186
61 82 185
61 83 146
61 84 124
61 85 145
61 86 174
61 87 111
61 88 24
61 89 144
61 90 213
61 91 271
61 92 195
61 93 64
61 94 283
61 95 18
61 96 133
61 97 177
61 98 273
61 99 80
61 100 19
62 63 24
62 64 41
62 65 162
62 66 295
62 67 191
62 68 152
62 69 227
62 70 245
62 71 198
62 72 245
62 73 280
62 74 48
62 75 90
62 76 223
62 77 292
62 78 166
62 79 280
62 80 36
62 81 146
62 82 215
62 83 186
62 84 124
62 85 219
62 86 1
62 87 164
62 88 18
62 89 91
62 90 211
62 91 6
62 92 58
62 93 177
62 94 93
62 95 71
62 96 27
62 97 98
62 98 248
62 99 14
62 100 5
63 64 243
63 65 131
63 66 30
63 67 118
63 68 37
63 69 290
63 70 95
63 71 288
63 72 130
63 73 181
63 74 239
63 75 283
63 76 231
63 77 28
63 78 255
63 79 269
63 80 123
63 81 244
63 82 119
63 83 34
63 84 120
63 85 278
63 86 127
63 87 221
63 88 263
63 89 289
63 90 35
63 91 40
63 92 276
63 93 244
63 94 216
63 95 125
63 96 121
63 97 186
63 98 205
63 99 234
63 100 36
64 65 231
64 66 296
64 67 38
64 68 277
64 69 34
64 70 1
64 71 106
64 72 227
64 73 146
64 74 63
64 75 26
64 76 209
64 77 157
64 78 43
64 79 226
64 80 24
64 81 49
64 82 129
64 83 237
64 84 263
64 85 268
64 86 284
64 87 253
64 88 267
64 89 24
64 90 20
64 91 177
64 92 41
64 93 140
64 94 296
64 95 245
64 96 102
64 97 220
64 98 113
64 99 139
64 100 271
65 66 190
65 67 231
65 68 69
65 69 239
65 70 211
65 71 43
65 72 270
65 73 84
65 74 255
65 75 238
65 76 53
65 77 267
65 78 190
65 79 198
65 80 145
65 81 38
65 82 214
65 83 168
65 84 28
65 85 151
65 86 230
65 87 212
65 88 130
65 89 241
65 90 67
65 91 282
65 92 188
65 93 51
65 94 88
65 95 208
65 96 80
65 97 266
65 98 101
65 99 86
65 100 298
66 67 52
66 68 26
66 69 53
66 70 27
66 71 98
66 72 56
66 73 254
66 74 170
66 75 237
66 76 0
66 77 170
66 78 42
66 79 179
66 80 55
66 81 99
66 82 84
66 83 25
66 84 195
66 85 293
66 86 157
66 87 150
66 88 77
66 89 118
66 90 278
66 91 200
66 92 39
66 93 259
66 94 157
66 95 77
66 96 36
66 97 39
66 98 146
66 99 189
66 100 260
67 68 165
67 69 117
67 70 12
67 71 149
67 72 160
67 73 67
67 74 247
67 75 243
67 76 185
67 77 258
67 78 246
67 79 27
67 80 141
67 81 153
67 82 144
67 83 12
67 84 296
67 85 122
67 86 81
67 87 48
67 88 60
67 89 69
67 90 149
67 91 158
67 92 208
67 93 93
67 94 129
67 95 85
67 96 153
67 97 68
67 98 119
67 99 274
67 100 294
68 69 234
68 70 161
68 71 288
68 72 141
68 73 190
68 74 155
68 75 273
68 76 167
68 77 211
68 78 38
68 79 119
68 80 234
68 81 8
68 82 19
68 83 202
68 84 144
68 85 291
68 86 278
68 87 204
68 88 118
68 89 73
68 90 288
68 91 176
68 92 295
68 93 126
68 94 90
68 95 109
68 96 271
68 97 198
68 98 148
68 99 115
68 100 276
69 70 237
69 71 23
69 72 249
69 73 116
69 74 111
69 75 142
69 76 153
69 77 48
69 78 54
69 79 49
69 80 0
69 81 151
69 82 146
69 83 111
69 84 178
69 85 19
69 86 154
69 87 285
69 88 164
69 89 45
69 90 49
69 91 239
69 92 115
69 93 165
69 94 190
69 95 285
69 96 107
69 97 167
69 98 197
69 99 188
69 100 110
70 71 237
70 72 285
70 73 274
70 74 33
70 75 97
70 76 140
70 77 139
70 78 138
70 79 154
70 80 225
70 81 12
70 82 154
70 83 293
70 84 112
70 85 275
70 86 24
70 87 135
70 88 158
70 89 77
70 90 26
70 91 75
70 92 91
70 93 226
70 94 179
70 95 141
70 96 18
70 97 45
70 98 276
70 99 85
70 100 104
71 72 81
71 73 208
71 74 96
71 75 292
71 76 99
71 77 104
71 78 22
71 79 9
71 80 66
71 81 240
71 82 290
71 83 145
71 84 96
71 85 7
71 86 264
71 87 218
71 88 109
71 89 176
71 90 209
71 91 26
71 92 135
71 93 241
71 94 110
71 95 279
71 96 19
71 97 88
71 98 169
71 99 161
71 100 175
72 73 269
72 74 236
72 75 281
72 76 193
72 77 222
72 78 50
72 79 247
72 80 36
72 81 138
72 82 162
72 83 183
72 84 148
72 85 151
72 86 223
72 87 60
72 88 119
72 89 171
72 90 68
72 91 38
72 92 126
72 93 86
72 94 242
72 95 12
72 96 141
72 97 35
72 98 180
72 99 47
72 100 158
73 74 43
73 75 13
73 76 9
73 77 181
73 78 169
73 79 143
73 80 85
73 81 30
73 82 173
73 83 170
73 84 153
73 85 95
73 86 266
73 87 284
73 88 181
73 89 78
73 90 147
73 91 169
73 92 49
73 93 164
73 94 124
73 95 63
73 96 280
73 97 241
73 98 151
73 99 249
73 100 267
74 75 98
74 76 142
74 77 158
74 78 50
74 79 122
74 80 179
74 81 144
74 82 38
74 83 39
74 84 99
74 85 178
74 86 34
74 87 253
74 88 83
74 89 264
74 90 216
74 91 177
74 92 174
74 93 193
74 94 108
74 95 154
74 96 100
74 97 137
74 98 5
74 99 171
74 100 101
75 76 256
75 77 113
75 78 297
75 79 298
75 80 254
75 81 279
75 82 28
75 83 163
75 84 272
75 85 97
75 86 188
75 87 253
75 88 262
75 89 293
75 90 63
75 91 187
75 92 172
75 93 259
75 94 150
75 95 181
75 96 140
75 97 246
75 98 156
75 99 83
75 100 11
76 77 23
76 78 34
76 79 107
76 80 147
76 81 155
76 82 286
76 83 37
76 84 154
76 85 265
76 86 63
76 87 280
76 88 196
76 89 289
76 90 234
76 91 236
76 92 86
76 93 203
76 94 69
76 95 199
76 96 160
76 97 60
76 98 210
76 99 94
76 100 215
77 78 221
77 79 291
77 80 225
77 81 225
77 82 218
77 83 132
77 84 205
77 85 192
77 86 259
77 87 148
77 88 148
77 89 44
77 90 227
77 91 178
77 92 226
77 93 89
77 94 13
77 95 13
77 96 250
77 97 275
77 98 270
77 99 84
77 100 107
78 79 223
78 80 120
78 81 49
78 82 13
78 83 117
78 84 231
78 85 164
78 86 111
78 87 172
78 88 285
78 89 49
78 90 157
78 91 299
78 92 40
78 93 79
78 94 14
78 95 95
78 96 184
78 97 259
78 98 28
78 99 55
78 100 107
79 80 111
79 81 291
79 82 147
79 83 251
79 84 278
79 85 160
79 86 39
79 87 216
79 88 254
79 89 244
79 90 237
79 91 144
79 92 107
79 93 121
79 94 133
79 95 30
79 96 148
79 97 267
79 98 38
79 99 179
79 100 22
80 81 36
80 82 174
80 83 298
80 84 297
80 85 283
80 86 78
80 87 108
80 88 128
80 89 283
80 90 20
80 91 239
80 92 159
80 93 64
80 94 41
80 95 118
80 96 108
80 97 82
80 98 136
80 99 146
80 100 238
81 82 49
81 83 250
81 84 189
81 85 102
81 86 7
81 87 169
81 88 269
81 89 180
81 90 224
81 91 184
81 92 33
81 93 2
81 94 162
81 95 43
81 96 0
81 97 192
81 98 258
81 99 252
81 100 0
82 83 135
82 84 19
82 85 45
82 86 11
82 87 134
82 88 158
82 89 81
82 90 141
82 91 251
82 92 234
82 93 182
82 94 212
82 95 96
82 96 29
82 97 90
82 98 129
82 99 108
82 100 218
83 84 18
83 85 222
83 86 268
83 87 225
83 88 238
83 89 132
83 90 256
83 91 117
83 92 64
83 93 105
83 94 118
83 95 133
83 96 54
83 97 182
83 98 230
83 99 160
83 100 287
84 85 139
84 86 231
84 87 223
84 88 98
84 89 292
84 90 261
84 91 125
84 92 146
84 93 244
84 94 295
84 95 148
84 96 12
84 97 79
84 98 73
84 99 225
84 100 277
85 86 35
85 87 199
85 88 255
85 89 270
85 90 51
85 91 253
85 92 255
85 93 216
85 94 96
85 95 90
85 96 189
85 97 6
85 98 262
85 99 197
85 100 18
86 87 182
86 88 250
86 89 117
86 90 299
86 91 99
86 92 268
86 93 36
86 94 279
86 95 98
86 96 30
86 97 222
86 98 284
86 99 206
86 100 46
87 88 293
87 89 38
87 90 194
87 91 66
87 92 2
87 93 254
87 94 162
87 95 80
87 96 256
87 97 234
87 98 98
87 99 140
87 100 221
88 89 113
88 90 45
88 91 203
88 92 179
88 93 41
88 94 283
88 95 158
88 96 36
88 97 36
88 98 53
88 99 235
88 100 224
89 90 224
89 91 84
89 92 170
89 93 104
89 94 160
89 95 165
89 96 253
89 97 8
89 98 145
89 99 238
89 100 92
90 91 77
90 92 192
90 93 217
90 94 87
90 95 195
90 96 34
90 97 34
90 98 171
90 99 289
90 100 299
91 92 115
91 93 132
91 94 243
91 95 293
91 96 54
91 97 132
91 98 242
91 99 76
91 100 109
92 93 164
92 94 197
92 95 216
92 96 221
92 97 149
92 98 80
92 99 45
92 100 76
93 94 63
93 95 145
93 96 195
93 97 190
93 98 95
93 99 18
93 100 172
94 95 53
94 96 53
94 97 119
94 98 148
94 99 60
94 100 275
95 96 223
95 97 185
95 98 261
95 99 133
95 100 198
96 97 238
96 98 97
96 99 71
96 100 238
97 98 142
97 99 42
97 100 252
98 99 110
98 100 1
99 100 211
