100 4950
1 2 191
1 3 80
1 4 91
1 5 269
1 6 161
1 7 71
1 8 280
1 9 109
1 10 92
1 11 176
1 12 253
1 13 236
1 14 125
1 15 34
1 16 140
1 17 37
1 18 231
1 19 81
1 20 91
1 21 145
1 22 67
1 23 171
1 24 242
1 25 192
1 26 125
1 27 79
1 28 96
1 29 23
1 30 89
1 31 138
1 32 27
1 33 245
1 34 142
1 35 263
1 36 168
1 37 283
1 38 248
1 39 223
1 40 133
1 41 181
1 42 178
1 43 227
1 44 187
1 45 1
1 46 131
1 47 215
1 48 68
1 49 114
1 50 160
1 51 275
1 52 90
1 53 273
1 54 43
1 55 18
1 56 48
1 57 138
1 58 110
1 59 160
1 60 40
1 61 264
1 62 75
1 63 72
1 64 19
1 65 224
1 66 84
1 67 38
1 68 34
1 69 119
1 70 287
1 71 244
1 72 118
1 73 132
1 74 141
1 75 185
1 76 252
1 77 90
1 78 118
1 79 148
1 80 145
1 81 132
1 82 149
1 83 6
1 84 241
1 85 65
1 86 167
1 87 100
1 88 261
1 89 293
1 90 91
1 91 93
1 92 252
1 93 178
1 94 125
1 95 111
1 96 215
1 97 10
1 98 64
1 99 208
1 100 215
2 3 43
2 4 140
2 5 34
2 6 132
2 7 236
2 8 156
2 9 17
2 10 241
2 11 172
2 12 225
2 13 35
2 14 254
2 15 147
2 16 176
2 17 107
2 18 15
2 19 32
2 20 152
2 21 43
2 22 275
2 23 215
2 24 73
2 25 263
2 26 141
2 27 76
2 28 125
2 29 114
2 30 185
2 31 42
2 32 42
2 33 17
2 34 118
2 35 213
2 36 299
2 37 222
2 38 241
2 39 209
2 40 91
2 41 166
2 42 252
2 43 246
2 44 286
2 45 120
2 46 114
2 47 47
2 48 59
2 49 227
2 50 84
2 51 283
2 52 260
2 53 5
2 54 193
2 55 108
2 56 249
2 57 248
2 58 245
2 59 226
2 60 0
2 61 263
2 62 193
2 63 176
2 64 127
2 65 206
2 66 177
2 67 194
2 68 66
2 69 122
2 70 246
2 71 35
2 72 289
2 73 138
2 74 43
2 75 48
2 76 256
2 77 289
2 78 120
2 79 24
2 80 157
2 81 45
2 82 78
2 83 193
2 84 265
2 85 231
2 86 261
2 87 176
2 88 233
2 89 63
2 90 58
2 91 163
2 92 13
2 93 78
2 94 97
2 95 36
2 96 51
2 97 279
2 98 43
2 99 248
2 100 154
3 4 30
3 5 235
3 6 235
3 7 3
3 8 46
3 9 208
3 10 227
3 11 233
3 12 257
3 13 116
3 14 154
3 15 261
3 16 161
3 17 238
3 18 127
3 19 29
3 20 226
3 21 132
3 22 151
3 23 205
3 24 116
3 25 15
3 26 225
3 27 186
3 28 69
3 29 235
3 30 168
3 31 234
3 32 22
3 33 164
3 34 187
3 35 50
3 36 107
3 37 224
3 38 89
3 39 157
3 40 281
3 41 197
3 42 51
3 43 182
3 44 273
3 45 237
3 46 228
3 47 258
3 48 8
3 49 176
3 50 182
3 51 241
3 52 103
3 53 265
3 54 212
3 55 292
3 56 59
3 57 211
3 58 232
3 59 126
3 60 157
3 61 75
3 62 244
3 63 186
3 64 159
3 65 58
3 66 82
3 67 258
3 68 290
3 69 245
3 70 65
3 71 28
3 72 52
3 73 228
3 74 190
3 75 77
3 76 102
3 77 112
3 78 189
3 79 192
3 80 181
3 81 170
3 82 62
3 83 12
3 84 290
3 85 267
3 86 211
3 87 172
3 88 154
3 89 145
3 90 32
3 91 111
3 92 147
3 93 284
3 94 216
3 95 225
3 96 196
3 97 134
3 98 246
3 99 85
3 100 41
4 5 68
4 6 55
4 7 233
4 8 101
4 9 58
4 10 216
4 11 213
4 12 238
4 13 241
4 14 209
4 15 238
4 16 17
4 17 156
4 18 231
4 19 12
4 20 235
4 21 8
4 22 59
4 23 133
4 24 251
4 25 267
4 26 106
4 27 281
4 28 175
4 29 209
4 30 31
4 31 94
4 32 186
4 33 72
4 34 98
4 35 112
4 36 13
4 37 231
4 38 14
4 39 277
4 40 8
4 41 244
4 42 34
4 43 287
4 44 5
4 45 228
4 46 108
4 47 5
4 48 119
4 49 141
4 50 37
4 51 200
4 52 125
4 53 105
4 54 222
4 55 116
4 56 58
4 57 182
4 58 175
4 59 248
4 60 30
4 61 206
4 62 229
4 63 237
4 64 266
4 65 276
4 66 13
4 67 3
4 68 266
4 69 154
4 70 199
4 71 19
4 72 132
4 73 194
4 74 112
4 75 156
4 76 68
4 77 204
4 78 67
4 79 114
4 80 100
4 81 294
4 82 173
4 83 225
4 84 195
4 85 7
4 86 113
4 87 16
4 88 136
4 89 130
4 90 161
4 91 166
4 92 71
4 93 156
4 94 142
4 95 213
4 96 291
4 97 269
4 98 99
4 99 103
4 100 229
5 6 116
5 7 29
5 8 285
5 9 163
5 10 132
5 11 270
5 12 262
5 13 132
5 14 228
5 15 9
5 16 203
5 17 280
5 18 59
5 19 0
5 20 85
5 21 194
5 22 162
5 23 139
5 24 112
5 25 151
5 26 174
5 27 44
5 28 47
5 29 296
5 30 219
5 31 86
5 32 52
5 33 167
5 34 48
5 35 146
5 36 204
5 37 230
5 38 283
5 39 8
5 40 53
5 41 106
5 42 254
5 43 279
5 44 147
5 45 251
5 46 225
5 47 53
5 48 206
5 49 175
5 50 58
5 51 13
5 52 136
5 53 19
5 54 54
5 55 199
5 56 54
5 57 130
5 58 122
5 59 211
5 60 218
5 61 42
5 62 198
5 63 170
5 64 115
5 65 267
5 66 252
5 67 43
5 68 165
5 69 10
5 70 285
5 71 290
5 72 55
5 73 248
5 74 184
5 75 77
5 76 287
5 77 211
5 78 111
5 79 124
5 80 83
5 81 196
5 82 181
5 83 285
5 84 61
5 85 14
5 86 37
5 87 76
5 88 131
5 89 205
5 90 68
5 91 234
5 92 288
5 93 40
5 94 75
5 95 223
5 96 139
5 97 139
5 98 260
5 99 172
5 100 101
6 7 220
6 8 10
6 9 218
6 10 20
6 11 131
6 12 200
6 13 58
6 14 137
6 15 62
6 16 207
6 17 30
6 18 64
6 19 127
6 20 155
6 21 109
6 22 249
6 23 162
6 24 253
6 25 12
6 26 297
6 27 97
6 28 174
6 29 178
6 30 118
6 31 228
6 32 227
6 33 112
6 34 248
6 35 21
6 36 257
6 37 138
6 38 161
6 39 174
6 40 29
6 41 285
6 42 268
6 43 291
6 44 180
6 45 178
6 46 16
6 47 150
6 48 206
6 49 197
6 50 10
6 51 111
6 52 58
6 53 156
6 54 233
6 55 249
6 56 74
6 57 234
6 58 117
6 59 7
6 60 240
6 61 142
6 62 238
6 63 88
6 64 294
6 65 70
6 66 65
6 67 120
6 68 167
6 69 71
6 70 122
6 71 153
6 72 169
6 73 13
6 74 12
6 75 33
6 76 110
6 77 244
6 78 23
6 79 236
6 80 236
6 81 35
6 82 81
6 83 215
6 84 171
6 85 258
6 86 62
6 87 9
6 88 156
6 89 10
6 90 32
6 91 234
6 92 30
6 93 186
6 94 128
6 95 52
6 96 158
6 97 97
6 98 6
6 99 126
6 100 242
7 8 296
7 9 205
7 10 22
7 11 30
7 12 165
7 13 21
7 14 35
7 15 33
7 16 137
7 17 28
7 18 45
7 19 267
7 20 199
7 21 240
7 22 226
7 23 169
7 24 299
7 25 297
7 26 147
7 27 149
7 28 192
7 29 206
7 30 284
7 31 217
7 32 270
7 33 7
7 34 75
7 35 137
7 36 266
7 37 8
7 38 194
7 39 54
7 40 3
7 41 233
7 42 167
7 43 140
7 44 188
7 45 14
7 46 30
7 47 141
7 48 297
7 49 241
7 50 126
7 51 286
7 52 168
7 53 128
7 54 45
7 55 191
7 56 52
7 57 24
7 58 157
7 59 27
7 60 149
7 61 11
7 62 63
7 63 8
7 64 130
7 65 265
7 66 74
7 67 157
7 68 98
7 69 58
7 70 37
7 71 295
7 72 124
7 73 278
7 74 96
7 75 215
7 76 253
7 77 74
7 78 12
7 79 108
7 80 149
7 81 43
7 82 73
7 83 205
7 84 96
7 85 34
7 86 155
7 87 63
7 88 229
7 89 282
7 90 262
7 91 216
7 92 162
7 93 210
7 94 161
7 95 116
7 96 213
7 97 55
7 98 48
7 99 136
7 100 15
8 9 221
8 10 137
8 11 168
8 12 134
8 13 127
8 14 89
8 15 185
8 16 70
8 17 202
8 18 165
8 19 261
8 20 1
8 21 184
8 22 211
8 23 180
8 24 71
8 25 157
8 26 100
8 27 285
8 28 129
8 29 47
8 30 295
8 31 4
8 32 203
8 33 21
8 34 118
8 35 246
8 36 152
8 37 149
8 38 219
8 39 75
8 40 62
8 41 4
8 42 89
8 43 78
8 44 204
8 45 167
8 46 108
8 47 94
8 48 256
8 49 131
8 50 282
8 51 84
8 52 7
8 53 159
8 54 256
8 55 88
8 56 33
8 57 113
8 58 167
8 59 133
8 60 297
8 61 174
8 62 196
8 63 261
8 64 136
8 65 247
8 66 186
8 67 37
8 68 49
8 69 219
8 70 238
8 71 47
8 72 208
8 73 198
8 74 111
8 75 287
8 76 251
8 77 187
8 78 10
8 79 233
8 80 52
8 81 87
8 82 209
8 83 112
8 84 20
8 85 173
8 86 200
8 87 223
8 88 274
8 89 233
8 90 115
8 91 144
8 92 23
8 93 162
8 94 287
8 95 130
8 96 71
8 97 81
8 98 263
8 99 3
8 100 163
9 10 33
9 11 13
9 12 125
9 13 55
9 14 75
9 15 1
9 16 250
9 17 143
9 18 119
9 19 48
9 20 258
9 21 207
9 22 282
9 23 34
9 24 3
9 25 11
9 26 206
9 27 168
9 28 18
9 29 33
9 30 14
9 31 193
9 32 101
9 33 290
9 34 48
9 35 268
9 36 277
9 37 90
9 38 111
9 39 261
9 40 81
9 41 35
9 42 40
9 43 253
9 44 298
9 45 275
9 46 241
9 47 222
9 48 241
9 49 35
9 50 54
9 51 281
9 52 6
9 53 295
9 54 230
9 55 105
9 56 138
9 57 187
9 58 147
9 59 78
9 60 72
9 61 36
9 62 179
9 63 157
9 64 112
9 65 178
9 66 56
9 67 140
9 68 282
9 69 247
9 70 299
9 71 192
9 72 49
9 73 122
9 74 117
9 75 139
9 76 263
9 77 150
9 78 79
9 79 109
9 80 243
9 81 157
9 82 28
9 83 103
9 84 146
9 85 50
9 86 1
9 87 190
9 88 20
9 89 17
9 90 269
9 91 206
9 92 112
9 93 37
9 94 140
9 95 162
9 96 102
9 97 211
9 98 157
9 99 142
9 100 91
10 11 136
10 12 84
10 13 176
10 14 226
10 15 234
10 16 212
10 17 154
10 18 170
10 19 139
10 20 149
10 21 251
10 22 153
10 23 235
10 24 20
10 25 209
10 26 76
10 27 261
10 28 121
10 29 125
10 30 248
10 31 75
10 32 153
10 33 278
10 34 282
10 35 102
10 36 267
10 37 209
10 38 281
10 39 126
10 40 97
10 41 183
10 42 23
10 43 170
10 44 275
10 45 50
10 46 163
10 47 96
10 48 140
10 49 124
10 50 232
10 51 171
10 52 191
10 53 20
10 54 153
10 55 71
10 56 212
10 57 4
10 58 81
10 59 291
10 60 103
10 61 40
10 62 224
10 63 124
10 64 55
10 65 13
10 66 228
10 67 56
10 68 206
10 69 78
10 70 79
10 71 202
10 72 109
10 73 234
10 74 59
10 75 165
10 76 47
10 77 193
10 78 110
10 79 151
10 80 142
10 81 284
10 82 202
10 83 28
10 84 48
10 85 109
10 86 281
10 87 134
10 88 81
10 89 119
10 90 5
10 91 147
10 92 139
10 93 131
10 94 16
10 95 29
10 96 35
10 97 209
10 98 187
10 99 268
10 100 114
11 12 260
11 13 132
11 14 226
11 15 86
11 16 210
11 17 297
11 18 258
11 19 222
11 20 104
11 21 122
11 22 227
11 23 264
11 24 211
11 25 231
11 26 99
11 27 121
11 28 118
11 29 57
11 30 219
11 31 155
11 32 276
11 33 112
11 34 281
11 35 8
11 36 244
11 37 27
11 38 45
11 39 254
11 40 231
11 41 271
11 42 295
11 43 263
11 44 116
11 45 134
11 46 37
11 47 16
11 48 145
11 49 20
11 50 89
11 51 209
11 52 243
11 53 155
11 54 296
11 55 161
11 56 144
11 57 62
11 58 37
11 59 113
11 60 222
11 61 298
11 62 8
11 63 5
11 64 75
11 65 79
11 66 146
11 67 85
11 68 69
11 69 95
11 70 40
11 71 172
11 72 154
11 73 258
11 74 31
11 75 122
11 76 159
11 77 199
11 78 84
11 79 109
11 80 291
11 81 287
11 82 77
11 83 69
11 84 150
11 85 38
11 86 124
11 87 277
11 88 228
11 89 250
11 90 153
11 91 60
11 92 11
11 93 294
11 94 284
11 95 140
11 96 72
11 97 234
11 98 156
11 99 97
11 100 92
12 13 264
12 14 71
12 15 181
12 16 259
12 17 266
12 18 118
12 19 105
12 20 198
12 21 222
12 22 225
12 23 291
12 24 37
12 25 253
12 26 184
12 27 280
12 28 251
12 29 221
12 30 245
12 31 68
12 32 110
12 33 180
12 34 25
12 35 215
12 36 67
12 37 276
12 38 156
12 39 162
12 40 258
12 41 45
12 42 52
12 43 227
12 44 108
12 45 205
12 46 241
12 47 83
12 48 172
12 49 165
12 50 37
12 51 196
12 52 46
12 53 108
12 54 285
12 55 7
12 56 66
12 57 173
12 58 192
12 59 283
12 60 215
12 61 202
12 62 238
12 63 44
12 64 189
12 65 31
12 66 67
12 67 58
12 68 154
12 69 109
12 70 51
12 71 263
12 72 153
12 73 270
12 74 57
12 75 219
12 76 142
12 77 104
12 78 276
12 79 216
12 80 150
12 81 63
12 82 106
12 83 27
12 84 241
12 85 86
12 86 244
12 87 168
12 88 194
12 89 231
12 90 99
12 91 204
12 92 227
12 93 128
12 94 258
12 95 282
12 96 186
12 97 154
12 98 79
12 99 177
12 100 297
13 14 191
13 15 19
13 16 146
13 17 113
13 18 34
13 19 143
13 20 208
13 21 144
13 22 124
13 23 92
13 24 196
13 25 118
13 26 34
13 27 148
13 28 120
13 29 154
13 30 199
13 31 240
13 32 151
13 33 73
13 34 228
13 35 54
13 36 47
13 37 192
13 38 113
13 39 99
13 40 74
13 41 181
13 42 238
13 43 81
13 44 243
13 45 16
13 46 122
13 47 289
13 48 58
13 49 218
13 50 43
13 51 39
13 52 280
13 53 77
13 54 144
13 55 299
13 56 144
13 57 299
13 58 95
13 59 129
13 60 288
13 61 163
13 62 271
13 63 202
13 64 103
13 65 184
13 66 9
13 67 4
13 68 26
13 69 203
13 70 46
13 71 50
13 72 177
13 73 120
13 74 227
13 75 158
13 76 176
13 77 296
13 78 195
13 79 164
13 80 64
13 81 145
13 82 50
13 83 206
13 84 247
13 85 32
13 86 245
13 87 103
13 88 173
13 89 75
13 90 59
13 91 286
13 92 176
13 93 262
13 94 71
13 95 211
13 96 212
13 97 247
13 98 206
13 99 19
13 100 238
14 15 257
14 16 95
14 17 173
14 18 278
14 19 63
14 20 26
14 21 66
14 22 48
14 23 281
14 24 15
14 25 298
14 26 17
14 27 119
14 28 197
14 29 8
14 30 71
14 31 204
14 32 119
14 33 166
14 34 33
14 35 4
14 36 192
14 37 95
14 38 113
14 39 200
14 40 102
14 41 279
14 42 275
14 43 18
14 44 147
14 45 44
14 46 138
14 47 186
14 48 131
14 49 169
14 50 227
14 51 228
14 52 61
14 53 274
14 54 21
14 55 115
14 56 290
14 57 253
14 58 225
14 59 26
14 60 163
14 61 21
14 62 196
14 63 234
14 64 92
14 65 237
14 66 98
14 67 194
14 68 72
14 69 222
14 70 66
14 71 150
14 72 62
14 73 187
14 74 125
14 75 104
14 76 189
14 77 47
14 78 123
14 79 255
14 80 52
14 81 57
14 82 224
14 83 158
14 84 131
14 85 236
14 86 109
14 87 244
14 88 104
14 89 205
14 90 208
14 91 263
14 92 121
14 93 192
14 94 236
14 95 75
14 96 193
14 97 142
14 98 68
14 99 98
14 100 264
15 16 49
15 17 240
15 18 139
15 19 141
15 20 187
15 21 169
15 22 119
15 23 273
15 24 260
15 25 297
15 26 79
15 27 19
15 28 172
15 29 40
15 30 150
15 31 174
15 32 138
15 33 106
15 34 176
15 35 142
15 36 70
15 37 137
15 38 63
15 39 72
15 40 282
15 41 182
15 42 23
15 43 169
15 44 297
15 45 284
15 46 172
15 47 138
15 48 246
15 49 83
15 50 207
15 51 212
15 52 75
15 53 252
15 54 35
15 55 220
15 56 53
15 57 116
15 58 78
15 59 107
15 60 106
15 61 287
15 62 161
15 63 268
15 64 5
15 65 68
15 66 24
15 67 106
15 68 143
15 69 180
15 70 174
15 71 235
15 72 233
15 73 170
15 74 97
15 75 281
15 76 94
15 77 4
15 78 234
15 79 136
15 80 55
15 81 290
15 82 31
15 83 71
15 84 37
15 85 26
15 86 31
15 87 113
15 88 252
15 89 24
15 90 84
15 91 67
15 92 16
15 93 3
15 94 168
15 95 88
15 96 205
15 97 208
15 98 296
15 99 198
15 100 292
16 17 150
16 18 101
16 19 61
16 20 212
16 21 52
16 22 259
16 23 46
16 24 232
16 25 210
16 26 49
16 27 163
16 28 158
16 29 50
16 30 110
16 31 165
16 32 266
16 33 262
16 34 172
16 35 250
16 36 253
16 37 56
16 38 121
16 39 128
16 40 121
16 41 249
16 42 206
16 43 289
16 44 283
16 45 182
16 46 299
16 47 103
16 48 283
16 49 212
16 50 290
16 51 220
16 52 256
16 53 292
16 54 132
16 55 185
16 56 99
16 57 55
16 58 118
16 59 246
16 60 59
16 61 58
16 62 146
16 63 32
16 64 222
16 65 183
16 66 154
16 67 144
16 68 20
16 69 79
16 70 57
16 71 53
16 72 202
16 73 14
16 74 149
16 75 148
16 76 142
16 77 87
16 78 91
16 79 23
16 80 156
16 81 187
16 82 3
16 83 187
16 84 117
16 85 169
16 86 142
16 87 50
16 88 215
16 89 32
16 90 59
16 91 57
16 92 179
16 93 285
16 94 195
16 95 280
16 96 241
16 97 195
16 98 248
16 99 281
16 100 37
17 18 260
17 19 241
17 20 255
17 21 101
17 22 196
17 23 178
17 24 82
17 25 17
17 26 160
17 27 114
17 28 272
17 29 281
17 30 107
17 31 280
17 32 243
17 33 278
17 34 87
17 35 296
17 36 59
17 37 99
17 38 182
17 39 185
17 40 267
17 41 153
17 42 255
17 43 246
17 44 244
17 45 239
17 46 32
17 47 57
17 48 24
17 49 282
17 50 136
17 51 2
17 52 137
17 53 36
17 54 255
17 55 228
17 56 52
17 57 113
17 58 249
17 59 190
17 60 209
17 61 46
17 62 88
17 63 241
17 64 165
17 65 184
17 66 206
17 67 207
17 68 83
17 69 56
17 70 220
17 71 133
17 72 66
17 73 12
17 74 275
17 75 165
17 76 210
17 77 179
17 78 62
17 79 108
17 80 148
17 81 224
17 82 143
17 83 6
17 84 61
17 85 50
17 86 20
17 87 34
17 88 111
17 89 109
17 90 273
17 91 99
17 92 254
17 93 207
17 94 232
17 95 176
17 96 236
17 97 260
17 98 177
17 99 241
17 100 262
18 19 163
18 20 227
18 21 165
18 22 116
18 23 288
18 24 124
18 25 177
18 26 181
18 27 89
18 28 283
18 29 130
18 30 288
18 31 150
18 32 147
18 33 80
18 34 48
18 35 283
18 36 172
18 37 127
18 38 230
18 39 139
18 40 9
18 41 261
18 42 291
18 43 108
18 44 92
18 45 19
18 46 138
18 47 54
18 48 277
18 49 11
18 50 134
18 51 14
18 52 262
18 53 136
18 54 269
18 55 62
18 56 194
18 57 40
18 58 10
18 59 59
18 60 251
18 61 18
18 62 213
18 63 35
18 64 179
18 65 151
18 66 249
18 67 207
18 68 134
18 69 184
18 70 84
18 71 228
18 72 197
18 73 35
18 74 12
18 75 237
18 76 259
18 77 86
18 78 251
18 79 150
18 80 286
18 81 174
18 82 187
18 83 2
18 84 81
18 85 222
18 86 65
18 87 0
18 88 99
18 89 94
18 90 130
18 91 175
18 92 131
18 93 291
18 94 194
18 95 210
18 96 140
18 97 194
18 98 260
18 99 47
18 100 112
19 20 217
19 21 3
19 22 255
19 23 53
19 24 282
19 25 155
19 26 290
19 27 57
19 28 130
19 29 247
19 30 85
19 31 292
19 32 136
19 33 207
19 34 69
19 35 149
19 36 167
19 37 190
19 38 270
19 39 160
19 40 176
19 41 220
19 42 260
19 43 130
19 44 103
19 45 161
19 46 154
19 47 77
19 48 209
19 49 214
19 50 188
19 51 225
19 52 99
19 53 158
19 54 191
19 55 269
19 56 237
19 57 215
19 58 280
19 59 13
19 60 56
19 61 8
19 62 174
19 63 6
19 64 208
19 65 47
19 66 261
19 67 217
19 68 299
19 69 47
19 70 289
19 71 30
19 72 4
19 73 207
19 74 124
19 75 238
19 76 291
19 77 217
19 78 35
19 79 213
19 80 281
19 81 54
19 82 13
19 83 230
19 84 169
19 85 104
19 86 124
19 87 172
19 88 56
19 89 123
19 90 259
19 91 17
19 92 272
19 93 284
19 94 19
19 95 7
19 96 205
19 97 259
19 98 53
19 99 141
19 100 84
20 21 141
20 22 42
20 23 263
20 24 139
20 25 241
20 26 147
20 27 56
20 28 179
20 29 282
20 30 209
20 31 71
20 32 29
20 33 262
20 34 85
20 35 123
20 36 23
20 37 93
20 38 167
20 39 253
20 40 103
20 41 197
20 42 28
20 43 63
20 44 165
20 45 296
20 46 78
20 47 205
20 48 235
20 49 78
20 50 228
20 51 259
20 52 68
20 53 285
20 54 272
20 55 181
20 56 227
20 57 269
20 58 168
20 59 295
20 60 229
20 61 240
20 62 134
20 63 20
20 64 227
20 65 38
20 66 254
20 67 54
20 68 16
20 69 252
20 70 42
20 71 156
20 72 296
20 73 199
20 74 244
20 75 228
20 76 95
20 77 197
20 78 173
20 79 29
20 80 220
20 81 169
20 82 44
20 83 65
20 84 226
20 85 111
20 86 229
20 87 93
20 88 210
20 89 91
20 90 25
20 91 7
20 92 5
20 93 287
20 94 195
20 95 186
20 96 133
20 97 148
20 98 157
20 99 40
20 100 297
21 22 79
21 23 229
21 24 127
21 25 294
21 26 100
21 27 170
21 28 165
21 29 23
21 30 109
21 31 69
21 32 292
21 33 16
21 34 262
21 35 27
21 36 244
21 37 5
21 38 285
21 39 284
21 40 124
21 41 61
21 42 273
21 43 72
21 44 81
21 45 117
21 46 116
21 47 18
21 48 33
21 49 295
21 50 131
21 51 272
21 52 291
21 53 119
21 54 47
21 55 75
21 56 225
21 57 118
21 58 129
21 59 286
21 60 48
21 61 107
21 62 90
21 63 61
21 64 284
21 65 288
21 66 128
21 67 205
21 68 206
21 69 284
21 70 224
21 71 209
21 72 270
21 73 78
21 74 186
21 75 41
21 76 98
21 77 26
21 78 32
21 79 146
21 80 141
21 81 119
21 82 5
21 83 11
21 84 41
21 85 62
21 86 234
21 87 299
21 88 143
21 89 296
21 90 152
21 91 70
21 92 242
21 93 262
21 94 108
21 95 52
21 96 279
21 97 106
21 98 47
21 99 286
21 100 129
22 23 3
22 24 244
22 25 13
22 26 53
22 27 50
22 28 50
22 29 82
22 30 173
22 31 188
22 32 168
22 33 285
22 34 6
22 35 11
22 36 133
22 37 265
22 38 140
22 39 76
22 40 114
22 41 22
22 42 55
22 43 242
22 44 190
22 45 147
22 46 158
22 47 136
22 48 212
22 49 274
22 50 265
22 51 177
22 52 299
22 53 33
22 54 111
22 55 201
22 56 0
22 57 44
22 58 293
22 59 10
22 60 25
22 61 66
22 62 54
22 63 298
22 64 185
22 65 188
22 66 136
22 67 3
22 68 95
22 69 175
22 70 46
22 71 13
22 72 9
22 73 109
22 74 37
22 75 9
22 76 103
22 77 244
22 78 124
22 79 25
22 80 0
22 81 35
22 82 198
22 83 51
22 84 71
22 85 109
22 86 218
22 87 292
22 88 8
22 89 30
22 90 230
22 91 98
22 92 94
22 93 115
22 94 82
22 95 238
22 96 219
22 97 213
22 98 214
22 99 153
22 100 203
23 24 221
23 25 298
23 26 159
23 27 286
23 28 203
23 29 30
23 30 121
23 31 59
23 32 284
23 33 152
23 34 219
23 35 167
23 36 29
23 37 219
23 38 14
23 39 63
23 40 104
23 41 168
23 42 225
23 43 248
23 44 103
23 45 295
23 46 212
23 47 191
23 48 119
23 49 66
23 50 234
23 51 155
23 52 227
23 53 21
23 54 60
23 55 131
23 56 51
23 57 100
23 58 283
23 59 254
23 60 248
23 61 110
23 62 203
23 63 102
23 64 86
23 65 155
23 66 227
23 67 196
23 68 120
23 69 204
23 70 237
23 71 72
23 72 179
23 73 69
23 74 129
23 75 146
23 76 115
23 77 221
23 78 287
23 79 58
23 80 150
23 81 258
23 82 74
23 83 277
23 84 296
23 85 245
23 86 244
23 87 194
23 88 66
23 89 100
23 90 88
23 91 175
23 92 208
23 93 194
23 94 208
23 95 151
23 96 109
23 97 16
23 98 8
23 99 8
23 100 171
24 25 268
24 26 70
24 27 260
24 28 21
24 29 4
24 30 50
24 31 222
24 32 151
24 33 241
24 34 275
24 35 69
24 36 220
24 37 152
24 38 132
24 39 210
24 40 136
24 41 145
24 42 116
24 43 188
24 44 45
24 45 26
24 46 262
24 47 9
24 48 272
24 49 8
24 50 133
24 51 126
24 52 246
24 53 86
24 54 244
24 55 247
24 56 177
24 57 166
24 58 229
24 59 84
24 60 90
24 61 215
24 62 184
24 63 39
24 64 13
24 65 208
24 66 106
24 67 213
24 68 4
24 69 154
24 70 114
24 71 224
24 72 198
24 73 193
24 74 292
24 75 226
24 76 215
24 77 25
24 78 129
24 79 18
24 80 115
24 81 288
24 82 263
24 83 114
24 84 100
24 85 28
24 86 170
24 87 181
24 88 45
24 89 216
24 90 126
24 91 26
24 92 63
24 93 247
24 94 28
24 95 97
24 96 76
24 97 24
24 98 291
24 99 54
24 100 30
25 26 233
25 27 201
25 28 295
25 29 181
25 30 190
25 31 213
25 32 36
25 33 54
25 34 261
25 35 215
25 36 135
25 37 73
25 38 79
25 39 257
25 40 155
25 41 275
25 42 9
25 43 288
25 44 287
25 45 217
25 46 279
25 47 254
25 48 232
25 49 101
25 50 232
25 51 199
25 52 205
25 53 117
25 54 274
25 55 10
25 56 180
25 57 166
25 58 159
25 59 66
25 60 265
25 61 293
25 62 103
25 63 186
25 64 257
25 65 2
25 66 286
25 67 253
25 68 292
25 69 275
25 70 16
25 71 96
25 72 59
25 73 36
25 74 205
25 75 288
25 76 78
25 77 102
25 78 108
25 79 198
25 80 139
25 81 150
25 82 105
25 83 264
25 84 1
25 85 165
25 86 203
25 87 249
25 88 90
25 89 170
25 90 271
25 91 126
25 92 230
25 93 159
25 94 257
25 95 132
25 96 272
25 97 269
25 98 37
25 99 193
25 100 226
26 27 141
26 28 248
26 29 268
26 30 164
26 31 264
26 32 22
26 33 47
26 34 179
26 35 81
26 36 160
26 37 102
26 38 202
26 39 112
26 40 96
26 41 56
26 42 296
26 43 152
26 44 245
26 45 49
26 46 1
26 47 76
26 48 119
26 49 240
26 50 58
26 51 240
26 52 118
26 53 102
26 54 10
26 55 247
26 56 34
26 57 275
26 58 62
26 59 151
26 60 191
26 61 232
26 62 44
26 63 140
26 64 271
26 65 130
26 66 267
26 67 126
26 68 181
26 69 48
26 70 195
26 71 130
26 72 115
26 73 106
26 74 100
26 75 85
26 76 225
26 77 42
26 78 239
26 79 268
26 80 30
26 81 263
26 82 249
26 83 199
26 84 280
26 85 196
26 86 88
26 87 185
26 88 262
26 89 60
26 90 281
26 91 65
26 92 245
26 93 19
26 94 215
26 95 74
26 96 219
26 97 285
26 98 233
26 99 108
26 100 215
27 28 73
27 29 201
27 30 68
27 31 237
27 32 81
27 33 144
27 34 65
27 35 193
27 36 125
27 37 169
27 38 159
27 39 177
27 40 23
27 41 226
27 42 96
27 43 127
27 44 197
27 45 252
27 46 247
27 47 124
27 48 285
27 49 274
27 50 95
27 51 103
27 52 296
27 53 184
27 54 65
27 55 231
27 56 234
27 57 92
27 58 215
27 59 246
27 60 73
27 61 262
27 62 67
27 63 125
27 64 33
27 65 157
27 66 35
27 67 195
27 68 16
27 69 48
27 70 63
27 71 295
27 72 247
27 73 233
27 74 145
27 75 18
27 76 250
27 77 185
27 78 191
27 79 144
27 80 71
27 81 276
27 82 135
27 83 75
27 84 118
27 85 3
27 86 123
27 87 47
27 88 55
27 89 230
27 90 297
27 91 253
27 92 2
27 93 188
27 94 161
27 95 80
27 96 275
27 97 293
27 98 229
27 99 67
27 100 114
28 29 135
28 30 211
28 31 295
28 32 120
28 33 78
28 34 155
28 35 271
28 36 34
28 37 197
28 38 94
28 39 194
28 40 245
28 41 234
28 42 169
28 43 20
28 44 33
28 45 102
28 46 244
28 47 196
28 48 93
28 49 297
28 50 72
28 51 118
28 52 251
28 53 1
28 54 153
28 55 262
28 56 236
28 57 144
28 58 282
28 59 141
28 60 295
28 61 34
28 62 4
28 63 211
28 64 113
28 65 85
28 66 267
28 67 178
28 68 259
28 69 187
28 70 217
28 71 99
28 72 94
28 73 42
28 74 192
28 75 104
28 76 135
28 77 277
28 78 160
28 79 49
28 80 37
28 81 277
28 82 272
28 83 165
28 84 232
28 85 42
28 86 151
28 87 138
28 88 220
28 89 77
28 90 158
28 91 247
28 92 44
28 93 271
28 94 150
28 95 119
28 96 13
28 97 217
28 98 128
28 99 273
28 100 284
29 30 241
29 31 10
29 32 5
29 33 213
29 34 273
29 35 113
29 36 46
29 37 63
29 38 231
29 39 28
29 40 176
29 41 293
29 42 299
29 43 109
29 44 9
29 45 139
29 46 152
29 47 85
29 48 163
29 49 210
29 50 142
29 51 106
29 52 33
29 53 20
29 54 162
29 55 197
29 56 29
29 57 70
29 58 171
29 59 233
29 60 103
29 61 121
29 62 277
29 63 62
29 64 204
29 65 17
29 66 226
29 67 95
29 68 210
29 69 208
29 70 30
29 71 225
29 72 77
29 73 138
29 74 124
29 75 224
29 76 38
29 77 203
29 78 205
29 79 230
29 80 17
29 81 23
29 82 152
29 83 288
29 84 39
29 85 117
29 86 184
29 87 227
29 88 21
29 89 127
29 90 53
29 91 265
29 92 63
29 93 287
29 94 27
29 95 238
29 96 29
29 97 261
29 98 8
29 99 184
29 100 168
30 31 119
30 32 143
30 33 73
30 34 286
30 35 16
30 36 87
30 37 88
30 38 139
30 39 45
30 40 163
30 41 280
30 42 182
30 43 201
30 44 39
30 45 114
30 46 179
30 47 126
30 48 184
30 49 22
30 50 93
30 51 190
30 52 194
30 53 291
30 54 283
30 55 6
30 56 118
30 57 89
30 58 115
30 59 66
30 60 182
30 61 9
30 62 53
30 63 18
30 64 38
30 65 265
30 66 12
30 67 124
30 68 282
30 69 228
30 70 162
30 71 296
30 72 171
30 73 178
30 74 61
30 75 175
30 76 110
30 77 117
30 78 54
30 79 51
30 80 242
30 81 133
30 82 173
30 83 100
30 84 244
30 85 173
30 86 261
30 87 147
30 88 10
30 89 111
30 90 78
30 91 164
30 92 66
30 93 184
30 94 24
30 95 220
30 96 11
30 97 247
30 98 73
30 99 253
30 100 27
31 32 124
31 33 10
31 34 96
31 35 266
31 36 102
31 37 213
31 38 149
31 39 206
31 40 100
31 41 47
31 42 228
31 43 283
31 44 221
31 45 255
31 46 157
31 47 253
31 48 18
31 49 11
31 50 30
31 51 94
31 52 84
31 53 140
31 54 182
31 55 172
31 56 267
31 57 35
31 58 277
31 59 2
31 60 153
31 61 239
31 62 103
31 63 8
31 64 134
31 65 123
31 66 235
31 67 286
31 68 136
31 69 292
31 70 159
31 71 52
31 72 203
31 73 6
31 74 156
31 75 78
31 76 123
31 77 40
31 78 29
31 79 26
31 80 261
31 81 94
31 82 250
31 83 103
31 84 237
31 85 0
31 86 298
31 87 149
31 88 284
31 89 266
31 90 252
31 91 228
31 92 80
31 93 88
31 94 97
31 95 275
31 96 129
31 97 83
31 98 171
31 99 196
31 100 137
32 33 172
32 34 113
32 35 176
32 36 171
32 37 271
32 38 16
32 39 213
32 40 298
32 41 288
32 42 83
32 43 98
32 44 80
32 45 118
32 46 281
32 47 107
32 48 190
32 49 115
32 50 57
32 51 82
32 52 299
32 53 133
32 54 84
32 55 124
32 56 143
32 57 175
32 58 103
32 59 138
32 60 146
32 61 31
32 62 228
32 63 132
32 64 118
32 65 296
32 66 33
32 67 20
32 68 76
32 69 67
32 70 24
32 71 93
32 72 271
32 73 182
32 74 194
32 75 126
32 76 90
32 77 156
32 78 266
32 79 77
32 80 221
32 81 242
32 82 10
32 83 83
32 84 130
32 85 280
32 86 298
32 87 83
32 88 135
32 89 109
32 90 233
32 91 182
32 92 117
32 93 257
32 94 285
32 95 27
32 96 196
32 97 77
32 98 3
32 99 141
32 100 105
33 34 30
33 35 191
33 36 35
33 37 0
33 38 150
33 39 36
33 40 250
33 41 23
33 42 105
33 43 259
33 44 175
33 45 200
33 46 299
33 47 288
33 48 249
33 49 147
33 50 147
33 51 253
33 52 59
33 53 95
33 54 247
33 55 56
33 56 249
33 57 132
33 58 161
33 59 26
33 60 258
33 61 30
33 62 91
33 63 247
33 64 282
33 65 20
33 66 126
33 67 43
33 68 287
33 69 223
33 70 259
33 71 285
33 72 198
33 73 27
33 74 225
33 75 193
33 76 192
33 77 16
33 78 57
33 79 62
33 80 239
33 81 40
33 82 289
33 83 71
33 84 185
33 85 72
33 86 10
33 87 276
33 88 37
33 89 128
33 90 123
33 91 291
33 92 271
33 93 149
33 94 33
33 95 120
33 96 168
33 97 79
33 98 39
33 99 6
33 100 19
34 35 284
34 36 158
34 37 82
34 38 238
34 39 157
34 40 298
34 41 283
34 42 250
34 43 209
34 44 207
34 45 290
34 46 136
34 47 262
34 48 284
34 49 166
34 50 134
34 51 127
34 52 69
34 53 148
34 54 46
34 55 298
34 56 126
34 57 148
34 58 156
34 59 160
34 60 268
34 61 127
34 62 160
34 63 27
34 64 80
34 65 294
34 66 254
34 67 26
34 68 89
34 69 126
34 70 67
34 71 179
34 72 3
34 73 255
34 74 84
34 75 3
34 76 27
34 77 186
34 78 126
34 79 252
34 80 136
34 81 257
34 82 207
34 83 201
34 84 108
34 85 206
34 86 201
34 87 123
34 88 75
34 89 222
34 90 230
34 91 241
34 92 161
34 93 124
34 94 172
34 95 253
34 96 133
34 97 209
34 98 194
34 99 250
34 100 160
35 36 103
35 37 255
35 38 16
35 39 104
35 40 160
35 41 204
35 42 272
35 43 223
35 44 32
35 45 220
35 46 140
35 47 283
35 48 104
35 49 241
35 50 153
35 51 183
35 52 262
35 53 64
35 54 135
35 55 11
35 56 126
35 57 167
35 58 289
35 59 149
35 60 154
35 61 258
35 62 208
35 63 142
35 64 46
35 65 190
35 66 229
35 67 216
35 68 55
35 69 172
35 70 148
35 71 191
35 72 230
35 73 274
35 74 236
35 75 201
35 76 286
35 77 89
35 78 229
35 79 89
35 80 289
35 81 24
35 82 35
35 83 277
35 84 188
35 85 188
35 86 39
35 87 275
35 88 103
35 89 73
35 90 198
35 91 138
35 92 153
35 93 97
35 94 3
35 95 149
35 96 188
35 97 219
35 98 192
35 99 234
35 100 204
36 37 191
36 38 34
36 39 84
36 40 295
36 41 113
36 42 147
36 43 10
36 44 269
36 45 53
36 46 119
36 47 156
36 48 179
36 49 135
36 50 238
36 51 137
36 52 41
36 53 213
36 54 108
36 55 254
36 56 148
36 57 12
36 58 181
36 59 207
36 60 22
36 61 110
36 62 33
36 63 245
36 64 42
36 65 188
36 66 259
36 67 159
36 68 16
36 69 94
36 70 247
36 71 284
36 72 87
36 73 9
36 74 267
36 75 92
36 76 55
36 77 111
36 78 228
36 79 91
36 80 187
36 81 137
36 82 71
36 83 188
36 84 107
36 85 25
36 86 61
36 87 95
36 88 247
36 89 283
36 90 224
36 91 84
36 92 251
36 93 146
36 94 124
36 95 46
36 96 89
36 97 1
36 98 61
36 99 42
36 100 277
37 38 24
37 39 22
37 40 258
37 41 190
37 42 31
37 43 165
37 44 280
37 45 228
37 46 186
37 47 29
37 48 292
37 49 132
37 50 299
37 51 197
37 52 296
37 53 43
37 54 278
37 55 10
37 56 25
37 57 79
37 58 42
37 59 272
37 60 211
37 61 254
37 62 205
37 63 66
37 64 281
37 65 185
37 66 63
37 67 140
37 68 150
37 69 123
37 70 160
37 71 21
37 72 126
37 73 283
37 74 271
37 75 146
37 76 184
37 77 105
37 78 146
37 79 227
37 80 138
37 81 148
37 82 38
37 83 173
37 84 88
37 85 38
37 86 188
37 87 269
37 88 121
37 89 250
37 90 61
37 91 83
37 92 22
37 93 298
37 94 8
37 95 148
37 96 170
37 97 18
37 98 55
37 99 299
37 100 274
38 39 110
38 40 26
38 41 226
38 42 22
38 43 61
38 44 161
38 45 123
38 46 279
38 47 75
38 48 92
38 49 94
38 50 20
38 51 166
38 52 271
38 53 51
38 54 265
38 55 182
38 56 70
38 57 133
38 58 30
38 59 79
38 60 203
38 61 134
38 62 286
38 63 102
38 64 216
38 65 107
38 66 143
38 67 194
38 68 261
38 69 62
38 70 278
38 71 109
38 72 95
38 73 299
38 74 58
38 75 130
38 76 56
38 77 7
38 78 43
38 79 6
38 80 191
38 81 20
38 82 269
38 83 259
38 84 239
38 85 208
38 86 155
38 87 146
38 88 227
38 89 30
38 90 183
38 91 172
38 92 283
38 93 275
38 94 249
38 95 292
38 96 123
38 97 169
38 98 55
38 99 47
38 100 188
39 40 28
39 41 32
39 42 47
39 43 79
39 44 202
39 45 49
39 46 101
39 47 241
39 48 130
39 49 137
39 50 160
39 51 239
39 52 6
39 53 298
39 54 261
39 55 90
39 56 270
39 57 239
39 58 195
39 59 209
39 60 36
39 61 186
39 62 107
39 63 188
39 64 264
39 65 185
39 66 100
39 67 139
39 68 123
39 69 63
39 70 94
39 71 270
39 72 48
39 73 88
39 74 237
39 75 252
39 76 117
39 77 180
39 78 278
39 79 101
39 80 140
39 81 116
39 82 25
39 83 97
39 84 207
39 85 167
39 86 264
39 87 160
39 88 153
39 89 196
39 90 209
39 91 296
39 92 250
39 93 60
39 94 23
39 95 182
39 96 8
39 97 135
39 98 191
39 99 190
39 100 204
40 41 216
40 42 94
40 43 64
40 44 191
40 45 16
40 46 19
40 47 110
40 48 99
40 49 72
40 50 203
40 51 274
40 52 269
40 53 220
40 54 150
40 55 44
40 56 98
40 57 208
40 58 76
40 59 284
40 60 221
40 61 168
40 62 76
40 63 215
40 64 226
40 65 184
40 66 240
40 67 195
40 68 78
40 69 205
40 70 247
40 71 110
40 72 199
40 73 152
40 74 175
40 75 159
40 76 293
40 77 111
40 78 75
40 79 250
40 80 193
40 81 196
40 82 138
40 83 115
40 84 152
40 85 37
40 86 39
40 87 152
40 88 210
40 89 222
40 90 46
40 91 175
40 92 98
40 93 119
40 94 100
40 95 70
40 96 11
40 97 105
40 98 135
40 99 18
40 100 125
41 42 263
41 43 87
41 44 36
41 45 189
41 46 109
41 47 147
41 48 170
41 49 72
41 50 96
41 51 96
41 52 262
41 53 19
41 54 32
41 55 204
41 56 201
41 57 261
41 58 251
41 59 266
41 60 54
41 61 117
41 62 2
41 63 267
41 64 229
41 65 164
41 66 224
41 67 181
41 68 94
41 69 228
41 70 96
41 71 59
41 72 49
41 73 71
41 74 246
41 75 199
41 76 272
41 77 75
41 78 214
41 79 142
41 80 153
41 81 226
41 82 245
41 83 255
41 84 20
41 85 27
41 86 25
41 87 36
41 88 253
41 89 273
41 90 16
41 91 29
41 92 81
41 93 297
41 94 81
41 95 260
41 96 7
41 97 77
41 98 162
41 99 184
41 100 7
42 43 146
42 44 163
42 45 215
42 46 104
42 47 242
42 48 241
42 49 149
42 50 250
42 51 154
42 52 19
42 53 183
42 54 90
42 55 19
42 56 5
42 57 56
42 58 147
42 59 196
42 60 229
42 61 254
42 62 112
42 63 143
42 64 169
42 65 212
42 66 139
42 67 51
42 68 267
42 69 168
42 70 142
42 71 33
42 72 109
42 73 166
42 74 113
42 75 104
42 76 89
42 77 231
42 78 111
42 79 245
42 80 191
42 81 133
42 82 158
42 83 141
42 84 60
42 85 54
42 86 188
42 87 233
42 88 124
42 89 214
42 90 203
42 91 181
42 92 18
42 93 76
42 94 52
42 95 34
42 96 216
42 97 79
42 98 130
42 99 281
42 100 125
43 44 208
43 45 70
43 46 142
43 47 133
43 48 43
43 49 13
43 50 23
43 51 132
43 52 39
43 53 297
43 54 155
43 55 59
43 56 193
43 57 152
43 58 246
43 59 128
43 60 83
43 61 50
43 62 205
43 63 53
43 64 275
43 65 41
43 66 108
43 67 259
43 68 99
43 69 66
43 70 206
43 71 228
43 72 168
43 73 35
43 74 171
43 75 36
43 76 169
43 77 253
43 78 0
43 79 51
43 80 7
43 81 48
43 82 193
43 83 94
43 84 22
43 85 61
43 86 262
43 87 154
43 88 223
43 89 294
43 90 233
43 91 169
43 92 111
43 93 15
43 94 104
43 95 286
43 96 265
43 97 142
43 98 33
43 99 137
43 100 106
44 45 135
44 46 222
44 47 146
44 48 152
44 49 256
44 50 231
44 51 282
44 52 246
44 53 108
44 54 71
44 55 285
44 56 156
44 57 137
44 58 66
44 59 15
44 60 198
44 61 249
44 62 211
44 63 166
44 64 49
44 65 182
44 66 123
44 67 261
44 68 48
44 69 88
44 70 1
44 71 233
44 72 99
44 73 142
44 74 31
44 75 87
44 76 277
44 77 160
44 78 115
44 79 182
44 80 100
44 81 104
44 82 23
44 83 158
44 84 58
44 85 9
44 86 154
44 87 17
44 88 205
44 89 287
44 90 70
44 91 277
44 92 198
44 93 198
44 94 139
44 95 233
44 96 100
44 97 71
44 98 216
44 99 44
44 100 203
45 46 27
45 47 30
45 48 284
45 49 177
45 50 199
45 51 187
45 52 283
45 53 159
45 54 155
45 55 213
45 56 209
45 57 229
45 58 240
45 59 253
45 60 210
45 61 172
45 62 250
45 63 123
45 64 39
45 65 296
45 66 2
45 67 246
45 68 144
45 69 218
45 70 89
45 71 206
45 72 126
45 73 204
45 74 127
45 75 261
45 76 13
45 77 58
45 78 3
45 79 201
45 80 106
45 81 132
45 82 118
45 83 57
45 84 271
45 85 136
45 86 37
45 87 36
45 88 63
45 89 44
45 90 160
45 91 26
45 92 174
45 93 114
45 94 137
45 95 267
45 96 144
45 97 213
45 98 48
45 99 260
45 100 255
46 47 62
46 48 85
46 49 282
46 50 151
46 51 173
46 52 94
46 53 59
46 54 275
46 55 127
46 56 266
46 57 3
46 58 199
46 59 212
46 60 38
46 61 292
46 62 217
46 63 62
46 64 98
46 65 177
46 66 213
46 67 39
46 68 60
46 69 149
46 70 206
46 71 232
46 72 287
46 73 125
46 74 293
46 75 210
46 76 104
46 77 272
46 78 164
46 79 222
46 80 222
46 81 109
46 82 278
46 83 163
46 84 16
46 85 262
46 86 227
46 87 200
46 88 21
46 89 42
46 90 101
46 91 180
46 92 134
46 93 164
46 94 256
46 95 156
46 96 297
46 97 72
46 98 80
46 99 64
46 100 23
47 48 212
47 49 270
47 50 15
47 51 39
47 52 269
47 53 37
47 54 227
47 55 110
47 56 59
47 57 96
47 58 211
47 59 28
47 60 126
47 61 6
47 62 207
47 63 214
47 64 289
47 65 23
47 66 11
47 67 18
47 68 145
47 69 145
47 70 187
47 71 12
47 72 292
47 73 109
47 74 106
47 75 30
47 76 15
47 77 196
47 78 35
47 79 275
47 80 238
47 81 102
47 82 34
47 83 18
47 84 96
47 85 117
47 86 164
47 87 252
47 88 56
47 89 103
47 90 70
47 91 109
47 92 87
47 93 49
47 94 27
47 95 270
47 96 148
47 97 12
47 98 220
47 99 89
47 100 226
48 49 117
48 50 4
48 51 180
48 52 232
48 53 291
48 54 83
48 55 68
48 56 222
48 57 20
48 58 36
48 59 85
48 60 297
48 61 244
48 62 204
48 63 88
48 64 0
48 65 286
48 66 92
48 67 86
48 68 230
48 69 225
48 70 273
48 71 134
48 72 16
48 73 116
48 74 143
48 75 112
48 76 296
48 77 280
48 78 155
48 79 38
48 80 295
48 81 52
48 82 110
48 83 290
48 84 217
48 85 46
48 86 203
48 87 109
48 88 183
48 89 274
48 90 273
48 91 106
48 92 10
48 93 154
48 94 190
48 95 5
48 96 231
48 97 297
48 98 116
48 99 47
48 100 119
49 50 46
49 51 37
49 52 124
49 53 128
49 54 169
49 55 224
49 56 282
49 57 42
49 58 151
49 59 72
49 60 297
49 61 37
49 62 66
49 63 207
49 64 37
49 65 229
49 66 70
49 67 211
49 68 56
49 69 274
49 70 41
49 71 223
49 72 190
49 73 61
49 74 47
49 75 18
49 76 118
49 77 284
49 78 197
49 79 173
49 80 183
49 81 255
49 82 154
49 83 73
49 84 94
49 85 274
49 86 0
49 87 17
49 88 275
49 89 69
49 90 130
49 91 238
49 92 273
49 93 277
49 94 157
49 95 188
49 96 29
49 97 37
49 98 275
49 99 121
49 100 292
50 51 164
50 52 21
50 53 183
50 54 42
50 55 282
50 56 146
50 57 67
50 58 13
50 59 190
50 60 227
50 61 43
50 62 92
50 63 1
50 64 244
50 65 121
50 66 292
50 67 99
50 68 20
50 69 195
50 70 88
50 71 147
50 72 45
50 73 195
50 74 25
50 75 90
50 76 19
50 77 80
50 78 6
50 79 190
50 80 16
50 81 253
50 82 73
50 83 149
50 84 28
50 85 219
50 86 227
50 87 104
50 88 141
50 89 284
50 90 254
50 91 108
50 92 291
50 93 140
50 94 160
50 95 198
50 96 167
50 97 266
50 98 36
50 99 282
50 100 62
51 52 18
51 53 14
51 54 34
51 55 49
51 56 163
51 57 202
51 58 147
51 59 119
51 60 243
51 61 108
51 62 109
51 63 134
51 64 228
51 65 105
51 66 252
51 67 72
51 68 97
51 69 57
51 70 21
51 71 87
51 72 222
51 73 179
51 74 123
51 75 84
51 76 79
51 77 70
51 78 176
51 79 107
51 80 257
51 81 165
51 82 107
51 83 85
51 84 12
51 85 267
51 86 29
51 87 89
51 88 171
51 89 156
51 90 245
51 91 154
51 92 34
51 93 260
51 94 217
51 95 104
51 96 101
51 97 94
51 98 52
51 99 132
51 100 132
52 53 11
52 54 176
52 55 155
52 56 251
52 57 167
52 58 150
52 59 296
52 60 193
52 61 135
52 62 161
52 63 208
52 64 191
52 65 54
52 66 238
52 67 158
52 68 168
52 69 240
52 70 4
52 71 95
52 72 50
52 73 147
52 74 265
52 75 247
52 76 183
52 77 96
52 78 7
52 79 113
52 80 140
52 81 283
52 82 5
52 83 100
52 84 190
52 85 233
52 86 3
52 87 110
52 88 73
52 89 149
52 90 80
52 91 225
52 92 258
52 93 187
52 94 47
52 95 238
52 96 267
52 97 186
52 98 39
52 99 260
52 100 280
53 54 86
53 55 165
53 56 8
53 57 43
53 58 184
53 59 263
53 60 21
53 61 199
53 62 254
53 63 276
53 64 33
53 65 53
53 66 260
53 67 161
53 68 291
53 69 112
53 70 4
53 71 244
53 72 278
53 73 45
53 74 183
53 75 244
53 76 39
53 77 129
53 78 157
53 79 233
53 80 225
53 81 109
53 82 65
53 83 189
53 84 252
53 85 38
53 86 157
53 87 203
53 88 122
53 89 245
53 90 160
53 91 225
53 92 241
53 93 211
53 94 211
53 95 139
53 96 133
53 97 3
53 98 190
53 99 242
53 100 25
54 55 218
54 56 88
54 57 292
54 58 167
54 59 223
54 60 181
54 61 72
54 62 49
54 63 249
54 64 75
54 65 201
54 66 139
54 67 283
54 68 174
54 69 205
54 70 131
54 71 142
54 72 244
54 73 262
54 74 150
54 75 78
54 76 213
54 77 154
54 78 74
54 79 19
54 80 7
54 81 0
54 82 38
54 83 208
54 84 275
54 85 228
54 86 58
54 87 211
54 88 174
54 89 125
54 90 121
54 91 107
54 92 80
54 93 280
54 94 265
54 95 119
54 96 81
54 97 20
54 98 236
54 99 176
54 100 206
55 56 28
55 57 178
55 58 177
55 59 22
55 60 72
55 61 108
55 62 278
55 63 64
55 64 17
55 65 104
55 66 244
55 67 236
55 68 38
55 69 167
55 70 237
55 71 223
55 72 201
55 73 215
55 74 269
55 75 76
55 76 254
55 77 115
55 78 37
55 79 146
55 80 17
55 81 185
55 82 226
55 83 136
55 84 30
55 85 77
55 86 154
55 87 75
55 88 237
55 89 282
55 90 74
55 91 19
55 92 159
55 93 112
55 94 39
55 95 224
55 96 48
55 97 42
55 98 81
55 99 220
55 100 64
56 57 22
56 58 109
56 59 199
56 60 252
56 61 77
56 62 144
56 63 219
56 64 136
56 65 297
56 66 294
56 67 12
56 68 61
56 69 157
56 70 36
56 71 114
56 72 283
56 73 73
56 74 159
56 75 267
56 76 13
56 77 155
56 78 290
56 79 20
56 80 25
56 81 129
56 82 56
56 83 240
56 84 95
56 85 204
56 86 73
56 87 136
56 88 38
56 89 284
56 90 183
56 91 21
56 92 150
56 93 241
56 94 49
56 95 108
56 96 161
56 97 28
56 98 273
56 99 254
56 100 141
57 58 256
57 59 115
57 60 150
57 61 273
57 62 145
57 63 240
57 64 210
57 65 286
57 66 56
57 67 149
57 68 157
57 69 173
57 70 163
57 71 284
57 72 234
57 73 41
57 74 77
57 75 82
57 76 229
57 77 35
57 78 239
57 79 233
57 80 166
57 81 61
57 82 100
57 83 181
57 84 174
57 85 37
57 86 274
57 87 77
57 88 181
57 89 19
57 90 171
57 91 134
57 92 18
57 93 200
57 94 28
57 95 166
57 96 188
57 97 138
57 98 120
57 99 69
57 100 217
58 59 130
58 60 256
58 61 276
58 62 142
58 63 173
58 64 162
58 65 253
58 66 116
58 67 99
58 68 228
58 69 21
58 70 178
58 71 296
58 72 19
58 73 59
58 74 144
58 75 21
58 76 26
58 77 277
58 78 266
58 79 195
58 80 118
58 81 148
58 82 270
58 83 12
58 84 99
58 85 3
58 86 228
58 87 127
58 88 225
58 89 269
58 90 273
58 91 65
58 92 58
58 93 62
58 94 123
58 95 238
58 96 3
58 97 264
58 98 206
58 99 124
58 100 83
59 60 114
59 61 54
59 62 87
59 63 113
59 64 250
59 65 84
59 66 266
59 67 97
59 68 147
59 69 103
59 70 196
59 71 257
59 72 235
59 73 37
59 74 263
59 75 74
59 76 159
59 77 102
59 78 216
59 79 135
59 80 211
59 81 17
59 82 92
59 83 293
59 84 65
59 85 66
59 86 48
59 87 1
59 88 235
59 89 117
59 90 2
59 91 240
59 92 210
59 93 106
59 94 72
59 95 184
59 96 122
59 97 76
59 98 90
59 99 182
59 100 204
60 61 57
60 62 197
60 63 192
60 64 46
60 65 232
60 66 217
60 67 180
60 68 264
60 69 77
60 70 104
60 71 292
60 72 175
60 73 234
60 74 217
60 75 154
60 76 276
60 77 228
60 78 182
60 79 107
60 80 124
60 81 32
60 82 242
60 83 73
60 84 79
60 85 177
60 86 78
60 87 217
60 88 285
60 89 255
60 90 104
60 91 51
60 92 103
60 93 276
60 94 237
60 95 241
60 96 186
60 97 277
60 98 229
60 99 131
60 100 193
61 62 290
61 63 170
61 64 213
61 65 74
61 66 260
61 67 157
61 68 107
61 69 163
61 70 3
61 71 28
61 72 167
61 73 290
61 74 243
61 75 178
61 76 192
61 77 275
61 78 182
61 79 213
61 80 126
61 81 294
61 82 40
61 83 183
61 84 164
61 85 101
61 86 66
61 87 298
61 88 132
61 89 70
61 90 57
61 91 238
61 92 106
61 93 269
61 94 116
61 95 175
61 96 138
61 97 286
61 98 149
61 99 127
61 100 193
62 63 8
62 64 41
62 65 123
62 66 176
62 67 221
62 68 281
62 69 170
62 70 296
62 71 259
62 72 97
62 73 274
62 74 94
62 75 200
62 76 155
62 77 248
62 78 224
62 79 252
62 80 290
62 81 217
62 82 200
62 83 243
62 84 139
62 85 199
62 86 153
62 87 94
62 88 243
62 89 12
62 90 114
62 91 118
62 92 82
62 93 196
62 94 182
62 95 10
62 96 49
62 97 56
62 98 213
62 99 146
62 100 185
63 64 30
63 65 234
63 66 120
63 67 65
63 68 12
63 69 20
63 70 64
63 71 61
63 72 212
63 73 231
63 74 259
63 75 13
63 76 231
63 77 196
63 78 181
63 79 190
63 80 132
63 81 117
63 82 297
63 83 206
63 84 81
63 85 15
63 86 147
63 87 101
63 88 97
63 89 265
63 90 162
63 91 216
63 92 131
63 93 5
63 94 171
63 95 223
63 96 149
63 97 79
63 98 221
63 99 120
63 100 128
64 65 270
64 66 259
64 67 273
64 68 219
64 69 92
64 70 141
64 71 282
64 72 138
64 73 69
64 74 128
64 75 16
64 76 172
64 77 266
64 78 224
64 79 172
64 80 86
64 81 60
64 82 60
64 83 66
64 84 95
64 85 122
64 86 186
64 87 0
64 88 157
64 89 283
64 90 182
64 91 173
64 92 151
64 93 200
64 94 217
64 95 168
64 96 99
64 97 193
64 98 262
64 99 216
64 100 244
65 66 158
65 67 283
65 68 15
65 69 161
65 70 22
65 71 280
65 72 128
65 73 181
65 74 291
65 75 127
65 76 168
65 77 267
65 78 267
65 79 33
65 80 207
65 81 253
65 82 69
65 83 258
65 84 130
65 85 182
65 86 140
65 87 16
65 88 85
65 89 27
65 90 286
65 91 125
65 92 127
65 93 262
65 94 280
65 95 148
65 96 267
65 97 48
65 98 144
65 99 267
65 100 225
66 67 272
66 68 274
66 69 225
66 70 44
66 71 24
66 72 43
66 73 248
66 74 149
66 75 258
66 76 155
66 77 179
66 78 21
66 79 79
66 80 78
66 81 217
66 82 28
66 83 128
66 84 180
66 85 217
66 86 58
66 87 201
66 88 54
66 89 122
66 90 132
66 91 258
66 92 93
66 93 201
66 94 44
66 95 179
66 96 217
66 97 105
66 98 128
66 99 253
66 100 290
67 68 173
67 69 204
67 70 277
67 71 41
67 72 27
67 73 132
67 74 283
67 75 38
67 76 143
67 77 156
67 78 72
67 79 265
67 80 105
67 81 123
67 82 16
67 83 26
67 84 262
67 85 256
67 86 158
67 87 26
67 88 107
67 89 241
67 90 56
67 91 265
67 92 190
67 93 212
67 94 49
67 95 187
67 96 58
67 97 39
67 98 159
67 99 291
67 100 78
68 69 39
68 70 124
68 71 233
68 72 211
68 73 6
68 74 62
68 75 170
68 76 98
68 77 187
68 78 222
68 79 9
68 80 191
68 81 122
68 82 179
68 83 297
68 84 73
68 85 297
68 86 292
68 87 37
68 88 134
68 89 17
68 90 114
68 91 62
68 92 277
68 93 135
68 94 77
68 95 43
68 96 268
68 97 199
68 98 101
68 99 53
68 100 289
69 70 13
69 71 32
69 72 228
69 73 15
69 74 162
69 75 226
69 76 230
69 77 171
69 78 14
69 79 117
69 80 154
69 81 170
69 82 242
69 83 219
69 84 10
69 85 47
69 86 12
69 87 156
69 88 41
69 89 126
69 90 262
69 91 249
69 92 172
69 93 246
69 94 61
69 95 158
69 96 175
69 97 138
69 98 99
69 99 266
69 100 210
70 71 26
70 72 270
70 73 219
70 74 209
70 75 83
70 76 63
70 77 140
70 78 105
70 79 22
70 80 100
70 81 141
70 82 129
70 83 6
70 84 214
70 85 156
70 86 65
70 87 23
70 88 260
70 89 54
70 90 98
70 91 204
70 92 114
70 93 244
70 94 266
70 95 193
70 96 276
70 97 225
70 98 137
70 99 38
70 100 236
71 72 204
71 73 45
71 74 154
71 75 56
71 76 91
71 77 147
71 78 99
71 79 292
71 80 0
71 81 242
71 82 38
71 83 250
71 84 147
71 85 94
71 86 229
71 87 18
71 88 49
71 89 45
71 90 47
71 91 274
71 92 144
71 93 116
71 94 107
71 95 86
71 96 157
71 97 150
71 98 18
71 99 30
71 100 251
72 73 36
72 74 263
72 75 78
72 76 62
72 77 125
72 78 6
72 79 126
72 80 17
72 81 113
72 82 280
72 83 202
72 84 126
72 85 296
72 86 283
72 87 167
72 88 166
72 89 151
72 90 97
72 91 3
72 92 82
72 93 142
72 94 165
72 95 277
72 96 233
72 97 240
72 98 25
72 99 243
72 100 74
73 74 208
73 75 289
73 76 218
73 77 288
73 78 85
73 79 169
73 80 189
73 81 257
73 82 100
73 83 277
73 84 57
73 85 275
73 86 260
73 87 99
73 88 46
73 89 84
73 90 228
73 91 243
73 92 31
73 93 175
73 94 149
73 95 73
73 96 149
73 97 76
73 98 285
73 99 141
73 100 99
74 75 20
74 76 230
74 77 132
74 78 202
74 79 283
74 80 63
74 81 195
74 82 58
74 83 222
74 84 214
74 85 292
74 86 203
74 87 165
74 88 105
74 89 91
74 90 17
74 91 294
74 92 35
74 93 32
74 94 142
74 95 93
74 96 185
74 97 194
74 98 189
74 99 158
74 100 34
75 76 96
75 77 256
75 78 29
75 79 184
75 80 5
75 81 29
75 82 290
75 83 177
75 84 54
75 85 78
75 86 32
75 87 185
75 88 84
75 89 200
75 90 94
75 91 3
75 92 245
75 93 4
75 94 290
75 95 246
75 96 216
75 97 286
75 98 233
75 99 187
75 100 295
76 77 153
76 78 283
76 79 77
76 80 47
76 81 186
76 82 14
76 83 5
76 84 262
76 85 147
76 86 271
76 87 158
76 88 49
76 89 52
76 90 132
76 91 207
76 92 212
76 93 63
76 94 267
76 95 66
76 96 65
76 97 128
76 98 206
76 99 40
76 100 132
77 78 269
77 79 131
77 80 169
77 81 66
77 82 154
77 83 87
77 84 134
77 85 293
77 86 20
77 87 39
77 88 107
77 89 173
77 90 170
77 91 233
77 92 152
77 93 265
77 94 69
77 95 98
77 96 223
77 97 19
77 98 39
77 99 150
77 100 171
78 79 74
78 80 60
78 81 260
78 82 130
78 83 222
78 84 200
78 85 160
78 86 264
78 87 60
78 88 132
78 89 206
78 90 106
78 91 290
78 92 49
78 93 100
78 94 94
78 95 128
78 96 263
78 97 14
78 98 157
78 99 277
78 100 183
79 80 43
79 81 256
79 82 249
79 83 46
79 84 30
79 85 151
79 86 176
79 87 75
79 88 133
79 89 34
79 90 287
79 91 226
79 92 276
79 93 130
79 94 130
79 95 2
79 96 277
79 97 224
79 98 249
79 99 177
79 100 291
80 81 171
80 82 116
80 83 127
80 84 118
80 85 257
80 86 161
80 87 295
80 88 149
80 89 156
80 90 182
80 91 189
80 92 146
80 93 292
80 94 107
80 95 130
80 96 75
80 97 237
80 98 213
80 99 268
80 100 298
81 82 84
81 83 45
81 84 110
81 85 280
81 86 151
81 87 122
81 88 173
81 89 44
81 90 71
81 91 119
81 92 51
81 93 196
81 94 198
81 95 135
81 96 212
81 97 76
81 98 135
81 99 56
81 100 167
82 83 164
82 84 8
82 85 74
82 86 75
82 87 233
82 88 106
82 89 153
82 90 97
82 91 228
82 92 154
82 93 155
82 94 290
82 95 279
82 96 197
82 97 124
82 98 18
82 99 206
82 100 259
83 84 134
83 85 265
83 86 17
83 87 95
83 88 183
83 89 154
83 90 64
83 91 280
83 92 47
83 93 231
83 94 190
83 95 40
83 96 43
83 97 200
83 98 127
83 99 219
83 100 131
84 85 113
84 86 86
84 87 152
84 88 253
84 89 24
84 90 146
84 91 160
84 92 264
84 93 254
84 94 116
84 95 115
84 96 0
84 97 189
84 98 140
84 99 280
84 100 226
85 86 118
85 87 186
85 88 91
85 89 108
85 90 209
85 91 58
85 92 153
85 93 207
85 94 18
85 95 189
85 96 131
85 97 251
85 98 163
85 99 261
85 100 86
86 87 232
86 88 110
86 89 84
86 90 21
86 91 114
86 92 111
86 93 211
86 94 129
86 95 222
86 96 96
86 97 255
86 98 228
86 99 278
86 100 186
87 88 124
87 89 201
87 90 259
87 91 287
87 92 224
87 93 137
87 94 85
87 95 190
87 96 38
87 97 50
87 98 163
87 99 141
87 100 141
88 89 136
88 90 287
88 91 145
88 92 123
88 93 247
88 94 268
88 95 263
88 96 140
88 97 209
88 98 158
88 99 5
88 100 281
89 90 172
89 91 212
89 92 298
89 93 109
89 94 37
89 95 63
89 96 69
89 97 36
89 98 227
89 99 266
89 100 251
90 91 116
90 92 37
90 93 66
90 94 204
90 95 196
90 96 259
90 97 168
90 98 44
90 99 50
90 100 231
91 92 135
91 93 53
91 94 30
91 95 186
91 96 117
91 97 261
91 98 130
91 99 245
91 100 225
92 93 116
92 94 150
92 95 176
92 96 129
92 97 108
92 98 261
92 99 211
92 100 17
93 94 210
93 95 171
93 96 217
93 97 20
93 98 7
93 99 239
93 100 34
94 95 104
94 96 204
94 97 7
94 98 263
94 99 128
94 100 277
95 96 58
95 97 7
95 98 192
95 99 172
95 100 59
96 97 78
96 98 117
96 99 9
96 100 181
97 98 96
97 99 252
97 100 269
98 99 32
98 100 9
99 100 124
