100 4950
1 2 189
1 3 40
1 4 146
1 5 203
1 6 235
1 7 130
1 8 72
1 9 32
1 10 287
1 11 278
1 12 98
1 13 59
1 14 286
1 15 130
1 16 114
1 17 150
1 18 215
1 19 120
1 20 176
1 21 258
1 22 107
1 23 244
1 24 168
1 25 200
1 26 204
1 27 193
1 28 248
1 29 80
1 30 92
1 31 23
1 32 117
1 33 63
1 34 16
1 35 61
1 36 209
1 37 160
1 38 16
1 39 158
1 40 140
1 41 58
1 42 214
1 43 127
1 44 61
1 45 128
1 46 263
1 47 239
1 48 240
1 49 30
1 50 158
1 51 250
1 52 259
1 53 164
1 54 50
1 55 46
1 56 53
1 57 159
1 58 118
1 59 99
1 60 244
1 61 159
1 62 6
1 63 291
1 64 209
1 65 208
1 66 229
1 67 192
1 68 100
1 69 69
1 70 82
1 71 28
1 72 270
1 73 82
1 74 47
1 75 291
1 76 87
1 77 67
1 78 134
1 79 159
1 80 197
1 81 209
1 82 220
1 83 201
1 84 148
1 85 137
1 86 276
1 87 23
1 88 63
1 89 159
1 90 164
1 91 95
1 92 197
1 93 271
1 94 28
1 95 236
1 96 285
1 97 257
1 98 39
1 99 173
1 100 161
2 3 49
2 4 101
2 5 18
2 6 99
2 7 54
2 8 0
2 9 197
2 10 201
2 11 272
2 12 50
2 13 230
2 14 170
2 15 83
2 16 75
2 17 97
2 18 16
2 19 241
2 20 98
2 21 286
2 22 41
2 23 111
2 24 44
2 25 40
2 26 21
2 27 257
2 28 233
2 29 126
2 30 188
2 31 294
2 32 298
2 33 27
2 34 205
2 35 161
2 36 293
2 37 195
2 38 152
2 39 88
2 40 13
2 41 90
2 42 210
2 43 156
2 44 42
2 45 89
2 46 163
2 47 253
2 48 298
2 49 25
2 50 109
2 51 286
2 52 28
2 53 163
2 54 141
2 55 63
2 56 291
2 57 109
2 58 92
2 59 79
2 60 263
2 61 178
2 62 75
2 63 254
2 64 208
2 65 181
2 66 290
2 67 160
2 68 93
2 69 294
2 70 285
2 71 146
2 72 231
2 73 214
2 74 256
2 75 49
2 76 126
2 77 240
2 78 95
2 79 24
2 80 148
2 81 164
2 82 57
2 83 187
2 84 22
2 85 286
2 86 238
2 87 262
2 88 178
2 89 188
2 90 272
2 91 15
2 92 192
2 93 148
2 94 141
2 95 182
2 96 2
2 97 122
2 98 203
2 99 192
2 100 200
3 4 123
3 5 35
3 6 27
3 7 225
3 8 241
3 9 60
3 10 101
3 11 8
3 12 272
3 13 22
3 14 82
3 15 70
3 16 80
3 17 187
3 18 296
3 19 201
3 20 162
3 21 194
3 22 233
3 23 123
3 24 212
3 25 40
3 26 60
3 27 237
3 28 68
3 29 1
3 30 259
3 31 269
3 32 68
3 33 128
3 34 136
3 35 114
3 36 146
3 37 294
3 38 109
3 39 236
3 40 283
3 41 16
3 42 196
3 43 280
3 44 26
3 45 23
3 46 123
3 47 78
3 48 126
3 49 151
3 50 258
3 51 255
3 52 149
3 53 20
3 54 51
3 55 210
3 56 124
3 57 64
3 58 269
3 59 83
3 60 162
3 61 125
3 62 11
3 63 177
3 64 32
3 65 162
3 66 14
3 67 67
3 68 102
3 69 235
3 70 126
3 71 121
3 72 26
3 73 200
3 74 103
3 75 33
3 76 176
3 77 257
3 78 128
3 79 182
3 80 52
3 81 263
3 82 164
3 83 114
3 84 240
3 85 88
3 86 159
3 87 275
3 88 175
3 89 251
3 90 225
3 91 175
3 92 279
3 93 37
3 94 274
3 95 169
3 96 259
3 97 137
3 98 285
3 99 23
3 100 184
4 5 61
4 6 11
4 7 271
4 8 257
4 9 86
4 10 142
4 11 119
4 12 63
4 13 29
4 14 150
4 15 299
4 16 189
4 17 237
4 18 14
4 19 33
4 20 43
4 21 131
4 22 206
4 23 170
4 24 31
4 25 140
4 26 70
4 27 228
4 28 162
4 29 139
4 30 267
4 31 228
4 32 178
4 33 51
4 34 294
4 35 5
4 36 58
4 37 98
4 38 32
4 39 213
4 40 66
4 41 76
4 42 39
4 43 111
4 44 178
4 45 209
4 46 15
4 47 229
4 48 231
4 49 191
4 50 250
4 51 292
4 52 64
4 53 214
4 54 121
4 55 74
4 56 124
4 57 87
4 58 152
4 59 186
4 60 245
4 61 191
4 62 159
4 63 278
4 64 299
4 65 171
4 66 208
4 67 13
4 68 130
4 69 76
4 70 255
4 71 194
4 72 160
4 73 113
4 74 226
4 75 7
4 76 224
4 77 35
4 78 116
4 79 115
4 80 165
4 81 174
4 82 199
4 83 189
4 84 174
4 85 276
4 86 238
4 87 278
4 88 87
4 89 209
4 90 31
4 91 6
4 92 37
4 93 292
4 94 60
4 95 203
4 96 110
4 97 143
4 98 79
4 99 29
4 100 153
5 6 32
5 7 245
5 8 21
5 9 29
5 10 297
5 11 240
5 12 218
5 13 48
5 14 238
5 15 4
5 16 126
5 17 135
5 18 121
5 19 180
5 20 236
5 21 17
5 22 269
5 23 63
5 24 272
5 25 5
5 26 201
5 27 42
5 28 215
5 29 11
5 30 191
5 31 49
5 32 267
5 33 27
5 34 24
5 35 148
5 36 50
5 37 69
5 38 8
5 39 162
5 40 242
5 41 184
5 42 165
5 43 181
5 44 244
5 45 192
5 46 19
5 47 205
5 48 196
5 49 246
5 50 222
5 51 143
5 52 81
5 53 11
5 54 211
5 55 91
5 56 75
5 57 149
5 58 26
5 59 285
5 60 275
5 61 43
5 62 267
5 63 142
5 64 203
5 65 50
5 66 289
5 67 178
5 68 252
5 69 253
5 70 144
5 71 207
5 72 221
5 73 17
5 74 14
5 75 19
5 76 295
5 77 41
5 78 151
5 79 125
5 80 116
5 81 110
5 82 33
5 83 32
5 84 135
5 85 7
5 86 297
5 87 190
5 88 258
5 89 117
5 90 95
5 91 143
5 92 69
5 93 175
5 94 70
5 95 133
5 96 147
5 97 289
5 98 73
5 99 266
5 100 238
6 7 279
6 8 119
6 9 245
6 10 209
6 11 172
6 12 171
6 13 214
6 14 206
6 15 241
6 16 289
6 17 269
6 18 5
6 19 41
6 20 113
6 21 217
6 22 227
6 23 255
6 24 288
6 25 241
6 26 144
6 27 299
6 28 75
6 29 256
6 30 92
6 31 224
6 32 84
6 33 77
6 34 178
6 35 286
6 36 50
6 37 73
6 38 155
6 39 215
6 40 184
6 41 134
6 42 87
6 43 127
6 44 188
6 45 122
6 46 83
6 47 118
6 48 263
6 49 215
6 50 28
6 51 84
6 52 208
6 53 48
6 54 276
6 55 81
6 56 104
6 57 268
6 58 253
6 59 29
6 60 39
6 61 261
6 62 239
6 63 242
6 64 16
6 65 262
6 66 75
6 67 196
6 68 205
6 69 20
6 70 54
6 71 288
6 72 281
6 73 235
6 74 108
6 75 100
6 76 242
6 77 293
6 78 16
6 79 191
6 80 219
6 81 148
6 82 248
6 83 209
6 84 47
6 85 16
6 86 8
6 87 57
6 88 207
6 89 11
6 90 58
6 91 252
6 92 74
6 93 171
6 94 194
6 95 11
6 96 162
6 97 175
6 98 242
6 99 172
6 100 106
7 8 252
7 9 96
7 10 107
7 11 177
7 12 134
7 13 160
7 14 24
7 15 105
7 16 13
7 17 113
7 18 23
7 19 53
7 20 188
7 21 62
7 22 229
7 23 237
7 24 27
7 25 267
7 26 187
7 27 19
7 28 286
7 29 268
7 30 77
7 31 12
7 32 128
7 33 101
7 34 4
7 35 247
7 36 120
7 37 163
7 38 223
7 39 139
7 40 64
7 41 15
7 42 127
7 43 265
7 44 106
7 45 21
7 46 60
7 47 146
7 48 207
7 49 162
7 50 128
7 51 208
7 52 88
7 53 219
7 54 208
7 55 282
7 56 27
7 57 136
7 58 281
7 59 150
7 60 260
7 61 86
7 62 285
7 63 125
7 64 249
7 65 107
7 66 173
7 67 39
7 68 106
7 69 242
7 70 86
7 71 161
7 72 262
7 73 281
7 74 159
7 75 111
7 76 34
7 77 199
7 78 48
7 79 227
7 80 176
7 81 77
7 82 218
7 83 227
7 84 8
7 85 32
7 86 247
7 87 281
7 88 107
7 89 64
7 90 201
7 91 227
7 92 127
7 93 259
7 94 43
7 95 156
7 96 262
7 97 176
7 98 241
7 99 116
7 100 247
8 9 37
8 10 196
8 11 132
8 12 95
8 13 20
8 14 22
8 15 272
8 16 96
8 17 262
8 18 198
8 19 296
8 20 245
8 21 175
8 22 142
8 23 41
8 24 208
8 25 193
8 26 64
8 27 186
8 28 237
8 29 243
8 30 143
8 31 168
8 32 177
8 33 193
8 34 222
8 35 28
8 36 118
8 37 42
8 38 151
8 39 115
8 40 225
8 41 247
8 42 87
8 43 272
8 44 210
8 45 31
8 46 89
8 47 194
8 48 111
8 49 158
8 50 119
8 51 251
8 52 282
8 53 40
8 54 234
8 55 156
8 56 86
8 57 222
8 58 224
8 59 160
8 60 298
8 61 110
8 62 120
8 63 174
8 64 94
8 65 179
8 66 250
8 67 283
8 68 190
8 69 104
8 70 254
8 71 229
8 72 60
8 73 25
8 74 10
8 75 298
8 76 42
8 77 66
8 78 44
8 79 195
8 80 90
8 81 108
8 82 279
8 83 2
8 84 94
8 85 268
8 86 78
8 87 10
8 88 186
8 89 86
8 90 5
8 91 37
8 92 207
8 93 116
8 94 251
8 95 227
8 96 192
8 97 161
8 98 223
8 99 279
8 100 78
9 10 148
9 11 286
9 12 5
9 13 259
9 14 51
9 15 46
9 16 146
9 17 48
9 18 118
9 19 48
9 20 60
9 21 26
9 22 189
9 23 53
9 24 274
9 25 22
9 26 174
9 27 60
9 28 146
9 29 44
9 30 173
9 31 263
9 32 228
9 33 164
9 34 162
9 35 259
9 36 264
9 37 275
9 38 97
9 39 277
9 40 248
9 41 119
9 42 205
9 43 201
9 44 31
9 45 290
9 46 129
9 47 77
9 48 108
9 49 101
9 50 123
9 51 90
9 52 32
9 53 250
9 54 112
9 55 291
9 56 62
9 57 161
9 58 153
9 59 196
9 60 153
9 61 175
9 62 113
9 63 289
9 64 127
9 65 27
9 66 250
9 67 268
9 68 183
9 69 41
9 70 125
9 71 31
9 72 221
9 73 53
9 74 97
9 75 200
9 76 231
9 77 117
9 78 53
9 79 122
9 80 90
9 81 138
9 82 130
9 83 185
9 84 252
9 85 38
9 86 259
9 87 8
9 88 101
9 89 261
9 90 237
9 91 242
9 92 73
9 93 270
9 94 290
9 95 68
9 96 34
9 97 203
9 98 261
9 99 128
9 100 57
10 11 96
10 12 206
10 13 197
10 14 3
10 15 81
10 16 38
10 17 286
10 18 220
10 19 66
10 20 32
10 21 122
10 22 229
10 23 252
10 24 95
10 25 245
10 26 45
10 27 56
10 28 110
10 29 8
10 30 108
10 31 115
10 32 275
10 33 290
10 34 225
10 35 215
10 36 80
10 37 87
10 38 97
10 39 182
10 40 8
10 41 185
10 42 58
10 43 212
10 44 82
10 45 167
10 46 261
10 47 260
10 48 81
10 49 24
10 50 70
10 51 102
10 52 277
10 53 183
10 54 259
10 55 235
10 56 189
10 57 275
10 58 132
10 59 216
10 60 255
10 61 152
10 62 176
10 63 99
10 64 183
10 65 195
10 66 115
10 67 36
10 68 1
10 69 102
10 70 13
10 71 140
10 72 20
10 73 232
10 74 280
10 75 174
10 76 209
10 77 31
10 78 77
10 79 296
10 80 228
10 81 130
10 82 79
10 83 36
10 84 167
10 85 213
10 86 139
10 87 207
10 88 80
10 89 205
10 90 76
10 91 220
10 92 80
10 93 37
10 94 201
10 95 264
10 96 273
10 97 43
10 98 147
10 99 290
10 100 150
11 12 13
11 13 120
11 14 237
11 15 161
11 16 27
11 17 256
11 18 57
11 19 222
11 20 64
11 21 179
11 22 96
11 23 79
11 24 85
11 25 27
11 26 46
11 27 138
11 28 38
11 29 201
11 30 2
11 31 109
11 32 275
11 33 242
11 34 102
11 35 7
11 36 28
11 37 275
11 38 191
11 39 6
11 40 234
11 41 104
11 42 212
11 43 117
11 44 25
11 45 293
11 46 60
11 47 92
11 48 50
11 49 157
11 50 52
11 51 207
11 52 183
11 53 95
11 54 133
11 55 253
11 56 213
11 57 120
11 58 50
11 59 104
11 60 45
11 61 238
11 62 4
11 63 151
11 64 221
11 65 288
11 66 92
11 67 290
11 68 126
11 69 292
11 70 114
11 71 108
11 72 187
11 73 218
11 74 266
11 75 177
11 76 52
11 77 124
11 78 152
11 79 156
11 80 232
11 81 155
11 82 3
11 83 125
11 84 47
11 85 273
11 86 282
11 87 61
11 88 243
11 89 54
11 90 280
11 91 269
11 92 128
11 93 200
11 94 29
11 95 144
11 96 77
11 97 28
11 98 137
11 99 143
11 100 139
12 13 86
12 14 287
12 15 167
12 16 206
12 17 248
12 18 247
12 19 14
12 20 122
12 21 6
12 22 139
12 23 108
12 24 176
12 25 280
12 26 52
12 27 78
12 28 247
12 29 99
12 30 245
12 31 123
12 32 68
12 33 2
12 34 54
12 35 44
12 36 226
12 37 51
12 38 80
12 39 258
12 40 162
12 41 59
12 42 101
12 43 79
12 44 284
12 45 273
12 46 242
12 47 255
12 48 58
12 49 89
12 50 79
12 51 55
12 52 192
12 53 55
12 54 275
12 55 134
12 56 132
12 57 119
12 58 140
12 59 181
12 60 26
12 61 296
12 62 288
12 63 202
12 64 112
12 65 97
12 66 33
12 67 207
12 68 177
12 69 251
12 70 248
12 71 299
12 72 53
12 73 109
12 74 239
12 75 7
12 76 65
12 77 206
12 78 36
12 79 68
12 80 284
12 81 189
12 82 101
12 83 1
12 84 29
12 85 4
12 86 93
12 87 18
12 88 188
12 89 43
12 90 285
12 91 97
12 92 17
12 93 102
12 94 44
12 95 172
12 96 216
12 97 10
12 98 58
12 99 220
12 100 162
13 14 177
13 15 201
13 16 76
13 17 199
13 18 151
13 19 199
13 20 50
13 21 220
13 22 266
13 23 255
13 24 297
13 25 129
13 26 146
13 27 88
13 28 196
13 29 148
13 30 118
13 31 107
13 32 225
13 33 247
13 34 138
13 35 268
13 36 109
13 37 259
13 38 0
13 39 52
13 40 107
13 41 155
13 42 4
13 43 196
13 44 27
13 45 259
13 46 275
13 47 258
13 48 39
13 49 122
13 50 216
13 51 68
13 52 221
13 53 33
13 54 245
13 55 272
13 56 222
13 57 38
13 58 61
13 59 274
13 60 71
13 61 53
13 62 55
13 63 258
13 64 226
13 65 165
13 66 91
13 67 274
13 68 128
13 69 28
13 70 277
13 71 246
13 72 22
13 73 297
13 74 113
13 75 164
13 76 189
13 77 26
13 78 27
13 79 9
13 80 201
13 81 153
13 82 41
13 83 279
13 84 273
13 85 291
13 86 155
13 87 137
13 88 34
13 89 68
13 90 226
13 91 66
13 92 10
13 93 129
13 94 281
13 95 59
13 96 77
13 97 244
13 98 127
13 99 241
13 100 135
14 15 23
14 16 32
14 17 29
14 18 186
14 19 256
14 20 193
14 21 281
14 22 84
14 23 192
14 24 229
14 25 243
14 26 5
14 27 125
14 28 212
14 29 285
14 30 1
14 31 283
14 32 299
14 33 52
14 34 72
14 35 171
14 36 151
14 37 242
14 38 121
14 39 235
14 40 44
14 41 98
14 42 254
14 43 147
14 44 173
14 45 56
14 46 82
14 47 234
14 48 69
14 49 40
14 50 221
14 51 25
14 52 273
14 53 9
14 54 70
14 55 157
14 56 34
14 57 283
14 58 222
14 59 30
14 60 168
14 61 290
14 62 98
14 63 83
14 64 169
14 65 81
14 66 117
14 67 252
14 68 249
14 69 77
14 70 188
14 71 278
14 72 260
14 73 64
14 74 221
14 75 28
14 76 26
14 77 269
14 78 49
14 79 142
14 80 73
14 81 146
14 82 12
14 83 274
14 84 76
14 85 257
14 86 244
14 87 238
14 88 19
14 89 154
14 90 76
14 91 105
14 92 43
14 93 170
14 94 127
14 95 242
14 96 246
14 97 142
14 98 235
14 99 257
14 100 118
15 16 117
15 17 134
15 18 120
15 19 247
15 20 202
15 21 222
15 22 119
15 23 35
15 24 198
15 25 62
15 26 78
15 27 225
15 28 19
15 29 175
15 30 226
15 31 178
15 32 38
15 33 106
15 34 75
15 35 223
15 36 193
15 37 235
15 38 109
15 39 51
15 40 220
15 41 199
15 42 126
15 43 224
15 44 79
15 45 115
15 46 99
15 47 15
15 48 291
15 49 220
15 50 146
15 51 266
15 52 189
15 53 72
15 54 277
15 55 289
15 56 179
15 57 146
15 58 76
15 59 133
15 60 105
15 61 88
15 62 265
15 63 11
15 64 41
15 65 282
15 66 27
15 67 191
15 68 160
15 69 254
15 70 185
15 71 194
15 72 148
15 73 159
15 74 154
15 75 242
15 76 9
15 77 284
15 78 255
15 79 6
15 80 279
15 81 277
15 82 38
15 83 76
15 84 103
15 85 154
15 86 121
15 87 140
15 88 59
15 89 169
15 90 128
15 91 218
15 92 81
15 93 115
15 94 75
15 95 56
15 96 190
15 97 265
15 98 187
15 99 125
15 100 238
16 17 221
16 18 72
16 19 68
16 20 179
16 21 193
16 22 124
16 23 152
16 24 38
16 25 165
16 26 215
16 27 36
16 28 69
16 29 67
16 30 123
16 31 0
16 32 281
16 33 70
16 34 111
16 35 60
16 36 95
16 37 121
16 38 166
16 39 65
16 40 19
16 41 217
16 42 282
16 43 21
16 44 14
16 45 198
16 46 136
16 47 170
16 48 61
16 49 138
16 50 155
16 51 169
16 52 20
16 53 214
16 54 101
16 55 191
16 56 62
16 57 181
16 58 240
16 59 55
16 60 275
16 61 245
16 62 145
16 63 81
16 64 105
16 65 84
16 66 150
16 67 37
16 68 70
16 69 288
16 70 178
16 71 265
16 72 82
16 73 93
16 74 2
16 75 169
16 76 204
16 77 284
16 78 124
16 79 22
16 80 8
16 81 68
16 82 207
16 83 153
16 84 60
16 85 159
16 86 236
16 87 95
16 88 117
16 89 228
16 90 22
16 91 252
16 92 105
16 93 53
16 94 219
16 95 88
16 96 26
16 97 153
16 98 70
16 99 14
16 100 119
17 18 156
17 19 44
17 20 295
17 21 95
17 22 181
17 23 105
17 24 19
17 25 52
17 26 14
17 27 251
17 28 208
17 29 100
17 30 224
17 31 26
17 32 94
17 33 84
17 34 195
17 35 292
17 36 296
17 37 162
17 38 2
17 39 146
17 40 188
17 41 299
17 42 45
17 43 82
17 44 251
17 45 27
17 46 80
17 47 9
17 48 34
17 49 134
17 50 207
17 51 133
17 52 137
17 53 199
17 54 286
17 55 30
17 56 10
17 57 18
17 58 26
17 59 32
17 60 49
17 61 220
17 62 39
17 63 33
17 64 123
17 65 221
17 66 165
17 67 179
17 68 217
17 69 77
17 70 142
17 71 12
17 72 194
17 73 272
17 74 9
17 75 123
17 76 34
17 77 80
17 78 6
17 79 101
17 80 33
17 81 282
17 82 234
17 83 55
17 84 24
17 85 72
17 86 290
17 87 17
17 88 211
17 89 72
17 90 56
17 91 178
17 92 288
17 93 187
17 94 67
17 95 241
17 96 280
17 97 167
17 98 189
17 99 59
17 100 295
18 19 146
18 20 245
18 21 167
18 22 65
18 23 81
18 24 193
18 25 31
18 26 70
18 27 130
18 28 164
18 29 178
18 30 236
18 31 78
18 32 72
18 33 163
18 34 274
18 35 219
18 36 178
18 37 223
18 38 292
18 39 244
18 40 156
18 41 174
18 42 157
18 43 87
18 44 181
18 45 85
18 46 295
18 47 237
18 48 256
18 49 8
18 50 240
18 51 158
18 52 182
18 53 100
18 54 83
18 55 64
18 56 77
18 57 242
18 58 252
18 59 237
18 60 170
18 61 2
18 62 259
18 63 163
18 64 62
18 65 293
18 66 54
18 67 168
18 68 129
18 69 79
18 70 138
18 71 64
18 72 296
18 73 176
18 74 89
18 75 127
18 76 89
18 77 264
18 78 84
18 79 119
18 80 270
18 81 238
18 82 259
18 83 72
18 84 94
18 85 189
18 86 120
18 87 87
18 88 251
18 89 204
18 90 138
18 91 147
18 92 215
18 93 266
18 94 227
18 95 162
18 96 288
18 97 117
18 98 194
18 99 110
18 100 193
19 20 74
19 21 247
19 22 233
19 23 141
19 24 292
19 25 4
19 26 213
19 27 189
19 28 24
19 29 233
19 30 3
19 31 259
19 32 236
19 33 263
19 34 243
19 35 149
19 36 125
19 37 239
19 38 109
19 39 160
19 40 100
19 41 240
19 42 155
19 43 40
19 44 233
19 45 260
19 46 145
19 47 89
19 48 208
19 49 6
19 50 169
19 51 86
19 52 249
19 53 253
19 54 32
19 55 264
19 56 222
19 57 45
19 58 79
19 59 236
19 60 40
19 61 285
19 62 236
19 63 70
19 64 243
19 65 21
19 66 109
19 67 123
19 68 230
19 69 67
19 70 149
19 71 92
19 72 1
19 73 80
19 74 203
19 75 2
19 76 196
19 77 93
19 78 166
19 79 87
19 80 155
19 81 238
19 82 248
19 83 60
19 84 165
19 85 188
19 86 235
19 87 71
19 88 28
19 89 158
19 90 174
19 91 148
19 92 215
19 93 164
19 94 178
19 95 246
19 96 241
19 97 2
19 98 29
19 99 98
19 100 162
20 21 280
20 22 297
20 23 88
20 24 238
20 25 94
20 26 238
20 27 46
20 28 133
20 29 54
20 30 27
20 31 253
20 32 156
20 33 297
20 34 232
20 35 141
20 36 46
20 37 157
20 38 73
20 39 290
20 40 212
20 41 56
20 42 216
20 43 55
20 44 237
20 45 224
20 46 289
20 47 10
20 48 294
20 49 41
20 50 72
20 51 19
20 52 230
20 53 189
20 54 120
20 55 296
20 56 1
20 57 9
20 58 61
20 59 101
20 60 202
20 61 162
20 62 112
20 63 245
20 64 224
20 65 285
20 66 194
20 67 86
20 68 185
20 69 16
20 70 51
20 71 275
20 72 189
20 73 58
20 74 183
20 75 117
20 76 1
20 77 224
20 78 92
20 79 20
20 80 189
20 81 253
20 82 223
20 83 117
20 84 196
20 85 256
20 86 34
20 87 251
20 88 113
20 89 46
20 90 179
20 91 274
20 92 128
20 93 54
20 94 170
20 95 19
20 96 6
20 97 233
20 98 98
20 99 296
20 100 247
21 22 215
21 23 95
21 24 14
21 25 137
21 26 258
21 27 286
21 28 0
21 29 245
21 30 259
21 31 103
21 32 218
21 33 225
21 34 175
21 35 269
21 36 77
21 37 193
21 38 146
21 39 236
21 40 261
21 41 32
21 42 113
21 43 50
21 44 10
21 45 164
21 46 180
21 47 259
21 48 95
21 49 153
21 50 161
21 51 167
21 52 108
21 53 112
21 54 178
21 55 69
21 56 56
21 57 70
21 58 190
21 59 84
21 60 238
21 61 27
21 62 145
21 63 254
21 64 270
21 65 137
21 66 134
21 67 251
21 68 71
21 69 237
21 70 240
21 71 298
21 72 69
21 73 48
21 74 273
21 75 187
21 76 102
21 77 199
21 78 69
21 79 170
21 80 295
21 81 220
21 82 124
21 83 173
21 84 245
21 85 166
21 86 138
21 87 88
21 88 130
21 89 119
21 90 207
21 91 112
21 92 216
21 93 145
21 94 216
21 95 120
21 96 30
21 97 10
21 98 10
21 99 244
21 100 42
22 23 228
22 24 66
22 25 121
22 26 97
22 27 291
22 28 207
22 29 80
22 30 180
22 31 249
22 32 155
22 33 293
22 34 199
22 35 218
22 36 10
22 37 295
22 38 190
22 39 160
22 40 251
22 41 33
22 42 75
22 43 102
22 44 238
22 45 47
22 46 207
22 47 244
22 48 8
22 49 16
22 50 120
22 51 230
22 52 227
22 53 256
22 54 248
22 55 29
22 56 16
22 57 48
22 58 289
22 59 52
22 60 233
22 61 84
22 62 48
22 63 226
22 64 98
22 65 142
22 66 271
22 67 119
22 68 135
22 69 86
22 70 158
22 71 81
22 72 118
22 73 151
22 74 109
22 75 88
22 76 69
22 77 85
22 78 139
22 79 56
22 80 294
22 81 69
22 82 274
22 83 229
22 84 102
22 85 63
22 86 73
22 87 75
22 88 267
22 89 191
22 90 70
22 91 92
22 92 254
22 93 109
22 94 207
22 95 16
22 96 283
22 97 102
22 98 26
22 99 21
22 100 73
23 24 17
23 25 132
23 26 265
23 27 208
23 28 110
23 29 286
23 30 280
23 31 64
23 32 258
23 33 57
23 34 170
23 35 271
23 36 202
23 37 100
23 38 293
23 39 19
23 40 296
23 41 138
23 42 149
23 43 240
23 44 29
23 45 202
23 46 149
23 47 94
23 48 276
23 49 208
23 50 216
23 51 138
23 52 3
23 53 170
23 54 234
23 55 52
23 56 115
23 57 59
23 58 206
23 59 97
23 60 287
23 61 215
23 62 108
23 63 154
23 64 110
23 65 108
23 66 151
23 67 236
23 68 119
23 69 93
23 70 18
23 71 34
23 72 252
23 73 250
23 74 144
23 75 187
23 76 134
23 77 59
23 78 152
23 79 8
23 80 261
23 81 234
23 82 56
23 83 148
23 84 71
23 85 95
23 86 66
23 87 52
23 88 38
23 89 191
23 90 181
23 91 69
23 92 166
23 93 287
23 94 182
23 95 185
23 96 120
23 97 264
23 98 121
23 99 77
23 100 284
24 25 140
24 26 90
24 27 14
24 28 207
24 29 216
24 30 121
24 31 245
24 32 253
24 33 65
24 34 150
24 35 60
24 36 41
24 37 196
24 38 175
24 39 292
24 40 108
24 41 55
24 42 23
24 43 240
24 44 105
24 45 279
24 46 287
24 47 146
24 48 63
24 49 29
24 50 5
24 51 0
24 52 287
24 53 261
24 54 101
24 55 238
24 56 113
24 57 110
24 58 187
24 59 28
24 60 296
24 61 238
24 62 25
24 63 106
24 64 298
24 65 278
24 66 121
24 67 41
24 68 255
24 69 263
24 70 76
24 71 21
24 72 177
24 73 2
24 74 76
24 75 193
24 76 42
24 77 187
24 78 230
24 79 255
24 80 4
24 81 258
24 82 164
24 83 281
24 84 49
24 85 36
24 86 72
24 87 108
24 88 236
24 89 13
24 90 297
24 91 249
24 92 109
24 93 152
24 94 54
24 95 179
24 96 32
24 97 97
24 98 121
24 99 288
24 100 40
25 26 212
25 27 276
25 28 289
25 29 7
25 30 245
25 31 155
25 32 178
25 33 298
25 34 214
25 35 161
25 36 133
25 37 241
25 38 255
25 39 78
25 40 6
25 41 183
25 42 7
25 43 121
25 44 114
25 45 258
25 46 63
25 47 168
25 48 91
25 49 95
25 50 242
25 51 159
25 52 0
25 53 279
25 54 190
25 55 201
25 56 135
25 57 27
25 58 55
25 59 74
25 60 229
25 61 23
25 62 287
25 63 48
25 64 87
25 65 60
25 66 64
25 67 79
25 68 206
25 69 141
25 70 34
25 71 270
25 72 139
25 73 263
25 74 14
25 75 87
25 76 182
25 77 109
25 78 51
25 79 35
25 80 255
25 81 190
25 82 126
25 83 185
25 84 235
25 85 262
25 86 65
25 87 257
25 88 230
25 89 60
25 90 297
25 91 146
25 92 175
25 93 64
25 94 218
25 95 191
25 96 206
25 97 270
25 98 280
25 99 285
25 100 291
26 27 87
26 28 100
26 29 288
26 30 277
26 31 29
26 32 167
26 33 124
26 34 206
26 35 137
26 36 296
26 37 68
26 38 19
26 39 255
26 40 10
26 41 107
26 42 43
26 43 110
26 44 232
26 45 185
26 46 9
26 47 7
26 48 143
26 49 83
26 50 166
26 51 293
26 52 117
26 53 107
26 54 164
26 55 226
26 56 297
26 57 185
26 58 28
26 59 130
26 60 230
26 61 0
26 62 11
26 63 299
26 64 191
26 65 187
26 66 81
26 67 27
26 68 165
26 69 122
26 70 290
26 71 89
26 72 221
26 73 248
26 74 232
26 75 92
26 76 171
26 77 260
26 78 162
26 79 103
26 80 151
26 81 208
26 82 45
26 83 260
26 84 263
26 85 226
26 86 23
26 87 238
26 88 0
26 89 244
26 90 180
26 91 226
26 92 0
26 93 119
26 94 103
26 95 267
26 96 287
26 97 248
26 98 104
26 99 211
26 100 202
27 28 69
27 29 265
27 30 130
27 31 126
27 32 38
27 33 38
27 34 121
27 35 130
27 36 250
27 37 30
27 38 201
27 39 99
27 40 175
27 41 277
27 42 54
27 43 283
27 44 99
27 45 221
27 46 130
27 47 140
27 48 137
27 49 236
27 50 140
27 51 49
27 52 205
27 53 8
27 54 187
27 55 86
27 56 19
27 57 4
27 58 51
27 59 36
27 60 246
27 61 230
27 62 252
27 63 231
27 64 292
27 65 287
27 66 125
27 67 255
27 68 33
27 69 114
27 70 88
27 71 187
27 72 261
27 73 48
27 74 11
27 75 118
27 76 134
27 77 258
27 78 33
27 79 280
27 80 270
27 81 172
27 82 131
27 83 272
27 84 77
27 85 147
27 86 148
27 87 155
27 88 267
27 89 275
27 90 74
27 91 218
27 92 256
27 93 296
27 94 50
27 95 265
27 96 182
27 97 258
27 98 263
27 99 22
27 100 242
28 29 286
28 30 24
28 31 70
28 32 276
28 33 281
28 34 256
28 35 77
28 36 266
28 37 124
28 38 118
28 39 90
28 40 131
28 41 162
28 42 293
28 43 187
28 44 111
28 45 120
28 46 100
28 47 126
28 48 153
28 49 39
28 50 223
28 51 138
28 52 299
28 53 241
28 54 131
28 55 118
28 56 236
28 57 86
28 58 94
28 59 217
28 60 261
28 61 238
28 62 104
28 63 297
28 64 7
28 65 167
28 66 108
28 67 0
28 68 85
28 69 218
28 70 244
28 71 147
28 72 72
28 73 299
28 74 55
28 75 180
28 76 278
28 77 286
28 78 40
28 79 122
28 80 89
28 81 297
28 82 161
28 83 250
28 84 89
28 85 81
28 86 55
28 87 127
28 88 168
28 89 53
28 90 150
28 91 127
28 92 195
28 93 161
28 94 246
28 95 6
28 96 157
28 97 273
28 98 167
28 99 37
28 100 170
29 30 151
29 31 109
29 32 7
29 33 294
29 34 222
29 35 96
29 36 150
29 37 8
29 38 205
29 39 143
29 40 251
29 41 85
29 42 285
29 43 150
29 44 118
29 45 259
29 46 150
29 47 180
29 48 267
29 49 12
29 50 6
29 51 79
29 52 37
29 53 2
29 54 182
29 55 224
29 56 15
29 57 112
29 58 211
29 59 154
29 60 169
29 61 24
29 62 247
29 63 265
29 64 183
29 65 204
29 66 178
29 67 49
29 68 250
29 69 107
29 70 191
29 71 271
29 72 241
29 73 128
29 74 147
29 75 37
29 76 182
29 77 256
29 78 285
29 79 2
29 80 287
29 81 139
29 82 235
29 83 178
29 84 209
29 85 26
29 86 41
29 87 31
29 88 256
29 89 190
29 90 45
29 91 160
29 92 175
29 93 55
29 94 225
29 95 291
29 96 182
29 97 42
29 98 63
29 99 248
29 100 39
30 31 131
30 32 21
30 33 138
30 34 5
30 35 27
30 36 164
30 37 3
30 38 40
30 39 231
30 40 200
30 41 13
30 42 39
30 43 297
30 44 292
30 45 100
30 46 274
30 47 189
30 48 21
30 49 70
30 50 181
30 51 108
30 52 226
30 53 91
30 54 95
30 55 201
30 56 191
30 57 289
30 58 205
30 59 127
30 60 188
30 61 125
30 62 112
30 63 222
30 64 172
30 65 97
30 66 44
30 67 6
30 68 175
30 69 229
30 70 166
30 71 20
30 72 160
30 73 226
30 74 43
30 75 235
30 76 261
30 77 289
30 78 224
30 79 292
30 80 183
30 81 116
30 82 2
30 83 3
30 84 2
30 85 176
30 86 7
30 87 268
30 88 65
30 89 38
30 90 11
30 91 267
30 92 11
30 93 152
30 94 237
30 95 197
30 96 147
30 97 214
30 98 48
30 99 246
30 100 57
31 32 153
31 33 90
31 34 283
31 35 105
31 36 74
31 37 276
31 38 210
31 39 226
31 40 175
31 41 43
31 42 243
31 43 169
31 44 95
31 45 123
31 46 247
31 47 56
31 48 125
31 49 114
31 50 65
31 51 58
31 52 290
31 53 134
31 54 1
31 55 149
31 56 19
31 57 298
31 58 234
31 59 261
31 60 140
31 61 142
31 62 21
31 63 226
31 64 67
31 65 195
31 66 204
31 67 68
31 68 119
31 69 70
31 70 37
31 71 238
31 72 27
31 73 231
31 74 293
31 75 34
31 76 222
31 77 108
31 78 269
31 79 244
31 80 4
31 81 138
31 82 168
31 83 235
31 84 186
31 85 94
31 86 17
31 87 127
31 88 158
31 89 156
31 90 30
31 91 86
31 92 231
31 93 217
31 94 202
31 95 242
31 96 68
31 97 113
31 98 71
31 99 138
31 100 228
32 33 243
32 34 118
32 35 144
32 36 297
32 37 108
32 38 136
32 39 283
32 40 64
32 41 199
32 42 246
32 43 275
32 44 15
32 45 295
32 46 170
32 47 37
32 48 284
32 49 172
32 50 294
32 51 78
32 52 121
32 53 204
32 54 147
32 55 185
32 56 28
32 57 173
32 58 75
32 59 203
32 60 126
32 61 272
32 62 136
32 63 156
32 64 229
32 65 265
32 66 221
32 67 277
32 68 44
32 69 92
32 70 64
32 71 146
32 72 153
32 73 299
32 74 136
32 75 85
32 76 208
32 77 76
32 78 245
32 79 0
32 80 19
32 81 76
32 82 74
32 83 292
32 84 144
32 85 77
32 86 48
32 87 20
32 88 93
32 89 242
32 90 201
32 91 185
32 92 268
32 93 44
32 94 59
32 95 124
32 96 187
32 97 196
32 98 153
32 99 233
32 100 95
33 34 216
33 35 71
33 36 57
33 37 208
33 38 102
33 39 210
33 40 25
33 41 229
33 42 68
33 43 55
33 44 252
33 45 84
33 46 149
33 47 39
33 48 149
33 49 85
33 50 1
33 51 177
33 52 124
33 53 282
33 54 219
33 55 205
33 56 196
33 57 232
33 58 63
33 59 213
33 60 240
33 61 105
33 62 214
33 63 52
33 64 36
33 65 170
33 66 181
33 67 65
33 68 249
33 69 209
33 70 24
33 71 198
33 72 91
33 73 12
33 74 20
33 75 181
33 76 284
33 77 196
33 78 192
33 79 7
33 80 157
33 81 273
33 82 129
33 83 151
33 84 237
33 85 78
33 86 57
33 87 70
33 88 228
33 89 13
33 90 206
33 91 3
33 92 18
33 93 256
33 94 31
33 95 9
33 96 280
33 97 158
33 98 89
33 99 239
33 100 110
34 35 32
34 36 285
34 37 49
34 38 52
34 39 58
34 40 84
34 41 42
34 42 230
34 43 155
34 44 6
34 45 259
34 46 2
34 47 108
34 48 82
34 49 217
34 50 207
34 51 18
34 52 262
34 53 55
34 54 42
34 55 243
34 56 113
34 57 9
34 58 51
34 59 289
34 60 58
34 61 248
34 62 17
34 63 287
34 64 241
34 65 281
34 66 82
34 67 96
34 68 96
34 69 142
34 70 258
34 71 166
34 72 136
34 73 210
34 74 105
34 75 230
34 76 110
34 77 251
34 78 209
34 79 250
34 80 131
34 81 209
34 82 118
34 83 50
34 84 82
34 85 138
34 86 124
34 87 233
34 88 112
34 89 203
34 90 15
34 91 222
34 92 195
34 93 177
34 94 176
34 95 216
34 96 53
34 97 253
34 98 116
34 99 129
34 100 281
35 36 38
35 37 28
35 38 86
35 39 2
35 40 169
35 41 65
35 42 112
35 43 31
35 44 189
35 45 177
35 46 262
35 47 137
35 48 279
35 49 275
35 50 249
35 51 58
35 52 297
35 53 233
35 54 245
35 55 8
35 56 165
35 57 105
35 58 162
35 59 285
35 60 222
35 61 1
35 62 178
35 63 120
35 64 7
35 65 198
35 66 122
35 67 19
35 68 148
35 69 212
35 70 221
35 71 267
35 72 179
35 73 33
35 74 267
35 75 190
35 76 247
35 77 91
35 78 217
35 79 8
35 80 167
35 81 61
35 82 15
35 83 133
35 84 21
35 85 4
35 86 229
35 87 188
35 88 238
35 89 235
35 90 236
35 91 199
35 92 110
35 93 209
35 94 90
35 95 29
35 96 122
35 97 19
35 98 6
35 99 4
35 100 7
36 37 234
36 38 148
36 39 291
36 40 211
36 41 85
36 42 286
36 43 132
36 44 165
36 45 43
36 46 34
36 47 82
36 48 245
36 49 104
36 50 222
36 51 265
36 52 96
36 53 93
36 54 137
36 55 186
36 56 55
36 57 266
36 58 10
36 59 218
36 60 218
36 61 220
36 62 238
36 63 56
36 64 245
36 65 233
36 66 85
36 67 93
36 68 136
36 69 218
36 70 19
36 71 83
36 72 156
36 73 204
36 74 139
36 75 132
36 76 224
36 77 178
36 78 23
36 79 283
36 80 209
36 81 98
36 82 187
36 83 62
36 84 181
36 85 32
36 86 12
36 87 195
36 88 55
36 89 268
36 90 104
36 91 194
36 92 221
36 93 75
36 94 130
36 95 98
36 96 95
36 97 291
36 98 23
36 99 163
36 100 168
37 38 296
37 39 99
37 40 211
37 41 184
37 42 100
37 43 198
37 44 270
37 45 37
37 46 19
37 47 27
37 48 126
37 49 41
37 50 59
37 51 211
37 52 192
37 53 18
37 54 193
37 55 155
37 56 112
37 57 264
37 58 113
37 59 296
37 60 145
37 61 186
37 62 104
37 63 226
37 64 277
37 65 135
37 66 204
37 67 174
37 68 232
37 69 119
37 70 15
37 71 102
37 72 81
37 73 16
37 74 200
37 75 132
37 76 151
37 77 37
37 78 39
37 79 6
37 80 145
37 81 51
37 82 211
37 83 215
37 84 27
37 85 41
37 86 58
37 87 100
37 88 81
37 89 271
37 90 152
37 91 111
37 92 189
37 93 3
37 94 126
37 95 106
37 96 264
37 97 203
37 98 249
37 99 249
37 100 299
38 39 161
38 40 8
38 41 82
38 42 273
38 43 97
38 44 31
38 45 51
38 46 2
38 47 209
38 48 254
38 49 209
38 50 91
38 51 19
38 52 221
38 53 156
38 54 162
38 55 168
38 56 146
38 57 53
38 58 155
38 59 17
38 60 219
38 61 9
38 62 116
38 63 77
38 64 146
38 65 198
38 66 95
38 67 19
38 68 259
38 69 14
38 70 125
38 71 163
38 72 173
38 73 73
38 74 120
38 75 220
38 76 22
38 77 57
38 78 25
38 79 192
38 80 261
38 81 119
38 82 67
38 83 34
38 84 174
38 85 207
38 86 63
38 87 152
38 88 267
38 89 18
38 90 145
38 91 172
38 92 128
38 93 166
38 94 246
38 95 23
38 96 262
38 97 13
38 98 220
38 99 41
38 100 35
39 40 19
39 41 298
39 42 25
39 43 297
39 44 13
39 45 281
39 46 207
39 47 147
39 48 80
39 49 255
39 50 66
39 51 134
39 52 57
39 53 131
39 54 70
39 55 252
39 56 218
39 57 136
39 58 0
39 59 31
39 60 262
39 61 178
39 62 253
39 63 298
39 64 85
39 65 228
39 66 181
39 67 194
39 68 55
39 69 123
39 70 92
39 71 65
39 72 217
39 73 121
39 74 14
39 75 134
39 76 98
39 77 218
39 78 208
39 79 218
39 80 33
39 81 235
39 82 250
39 83 280
39 84 106
39 85 238
39 86 67
39 87 161
39 88 282
39 89 271
39 90 153
39 91 110
39 92 230
39 93 236
39 94 164
39 95 214
39 96 21
39 97 217
39 98 170
39 99 6
39 100 165
40 41 228
40 42 190
40 43 149
40 44 145
40 45 102
40 46 125
40 47 4
40 48 251
40 49 275
40 50 171
40 51 48
40 52 32
40 53 182
40 54 110
40 55 95
40 56 242
40 57 270
40 58 12
40 59 25
40 60 221
40 61 212
40 62 263
40 63 61
40 64 18
40 65 40
40 66 104
40 67 115
40 68 164
40 69 48
40 70 95
40 71 139
40 72 156
40 73 174
40 74 195
40 75 197
40 76 94
40 77 225
40 78 252
40 79 32
40 80 288
40 81 120
40 82 194
40 83 1
40 84 11
40 85 85
40 86 75
40 87 127
40 88 66
40 89 66
40 90 174
40 91 225
40 92 182
40 93 9
40 94 82
40 95 153
40 96 127
40 97 97
40 98 120
40 99 227
40 100 139
41 42 282
41 43 121
41 44 244
41 45 176
41 46 190
41 47 90
41 48 202
41 49 167
41 50 30
41 51 85
41 52 236
41 53 131
41 54 52
41 55 72
41 56 135
41 57 255
41 58 137
41 59 279
41 60 219
41 61 62
41 62 25
41 63 123
41 64 166
41 65 139
41 66 226
41 67 139
41 68 102
41 69 182
41 70 286
41 71 160
41 72 125
41 73 174
41 74 239
41 75 126
41 76 224
41 77 124
41 78 172
41 79 223
41 80 138
41 81 263
41 82 188
41 83 16
41 84 276
41 85 150
41 86 194
41 87 207
41 88 6
41 89 248
41 90 232
41 91 241
41 92 252
41 93 32
41 94 96
41 95 183
41 96 213
41 97 144
41 98 97
41 99 1
41 100 204
42 43 185
42 44 280
42 45 58
42 46 228
42 47 125
42 48 15
42 49 120
42 50 114
42 51 98
42 52 133
42 53 78
42 54 181
42 55 10
42 56 164
42 57 3
42 58 127
42 59 193
42 60 297
42 61 283
42 62 168
42 63 299
42 64 27
42 65 238
42 66 89
42 67 298
42 68 145
42 69 116
42 70 89
42 71 267
42 72 295
42 73 14
42 74 101
42 75 113
42 76 78
42 77 96
42 78 17
42 79 74
42 80 259
42 81 134
42 82 135
42 83 10
42 84 120
42 85 134
42 86 266
42 87 144
42 88 287
42 89 155
42 90 82
42 91 186
42 92 145
42 93 12
42 94 231
42 95 191
42 96 269
42 97 14
42 98 97
42 99 207
42 100 154
43 44 170
43 45 10
43 46 123
43 47 128
43 48 76
43 49 299
43 50 245
43 51 135
43 52 210
43 53 214
43 54 129
43 55 9
43 56 212
43 57 81
43 58 125
43 59 87
43 60 5
43 61 204
43 62 130
43 63 200
43 64 141
43 65 129
43 66 171
43 67 286
43 68 116
43 69 202
43 70 153
43 71 175
43 72 117
43 73 50
43 74 3
43 75 151
43 76 63
43 77 10
43 78 216
43 79 124
43 80 256
43 81 282
43 82 19
43 83 31
43 84 274
43 85 80
43 86 25
43 87 75
43 88 27
43 89 46
43 90 239
43 91 246
43 92 40
43 93 41
43 94 26
43 95 290
43 96 86
43 97 140
43 98 211
43 99 47
43 100 203
44 45 104
44 46 83
44 47 246
44 48 282
44 49 151
44 50 18
44 51 191
44 52 144
44 53 290
44 54 27
44 55 281
44 56 58
44 57 206
44 58 232
44 59 28
44 60 286
44 61 78
44 62 292
44 63 297
44 64 213
44 65 298
44 66 77
44 67 298
44 68 171
44 69 289
44 70 283
44 71 258
44 72 126
44 73 233
44 74 151
44 75 295
44 76 196
44 77 269
44 78 186
44 79 221
44 80 33
44 81 185
44 82 134
44 83 283
44 84 227
44 85 146
44 86 105
44 87 141
44 88 45
44 89 213
44 90 91
44 91 32
44 92 20
44 93 250
44 94 227
44 95 27
44 96 235
44 97 161
44 98 228
44 99 276
44 100 65
45 46 132
45 47 220
45 48 208
45 49 66
45 50 14
45 51 214
45 52 267
45 53 53
45 54 147
45 55 172
45 56 87
45 57 14
45 58 217
45 59 296
45 60 40
45 61 73
45 62 55
45 63 140
45 64 198
45 65 152
45 66 268
45 67 205
45 68 177
45 69 297
45 70 218
45 71 270
45 72 151
45 73 160
45 74 46
45 75 23
45 76 114
45 77 202
45 78 185
45 79 150
45 80 216
45 81 66
45 82 286
45 83 58
45 84 119
45 85 98
45 86 277
45 87 179
45 88 294
45 89 104
45 90 166
45 91 141
45 92 58
45 93 108
45 94 169
45 95 143
45 96 113
45 97 119
45 98 294
45 99 79
45 100 88
46 47 160
46 48 114
46 49 142
46 50 282
46 51 11
46 52 71
46 53 164
46 54 239
46 55 72
46 56 160
46 57 274
46 58 281
46 59 42
46 60 112
46 61 175
46 62 139
46 63 278
46 64 99
46 65 256
46 66 202
46 67 268
46 68 278
46 69 9
46 70 281
46 71 137
46 72 126
46 73 291
46 74 280
46 75 272
46 76 112
46 77 241
46 78 124
46 79 276
46 80 282
46 81 207
46 82 75
46 83 17
46 84 13
46 85 102
46 86 247
46 87 54
46 88 149
46 89 48
46 90 271
46 91 298
46 92 253
46 93 142
46 94 154
46 95 241
46 96 85
46 97 28
46 98 206
46 99 211
46 100 291
47 48 236
47 49 3
47 50 162
47 51 75
47 52 273
47 53 278
47 54 118
47 55 269
47 56 152
47 57 128
47 58 104
47 59 291
47 60 126
47 61 236
47 62 63
47 63 92
47 64 13
47 65 284
47 66 125
47 67 51
47 68 63
47 69 127
47 70 172
47 71 25
47 72 106
47 73 238
47 74 16
47 75 223
47 76 200
47 77 27
47 78 282
47 79 156
47 80 158
47 81 197
47 82 283
47 83 71
47 84 154
47 85 85
47 86 123
47 87 96
47 88 46
47 89 187
47 90 8
47 91 106
47 92 200
47 93 238
47 94 30
47 95 12
47 96 42
47 97 272
47 98 14
47 99 56
47 100 178
48 49 180
48 50 132
48 51 112
48 52 47
48 53 57
48 54 73
48 55 115
48 56 92
48 57 82
48 58 196
48 59 73
48 60 235
48 61 118
48 62 116
48 63 283
48 64 44
48 65 165
48 66 234
48 67 8
48 68 120
48 69 166
48 70 279
48 71 299
48 72 131
48 73 29
48 74 82
48 75 247
48 76 204
48 77 74
48 78 266
48 79 90
48 80 107
48 81 100
48 82 278
48 83 114
48 84 264
48 85 211
48 86 278
48 87 233
48 88 49
48 89 81
48 90 31
48 91 58
48 92 46
48 93 77
48 94 90
48 95 231
48 96 113
48 97 265
48 98 45
48 99 240
48 100 214
49 50 72
49 51 121
49 52 5
49 53 110
49 54 155
49 55 108
49 56 205
49 57 129
49 58 266
49 59 78
49 60 281
49 61 39
49 62 165
49 63 97
49 64 83
49 65 53
49 66 231
49 67 240
49 68 94
49 69 109
49 70 288
49 71 211
49 72 112
49 73 221
49 74 15
49 75 177
49 76 43
49 77 222
49 78 255
49 79 15
49 80 258
49 81 158
49 82 38
49 83 229
49 84 104
49 85 184
49 86 180
49 87 189
49 88 244
49 89 8
49 90 157
49 91 277
49 92 85
49 93 47
49 94 255
49 95 10
49 96 148
49 97 261
49 98 224
49 99 88
49 100 165
50 51 128
50 52 108
50 53 17
50 54 59
50 55 33
50 56 164
50 57 243
50 58 118
50 59 166
50 60 169
50 61 0
50 62 254
50 63 278
50 64 26
50 65 49
50 66 107
50 67 88
50 68 246
50 69 298
50 70 272
50 71 130
50 72 182
50 73 39
50 74 39
50 75 196
50 76 190
50 77 286
50 78 232
50 79 166
50 80 108
50 81 249
50 82 173
50 83 156
50 84 215
50 85 279
50 86 168
50 87 92
50 88 159
50 89 143
50 90 247
50 91 158
50 92 85
50 93 194
50 94 28
50 95 295
50 96 245
50 97 126
50 98 88
50 99 78
50 100 104
51 52 14
51 53 198
51 54 108
51 55 200
51 56 165
51 57 59
51 58 150
51 59 54
51 60 282
51 61 60
51 62 58
51 63 260
51 64 137
51 65 41
51 66 85
51 67 85
51 68 0
51 69 180
51 70 15
51 71 67
51 72 145
51 73 107
51 74 214
51 75 116
51 76 48
51 77 220
51 78 86
51 79 143
51 80 235
51 81 288
51 82 264
51 83 167
51 84 51
51 85 1
51 86 113
51 87 134
51 88 125
51 89 208
51 90 206
51 91 203
51 92 108
51 93 78
51 94 20
51 95 157
51 96 63
51 97 226
51 98 167
51 99 286
51 100 2
52 53 183
52 54 283
52 55 17
52 56 259
52 57 32
52 58 212
52 59 28
52 60 196
52 61 0
52 62 76
52 63 204
52 64 108
52 65 21
52 66 126
52 67 6
52 68 146
52 69 85
52 70 227
52 71 239
52 72 223
52 73 175
52 74 42
52 75 142
52 76 154
52 77 268
52 78 176
52 79 58
52 80 287
52 81 208
52 82 26
52 83 182
52 84 276
52 85 89
52 86 244
52 87 158
52 88 31
52 89 179
52 90 217
52 91 298
52 92 14
52 93 81
52 94 279
52 95 235
52 96 164
52 97 61
52 98 51
52 99 54
52 100 281
53 54 272
53 55 84
53 56 97
53 57 174
53 58 221
53 59 2
53 60 142
53 61 299
53 62 228
53 63 137
53 64 103
53 65 6
53 66 134
53 67 117
53 68 21
53 69 190
53 70 288
53 71 162
53 72 242
53 73 212
53 74 281
53 75 66
53 76 228
53 77 221
53 78 22
53 79 180
53 80 288
53 81 281
53 82 177
53 83 276
53 84 227
53 85 20
53 86 41
53 87 142
53 88 87
53 89 97
53 90 149
53 91 74
53 92 172
53 93 128
53 94 37
53 95 244
53 96 226
53 97 85
53 98 24
53 99 214
53 100 142
54 55 149
54 56 68
54 57 148
54 58 291
54 59 198
54 60 141
54 61 180
54 62 297
54 63 245
54 64 198
54 65 171
54 66 108
54 67 213
54 68 135
54 69 190
54 70 130
54 71 248
54 72 108
54 73 233
54 74 222
54 75 49
54 76 135
54 77 254
54 78 136
54 79 271
54 80 92
54 81 269
54 82 154
54 83 27
54 84 45
54 85 85
54 86 4
54 87 68
54 88 222
54 89 218
54 90 122
54 91 268
54 92 288
54 93 81
54 94 127
54 95 61
54 96 34
54 97 31
54 98 73
54 99 9
54 100 57
55 56 95
55 57 116
55 58 8
55 59 296
55 60 295
55 61 42
55 62 131
55 63 170
55 64 228
55 65 30
55 66 65
55 67 47
55 68 40
55 69 207
55 70 49
55 71 235
55 72 258
55 73 8
55 74 42
55 75 41
55 76 33
55 77 232
55 78 230
55 79 279
55 80 167
55 81 41
55 82 251
55 83 5
55 84 80
55 85 36
55 86 196
55 87 62
55 88 229
55 89 94
55 90 95
55 91 168
55 92 247
55 93 235
55 94 200
55 95 48
55 96 286
55 97 178
55 98 167
55 99 183
55 100 119
56 57 175
56 58 129
56 59 183
56 60 206
56 61 99
56 62 32
56 63 5
56 64 128
56 65 117
56 66 24
56 67 235
56 68 140
56 69 68
56 70 9
56 71 55
56 72 35
56 73 208
56 74 108
56 75 185
56 76 150
56 77 25
56 78 42
56 79 123
56 80 100
56 81 254
56 82 273
56 83 3
56 84 71
56 85 227
56 86 279
56 87 159
56 88 91
56 89 29
56 90 14
56 91 144
56 92 115
56 93 231
56 94 109
56 95 172
56 96 262
56 97 107
56 98 260
56 99 242
56 100 135
57 58 284
57 59 203
57 60 224
57 61 243
57 62 217
57 63 80
57 64 179
57 65 226
57 66 183
57 67 39
57 68 119
57 69 198
57 70 12
57 71 149
57 72 229
57 73 65
57 74 131
57 75 209
57 76 135
57 77 50
57 78 134
57 79 211
57 80 176
57 81 67
57 82 285
57 83 127
57 84 115
57 85 36
57 86 182
57 87 70
57 88 96
57 89 83
57 90 293
57 91 55
57 92 260
57 93 14
57 94 204
57 95 53
57 96 222
57 97 259
57 98 169
57 99 255
57 100 108
58 59 92
58 60 297
58 61 79
58 62 111
58 63 204
58 64 56
58 65 135
58 66 188
58 67 32
58 68 188
58 69 117
58 70 75
58 71 18
58 72 52
58 73 189
58 74 13
58 75 115
58 76 148
58 77 223
58 78 240
58 79 1
58 80 235
58 81 203
58 82 76
58 83 33
58 84 121
58 85 121
58 86 198
58 87 42
58 88 167
58 89 67
58 90 161
58 91 107
58 92 264
58 93 96
58 94 108
58 95 214
58 96 120
58 97 246
58 98 271
58 99 127
58 100 146
59 60 152
59 61 102
59 62 194
59 63 89
59 64 15
59 65 199
59 66 206
59 67 227
59 68 224
59 69 243
59 70 66
59 71 274
59 72 132
59 73 190
59 74 60
59 75 10
59 76 40
59 77 59
59 78 52
59 79 164
59 80 42
59 81 203
59 82 48
59 83 12
59 84 272
59 85 152
59 86 116
59 87 104
59 88 276
59 89 255
59 90 222
59 91 285
59 92 3
59 93 176
59 94 234
59 95 275
59 96 218
59 97 97
59 98 112
59 99 139
59 100 82
60 61 170
60 62 191
60 63 67
60 64 58
60 65 291
60 66 44
60 67 11
60 68 97
60 69 3
60 70 266
60 71 174
60 72 53
60 73 216
60 74 124
60 75 236
60 76 233
60 77 211
60 78 268
60 79 218
60 80 101
60 81 80
60 82 27
60 83 29
60 84 74
60 85 195
60 86 47
60 87 7
60 88 172
60 89 179
60 90 241
60 91 298
60 92 189
60 93 74
60 94 138
60 95 219
60 96 205
60 97 251
60 98 127
60 99 179
60 100 45
61 62 76
61 63 103
61 64 251
61 65 15
61 66 291
61 67 227
61 68 116
61 69 279
61 70 158
61 71 171
61 72 78
61 73 261
61 74 71
61 75 14
61 76 185
61 77 65
61 78 232
61 79 92
61 80 126
61 81 246
61 82 155
61 83 169
61 84 197
61 85 129
61 86 98
61 87 268
61 88 57
61 89 193
61 90 193
61 91 124
61 92 98
61 93 140
61 94 246
61 95 54
61 96 123
61 97 178
61 98 87
61 99 173
61 100 100
62 63 282
62 64 158
62 65 241
62 66 201
62 67 94
62 68 26
62 69 125
62 70 62
62 71 142
62 72 145
62 73 132
62 74 234
62 75 38
62 76 292
62 77 272
62 78 123
62 79 289
62 80 231
62 81 29
62 82 71
62 83 207
62 84 171
62 85 238
62 86 237
62 87 116
62 88 280
62 89 29
62 90 223
62 91 1
62 92 227
62 93 106
62 94 168
62 95 36
62 96 225
62 97 290
62 98 111
62 99 89
62 100 267
63 64 205
63 65 11
63 66 219
63 67 2
63 68 186
63 69 43
63 70 238
63 71 235
63 72 103
63 73 237
63 74 153
63 75 8
63 76 158
63 77 152
63 78 39
63 79 254
63 80 73
63 81 71
63 82 71
63 83 86
63 84 55
63 85 285
63 86 22
63 87 201
63 88 153
63 89 55
63 90 9
63 91 38
63 92 19
63 93 182
63 94 218
63 95 133
63 96 20
63 97 255
63 98 94
63 99 198
63 100 260
64 65 290
64 66 149
64 67 220
64 68 86
64 69 108
64 70 186
64 71 251
64 72 93
64 73 56
64 74 280
64 75 21
64 76 46
64 77 45
64 78 264
64 79 8
64 80 203
64 81 5
64 82 141
64 83 15
64 84 217
64 85 14
64 86 110
64 87 253
64 88 117
64 89 249
64 90 291
64 91 110
64 92 171
64 93 219
64 94 243
64 95 297
64 96 51
64 97 101
64 98 264
64 99 147
64 100 279
65 66 103
65 67 121
65 68 214
65 69 228
65 70 76
65 71 195
65 72 61
65 73 37
65 74 185
65 75 96
65 76 105
65 77 219
65 78 121
65 79 211
65 80 126
65 81 239
65 82 68
65 83 24
65 84 131
65 85 265
65 86 27
65 87 1
65 88 128
65 89 248
65 90 124
65 91 262
65 92 231
65 93 187
65 94 50
65 95 269
65 96 291
65 97 278
65 98 0
65 99 171
65 100 276
66 67 196
66 68 235
66 69 139
66 70 60
66 71 292
66 72 71
66 73 267
66 74 4
66 75 135
66 76 159
66 77 274
66 78 153
66 79 292
66 80 15
66 81 97
66 82 232
66 83 103
66 84 265
66 85 24
66 86 18
66 87 45
66 88 31
66 89 75
66 90 225
66 91 83
66 92 77
66 93 208
66 94 42
66 95 145
66 96 107
66 97 102
66 98 136
66 99 220
66 100 41
67 68 13
67 69 256
67 70 270
67 71 48
67 72 282
67 73 220
67 74 100
67 75 139
67 76 255
67 77 202
67 78 254
67 79 250
67 80 143
67 81 130
67 82 190
67 83 48
67 84 249
67 85 203
67 86 74
67 87 208
67 88 156
67 89 163
67 90 225
67 91 184
67 92 253
67 93 259
67 94 130
67 95 94
67 96 245
67 97 276
67 98 101
67 99 276
67 100 230
68 69 173
68 70 145
68 71 43
68 72 105
68 73 60
68 74 286
68 75 223
68 76 72
68 77 191
68 78 77
68 79 47
68 80 101
68 81 191
68 82 228
68 83 50
68 84 99
68 85 261
68 86 144
68 87 59
68 88 1
68 89 158
68 90 50
68 91 209
68 92 208
68 93 205
68 94 229
68 95 32
68 96 176
68 97 75
68 98 38
68 99 249
68 100 120
69 70 12
69 71 94
69 72 35
69 73 73
69 74 9
69 75 205
69 76 96
69 77 101
69 78 207
69 79 168
69 80 8
69 81 234
69 82 196
69 83 221
69 84 115
69 85 227
69 86 290
69 87 22
69 88 80
69 89 259
69 90 178
69 91 120
69 92 82
69 93 150
69 94 193
69 95 198
69 96 220
69 97 57
69 98 126
69 99 219
69 100 284
70 71 252
70 72 211
70 73 69
70 74 138
70 75 135
70 76 62
70 77 298
70 78 11
70 79 12
70 80 252
70 81 174
70 82 25
70 83 137
70 84 53
70 85 87
70 86 5
70 87 180
70 88 105
70 89 212
70 90 74
70 91 135
70 92 285
70 93 105
70 94 16
70 95 206
70 96 26
70 97 143
70 98 289
70 99 172
70 100 291
71 72 53
71 73 242
71 74 25
71 75 269
71 76 80
71 77 226
71 78 292
71 79 266
71 80 213
71 81 263
71 82 142
71 83 183
71 84 268
71 85 77
71 86 247
71 87 220
71 88 185
71 89 201
71 90 90
71 91 66
71 92 214
71 93 286
71 94 254
71 95 29
71 96 21
71 97 94
71 98 208
71 99 22
71 100 128
72 73 260
72 74 115
72 75 263
72 76 52
72 77 6
72 78 194
72 79 70
72 80 63
72 81 241
72 82 205
72 83 213
72 84 118
72 85 205
72 86 299
72 87 55
72 88 1
72 89 272
72 90 97
72 91 185
72 92 3
72 93 19
72 94 61
72 95 0
72 96 95
72 97 142
72 98 168
72 99 290
72 100 25
73 74 161
73 75 168
73 76 242
73 77 125
73 78 99
73 79 267
73 80 184
73 81 64
73 82 295
73 83 281
73 84 263
73 85 28
73 86 49
73 87 109
73 88 261
73 89 36
73 90 247
73 91 233
73 92 232
73 93 66
73 94 40
73 95 247
73 96 88
73 97 266
73 98 13
73 99 114
73 100 282
74 75 51
74 76 66
74 77 254
74 78 158
74 79 254
74 80 145
74 81 88
74 82 285
74 83 243
74 84 217
74 85 49
74 86 28
74 87 36
74 88 135
74 89 183
74 90 190
74 91 249
74 92 6
74 93 179
74 94 273
74 95 193
74 96 241
74 97 273
74 98 214
74 99 157
74 100 259
75 76 137
75 77 281
75 78 18
75 79 77
75 80 102
75 81 143
75 82 46
75 83 182
75 84 79
75 85 82
75 86 87
75 87 265
75 88 158
75 89 80
75 90 187
75 91 153
75 92 86
75 93 200
75 94 209
75 95 98
75 96 127
75 97 239
75 98 213
75 99 34
75 100 107
76 77 186
76 78 79
76 79 161
76 80 246
76 81 235
76 82 114
76 83 11
76 84 55
76 85 134
76 86 230
76 87 43
76 88 20
76 89 231
76 90 204
76 91 298
76 92 189
76 93 298
76 94 150
76 95 12
76 96 164
76 97 183
76 98 63
76 99 98
76 100 129
77 78 141
77 79 271
77 80 148
77 81 205
77 82 248
77 83 50
77 84 206
77 85 257
77 86 91
77 87 111
77 88 189
77 89 126
77 90 3
77 91 7
77 92 276
77 93 297
77 94 38
77 95 69
77 96 119
77 97 126
77 98 145
77 99 125
77 100 22
78 79 83
78 80 30
78 81 66
78 82 116
78 83 282
78 84 142
78 85 141
78 86 6
78 87 52
78 88 162
78 89 7
78 90 261
78 91 267
78 92 243
78 93 169
78 94 78
78 95 101
78 96 72
78 97 205
78 98 6
78 99 162
78 100 232
79 80 240
79 81 144
79 82 132
79 83 38
79 84 34
79 85 62
79 86 103
79 87 35
79 88 67
79 89 70
79 90 182
79 91 106
79 92 245
79 93 118
79 94 62
79 95 60
79 96 198
79 97 211
79 98 147
79 99 259
79 100 38
80 81 277
80 82 189
80 83 68
80 84 173
80 85 142
80 86 134
80 87 89
80 88 171
80 89 41
80 90 259
80 91 67
80 92 218
80 93 164
80 94 123
80 95 24
80 96 29
80 97 296
80 98 153
80 99 212
80 100 204
81 82 219
81 83 35
81 84 126
81 85 288
81 86 205
81 87 278
81 88 192
81 89 262
81 90 293
81 91 89
81 92 18
81 93 219
81 94 285
81 95 215
81 96 263
81 97 294
81 98 95
81 99 232
81 100 20
82 83 7
82 84 18
82 85 58
82 86 203
82 87 136
82 88 124
82 89 6
82 90 49
82 91 96
82 92 26
82 93 79
82 94 126
82 95 204
82 96 250
82 97 224
82 98 286
82 99 17
82 100 84
83 84 173
83 85 237
83 86 134
83 87 122
83 88 275
83 89 90
83 90 204
83 91 289
83 92 67
83 93 237
83 94 146
83 95 108
83 96 198
83 97 286
83 98 208
83 99 146
83 100 160
84 85 235
84 86 142
84 87 231
84 88 34
84 89 253
84 90 13
84 91 53
84 92 298
84 93 141
84 94 229
84 95 14
84 96 179
84 97 196
84 98 21
84 99 276
84 100 278
85 86 216
85 87 6
85 88 175
85 89 16
85 90 246
85 91 19
85 92 259
85 93 71
85 94 140
85 95 189
85 96 139
85 97 89
85 98 139
85 99 64
85 100 62
86 87 109
86 88 112
86 89 246
86 90 32
86 91 74
86 92 212
86 93 171
86 94 113
86 95 154
86 96 281
86 97 133
86 98 179
86 99 31
86 100 55
87 88 239
87 89 86
87 90 74
87 91 150
87 92 14
87 93 38
87 94 52
87 95 238
87 96 130
87 97 229
87 98 60
87 99 281
87 100 124
88 89 40
88 90 125
88 91 42
88 92 212
88 93 239
88 94 225
88 95 43
88 96 29
88 97 176
88 98 169
88 99 9
88 100 246
89 90 173
89 91 126
89 92 184
89 93 157
89 94 80
89 95 52
89 96 126
89 97 218
89 98 31
89 99 4
89 100 197
90 91 100
90 92 142
90 93 53
90 94 16
90 95 32
90 96 16
90 97 122
90 98 54
90 99 144
90 100 213
91 92 110
91 93 246
91 94 47
91 95 6
91 96 69
91 97 166
91 98 104
91 99 233
91 100 47
92 93 209
92 94 162
92 95 62
92 96 163
92 97 169
92 98 177
92 99 2
92 100 162
93 94 55
93 95 56
93 96 156
93 97 79
93 98 112
93 99 212
93 100 196
94 95 260
94 96 42
94 97 21
94 98 125
94 99 189
94 100 105
95 96 200
95 97 82
95 98 49
95 99 264
95 100 260
96 97 257
96 98 115
96 99 21
96 100 14
97 98 9
97 99 12
97 100 272
98 99 234
98 100 259
99 100 257
