100 4950
1 2 215
1 3 43
1 4 88
1 5 252
1 6 71
1 7 89
1 8 259
1 9 234
1 10 9
1 11 4
1 12 139
1 13 259
1 14 65
1 15 35
1 16 280
1 17 42
1 18 82
1 19 138
1 20 100
1 21 100
1 22 185
1 23 249
1 24 166
1 25 77
1 26 267
1 27 62
1 28 120
1 29 157
1 30 52
1 31 221
1 32 90
1 33 239
1 34 64
1 35 139
1 36 110
1 37 62
1 38 208
1 39 211
1 40 229
1 41 74
1 42 61
1 43 50
1 44 173
1 45 152
1 46 299
1 47 203
1 48 178
1 49 98
1 50 105
1 51 235
1 52 68
1 53 187
1 54 250
1 55 206
1 56 281
1 57 198
1 58 142
1 59 189
1 60 51
1 61 159
1 62 256
1 63 236
1 64 126
1 65 78
1 66 129
1 67 147
1 68 76
1 69 187
1 70 7
1 71 198
1 72 106
1 73 228
1 74 200
1 75 265
1 76 119
1 77 82
1 78 125
1 79 0
1 80 122
1 81 227
1 82 82
1 83 194
1 84 136
1 85 187
1 86 78
1 87 220
1 88 190
1 89 49
1 90 176
1 91 43
1 92 83
1 93 69
1 94 222
1 95 97
1 96 6
1 97 143
1 98 48
1 99 257
1 100 191
2 3 36
2 4 59
2 5 53
2 6 248
2 7 147
2 8 286
2 9 7
2 10 41
2 11 294
2 12 183
2 13 262
2 14 217
2 15 97
2 16 114
2 17 191
2 18 67
2 19 77
2 20 246
2 21 202
2 22 175
2 23 244
2 24 196
2 25 133
2 26 232
2 27 265
2 28 138
2 29 104
2 30 287
2 31 57
2 32 125
2 33 296
2 34 292
2 35 207
2 36 206
2 37 99
2 38 266
2 39 229
2 40 226
2 41 165
2 42 150
2 43 62
2 44 61
2 45 30
2 46 178
2 47 294
2 48 167
2 49 132
2 50 272
2 51 207
2 52 26
2 53 213
2 54 297
2 55 224
2 56 165
2 57 92
2 58 126
2 59 24
2 60 288
2 61 155
2 62 181
2 63 4
2 64 21
2 65 175
2 66 24
2 67 93
2 68 207
2 69 208
2 70 243
2 71 168
2 72 167
2 73 185
2 74 210
2 75 175
2 76 88
2 77 261
2 78 239
2 79 158
2 80 288
2 81 278
2 82 286
2 83 87
2 84 84
2 85 135
2 86 260
2 87 141
2 88 179
2 89 251
2 90 116
2 91 271
2 92 288
2 93 130
2 94 198
2 95 180
2 96 25
2 97 253
2 98 153
2 99 153
2 100 81
3 4 114
3 5 286
3 6 204
3 7 21
3 8 160
3 9 184
3 10 73
3 11 11
3 12 42
3 13 276
3 14 142
3 15 265
3 16 125
3 17 61
3 18 2
3 19 139
3 20 134
3 21 264
3 22 133
3 23 243
3 24 212
3 25 273
3 26 263
3 27 148
3 28 210
3 29 82
3 30 9
3 31 247
3 32 71
3 33 164
3 34 299
3 35 285
3 36 247
3 37 117
3 38 42
3 39 252
3 40 115
3 41 227
3 42 204
3 43 164
3 44 284
3 45 243
3 46 258
3 47 55
3 48 29
3 49 123
3 50 297
3 51 14
3 52 20
3 53 255
3 54 155
3 55 258
3 56 246
3 57 3
3 58 75
3 59 178
3 60 282
3 61 150
3 62 29
3 63 158
3 64 23
3 65 274
3 66 134
3 67 7
3 68 108
3 69 120
3 70 280
3 71 212
3 72 140
3 73 257
3 74 163
3 75 104
3 76 202
3 77 271
3 78 234
3 79 299
3 80 129
3 81 119
3 82 262
3 83 38
3 84 203
3 85 232
3 86 53
3 87 138
3 88 31
3 89 190
3 90 155
3 91 36
3 92 257
3 93 177
3 94 232
3 95 221
3 96 89
3 97 181
3 98 228
3 99 210
3 100 95
4 5 71
4 6 206
4 7 98
4 8 206
4 9 290
4 10 270
4 11 61
4 12 34
4 13 247
4 14 109
4 15 34
4 16 34
4 17 158
4 18 170
4 19 104
4 20 117
4 21 240
4 22 177
4 23 164
4 24 179
4 25 107
4 26 190
4 27 288
4 28 106
4 29 157
4 30 184
4 31 28
4 32 274
4 33 231
4 34 118
4 35 108
4 36 62
4 37 115
4 38 175
4 39 145
4 40 156
4 41 288
4 42 100
4 43 72
4 44 201
4 45 192
4 46 146
4 47 231
4 48 268
4 49 207
4 50 247
4 51 197
4 52 122
4 53 123
4 54 187
4 55 33
4 56 269
4 57 192
4 58 143
4 59 168
4 60 276
4 61 212
4 62 291
4 63 298
4 64 66
4 65 10
4 66 223
4 67 266
4 68 226
4 69 164
4 70 67
4 71 9
4 72 10
4 73 294
4 74 54
4 75 134
4 76 167
4 77 235
4 78 231
4 79 80
4 80 130
4 81 48
4 82 183
4 83 294
4 84 255
4 85 101
4 86 110
4 87 102
4 88 150
4 89 161
4 90 119
4 91 2
4 92 127
4 93 53
4 94 6
4 95 148
4 96 122
4 97 57
4 98 80
4 99 163
4 100 3
5 6 103
5 7 162
5 8 176
5 9 201
5 10 226
5 11 172
5 12 128
5 13 240
5 14 198
5 15 265
5 16 157
5 17 139
5 18 248
5 19 27
5 20 251
5 21 55
5 22 55
5 23 112
5 24 259
5 25 159
5 26 63
5 27 44
5 28 83
5 29 284
5 30 256
5 31 265
5 32 294
5 33 160
5 34 183
5 35 295
5 36 112
5 37 261
5 38 176
5 39 90
5 40 212
5 41 236
5 42 38
5 43 105
5 44 177
5 45 128
5 46 150
5 47 154
5 48 127
5 49 284
5 50 67
5 51 287
5 52 187
5 53 249
5 54 216
5 55 124
5 56 124
5 57 187
5 58 110
5 59 265
5 60 157
5 61 284
5 62 158
5 63 46
5 64 204
5 65 88
5 66 244
5 67 287
5 68 251
5 69 124
5 70 234
5 71 261
5 72 138
5 73 28
5 74 100
5 75 271
5 76 214
5 77 15
5 78 221
5 79 5
5 80 58
5 81 75
5 82 106
5 83 31
5 84 5
5 85 159
5 86 247
5 87 239
5 88 75
5 89 185
5 90 119
5 91 18
5 92 209
5 93 201
5 94 286
5 95 70
5 96 129
5 97 106
5 98 132
5 99 65
5 100 219
6 7 228
6 8 37
6 9 160
6 10 0
6 11 204
6 12 257
6 13 158
6 14 166
6 15 276
6 16 137
6 17 22
6 18 259
6 19 61
6 20 158
6 21 120
6 22 262
6 23 167
6 24 262
6 25 66
6 26 14
6 27 192
6 28 33
6 29 179
6 30 227
6 31 12
6 32 112
6 33 64
6 34 79
6 35 136
6 36 82
6 37 221
6 38 268
6 39 1
6 40 14
6 41 159
6 42 100
6 43 161
6 44 130
6 45 184
6 46 125
6 47 264
6 48 229
6 49 203
6 50 29
6 51 203
6 52 24
6 53 272
6 54 42
6 55 208
6 56 228
6 57 202
6 58 262
6 59 83
6 60 117
6 61 66
6 62 64
6 63 124
6 64 110
6 65 181
6 66 113
6 67 299
6 68 12
6 69 117
6 70 266
6 71 153
6 72 111
6 73 126
6 74 293
6 75 288
6 76 193
6 77 198
6 78 281
6 79 121
6 80 6
6 81 78
6 82 112
6 83 6
6 84 64
6 85 162
6 86 164
6 87 186
6 88 298
6 89 239
6 90 223
6 91 112
6 92 227
6 93 171
6 94 0
6 95 206
6 96 18
6 97 152
6 98 224
6 99 43
6 100 54
7 8 72
7 9 129
7 10 170
7 11 61
7 12 294
7 13 168
7 14 229
7 15 224
7 16 201
7 17 135
7 18 175
7 19 274
7 20 224
7 21 145
7 22 4
7 23 289
7 24 264
7 25 231
7 26 4
7 27 164
7 28 159
7 29 163
7 30 275
7 31 240
7 32 108
7 33 224
7 34 188
7 35 286
7 36 282
7 37 31
7 38 203
7 39 228
7 40 288
7 41 12
7 42 31
7 43 203
7 44 225
7 45 143
7 46 276
7 47 297
7 48 53
7 49 76
7 50 234
7 51 196
7 52 104
7 53 117
7 54 223
7 55 52
7 56 102
7 57 219
7 58 208
7 59 243
7 60 227
7 61 153
7 62 185
7 63 0
7 64 118
7 65 4
7 66 213
7 67 135
7 68 140
7 69 127
7 70 253
7 71 3
7 72 6
7 73 9
7 74 201
7 75 234
7 76 167
7 77 180
7 78 187
7 79 57
7 80 56
7 81 42
7 82 53
7 83 23
7 84 17
7 85 20
7 86 163
7 87 214
7 88 259
7 89 183
7 90 138
7 91 246
7 92 211
7 93 105
7 94 226
7 95 153
7 96 298
7 97 70
7 98 10
7 99 16
7 100 41
8 9 78
8 10 276
8 11 266
8 12 31
8 13 171
8 14 55
8 15 90
8 16 187
8 17 129
8 18 137
8 19 167
8 20 104
8 21 221
8 22 192
8 23 73
8 24 280
8 25 70
8 26 24
8 27 18
8 28 296
8 29 257
8 30 80
8 31 240
8 32 100
8 33 281
8 34 33
8 35 110
8 36 136
8 37 283
8 38 121
8 39 177
8 40 2
8 41 26
8 42 245
8 43 47
8 44 146
8 45 208
8 46 171
8 47 216
8 48 246
8 49 269
8 50 208
8 51 26
8 52 228
8 53 66
8 54 60
8 55 237
8 56 148
8 57 188
8 58 217
8 59 144
8 60 145
8 61 42
8 62 42
8 63 150
8 64 96
8 65 82
8 66 191
8 67 137
8 68 184
8 69 144
8 70 45
8 71 271
8 72 119
8 73 100
8 74 17
8 75 260
8 76 100
8 77 36
8 78 250
8 79 268
8 80 79
8 81 92
8 82 289
8 83 200
8 84 92
8 85 31
8 86 64
8 87 99
8 88 251
8 89 186
8 90 241
8 91 117
8 92 121
8 93 56
8 94 164
8 95 122
8 96 118
8 97 249
8 98 211
8 99 276
8 100 170
9 10 243
9 11 288
9 12 62
9 13 220
9 14 74
9 15 125
9 16 50
9 17 198
9 18 46
9 19 38
9 20 150
9 21 176
9 22 52
9 23 72
9 24 299
9 25 293
9 26 115
9 27 260
9 28 77
9 29 212
9 30 262
9 31 164
9 32 173
9 33 128
9 34 29
9 35 34
9 36 226
9 37 285
9 38 150
9 39 130
9 40 131
9 41 24
9 42 234
9 43 121
9 44 116
9 45 65
9 46 267
9 47 146
9 48 52
9 49 248
9 50 44
9 51 64
9 52 60
9 53 158
9 54 111
9 55 103
9 56 268
9 57 114
9 58 212
9 59 102
9 60 58
9 61 164
9 62 208
9 63 149
9 64 276
9 65 287
9 66 232
9 67 187
9 68 166
9 69 190
9 70 244
9 71 276
9 72 54
9 73 185
9 74 129
9 75 151
9 76 85
9 77 256
9 78 180
9 79 174
9 80 238
9 81 80
9 82 166
9 83 140
9 84 27
9 85 81
9 86 179
9 87 269
9 88 225
9 89 294
9 90 31
9 91 7
9 92 87
9 93 104
9 94 245
9 95 120
9 96 32
9 97 87
9 98 273
9 99 3
9 100 47
10 11 299
10 12 44
10 13 3
10 14 269
10 15 94
10 16 200
10 17 114
10 18 116
10 19 231
10 20 142
10 21 78
10 22 182
10 23 243
10 24 35
10 25 173
10 26 253
10 27 231
10 28 137
10 29 155
10 30 187
10 31 250
10 32 76
10 33 142
10 34 57
10 35 130
10 36 181
10 37 17
10 38 4
10 39 41
10 40 229
10 41 253
10 42 276
10 43 37
10 44 224
10 45 215
10 46 135
10 47 14
10 48 122
10 49 48
10 50 179
10 51 71
10 52 72
10 53 195
10 54 49
10 55 104
10 56 118
10 57 265
10 58 263
10 59 22
10 60 149
10 61 299
10 62 53
10 63 120
10 64 23
10 65 212
10 66 290
10 67 223
10 68 85
10 69 1
10 70 188
10 71 170
10 72 169
10 73 39
10 74 66
10 75 153
10 76 21
10 77 68
10 78 296
10 79 108
10 80 230
10 81 78
10 82 45
10 83 172
10 84 191
10 85 169
10 86 28
10 87 102
10 88 263
10 89 152
10 90 17
10 91 267
10 92 288
10 93 295
10 94 29
10 95 164
10 96 298
10 97 199
10 98 182
10 99 48
10 100 65
11 12 192
11 13 240
11 14 259
11 15 186
11 16 152
11 17 84
11 18 138
11 19 71
11 20 63
11 21 123
11 22 57
11 23 67
11 24 146
11 25 281
11 26 254
11 27 279
11 28 181
11 29 21
11 30 47
11 31 3
11 32 121
11 33 168
11 34 264
11 35 88
11 36 115
11 37 125
11 38 55
11 39 173
11 40 7
11 41 261
11 42 69
11 43 11
11 44 50
11 45 291
11 46 65
11 47 178
11 48 254
11 49 281
11 50 285
11 51 147
11 52 297
11 53 18
11 54 95
11 55 65
11 56 78
11 57 67
11 58 207
11 59 295
11 60 36
11 61 284
11 62 168
11 63 241
11 64 233
11 65 77
11 66 235
11 67 32
11 68 167
11 69 288
11 70 156
11 71 190
11 72 127
11 73 119
11 74 63
11 75 50
11 76 35
11 77 14
11 78 245
11 79 257
11 80 144
11 81 192
11 82 90
11 83 119
11 84 125
11 85 206
11 86 163
11 87 267
11 88 220
11 89 28
11 90 51
11 91 286
11 92 119
11 93 249
11 94 75
11 95 227
11 96 156
11 97 201
11 98 106
11 99 8
11 100 258
12 13 256
12 14 141
12 15 246
12 16 136
12 17 132
12 18 130
12 19 221
12 20 263
12 21 206
12 22 260
12 23 236
12 24 115
12 25 239
12 26 295
12 27 294
12 28 154
12 29 213
12 30 271
12 31 131
12 32 204
12 33 164
12 34 181
12 35 290
12 36 134
12 37 237
12 38 216
12 39 69
12 40 245
12 41 197
12 42 221
12 43 283
12 44 29
12 45 206
12 46 135
12 47 174
12 48 19
12 49 109
12 50 64
12 51 188
12 52 102
12 53 259
12 54 265
12 55 177
12 56 119
12 57 206
12 58 178
12 59 269
12 60 14
12 61 22
12 62 61
12 63 234
12 64 111
12 65 271
12 66 237
12 67 266
12 68 35
12 69 1
12 70 40
12 71 207
12 72 286
12 73 264
12 74 57
12 75 26
12 76 275
12 77 89
12 78 205
12 79 104
12 80 222
12 81 19
12 82 214
12 83 210
12 84 150
12 85 254
12 86 174
12 87 27
12 88 200
12 89 144
12 90 78
12 91 223
12 92 8
12 93 94
12 94 1
12 95 1
12 96 150
12 97 232
12 98 260
12 99 33
12 100 63
13 14 133
13 15 237
13 16 141
13 17 284
13 18 215
13 19 255
13 20 181
13 21 298
13 22 291
13 23 200
13 24 68
13 25 45
13 26 197
13 27 254
13 28 180
13 29 219
13 30 215
13 31 256
13 32 42
13 33 146
13 34 136
13 35 106
13 36 289
13 37 207
13 38 237
13 39 53
13 40 155
13 41 181
13 42 241
13 43 32
13 44 32
13 45 170
13 46 62
13 47 286
13 48 113
13 49 152
13 50 52
13 51 16
13 52 120
13 53 218
13 54 213
13 55 125
13 56 107
13 57 273
13 58 109
13 59 266
13 60 262
13 61 62
13 62 257
13 63 139
13 64 270
13 65 1
13 66 220
13 67 278
13 68 142
13 69 147
13 70 268
13 71 14
13 72 17
13 73 277
13 74 162
13 75 11
13 76 111
13 77 210
13 78 42
13 79 129
13 80 206
13 81 276
13 82 296
13 83 90
13 84 280
13 85 3
13 86 184
13 87 77
13 88 104
13 89 81
13 90 201
13 91 279
13 92 93
13 93 235
13 94 247
13 95 268
13 96 268
13 97 99
13 98 244
13 99 10
13 100 51
14 15 100
14 16 255
14 17 88
14 18 152
14 19 110
14 20 211
14 21 223
14 22 218
14 23 85
14 24 254
14 25 94
14 26 168
14 27 76
14 28 237
14 29 201
14 30 135
14 31 11
14 32 190
14 33 38
14 34 119
14 35 200
14 36 246
14 37 256
14 38 88
14 39 230
14 40 117
14 41 148
14 42 134
14 43 45
14 44 33
14 45 233
14 46 200
14 47 177
14 48 81
14 49 107
14 50 40
14 51 267
14 52 156
14 53 25
14 54 108
14 55 225
14 56 148
14 57 269
14 58 258
14 59 32
14 60 273
14 61 21
14 62 30
14 63 38
14 64 265
14 65 150
14 66 148
14 67 96
14 68 84
14 69 87
14 70 266
14 71 82
14 72 134
14 73 118
14 74 155
14 75 139
14 76 55
14 77 38
14 78 253
14 79 210
14 80 195
14 81 230
14 82 208
14 83 222
14 84 142
14 85 288
14 86 261
14 87 91
14 88 30
14 89 184
14 90 214
14 91 246
14 92 48
14 93 93
14 94 251
14 95 197
14 96 278
14 97 217
14 98 202
14 99 110
14 100 192
15 16 80
15 17 290
15 18 115
15 19 127
15 20 258
15 21 226
15 22 283
15 23 49
15 24 101
15 25 219
15 26 116
15 27 283
15 28 111
15 29 262
15 30 21
15 31 189
15 32 298
15 33 172
15 34 85
15 35 177
15 36 256
15 37 184
15 38 80
15 39 153
15 40 263
15 41 282
15 42 281
15 43 3
15 44 12
15 45 39
15 46 283
15 47 37
15 48 165
15 49 256
15 50 240
15 51 177
15 52 106
15 53 73
15 54 267
15 55 134
15 56 170
15 57 61
15 58 58
15 59 64
15 60 63
15 61 227
15 62 60
15 63 215
15 64 140
15 65 113
15 66 106
15 67 150
15 68 228
15 69 293
15 70 201
15 71 33
15 72 159
15 73 224
15 74 39
15 75 182
15 76 139
15 77 139
15 78 82
15 79 256
15 80 168
15 81 157
15 82 126
15 83 20
15 84 181
15 85 38
15 86 160
15 87 108
15 88 189
15 89 193
15 90 26
15 91 40
15 92 221
15 93 247
15 94 183
15 95 236
15 96 235
15 97 221
15 98 219
15 99 53
15 100 151
16 17 99
16 18 78
16 19 211
16 20 273
16 21 109
16 22 11
16 23 110
16 24 219
16 25 204
16 26 113
16 27 18
16 28 19
16 29 141
16 30 248
16 31 176
16 32 219
16 33 45
16 34 133
16 35 43
16 36 222
16 37 153
16 38 101
16 39 218
16 40 133
16 41 6
16 42 13
16 43 17
16 44 237
16 45 293
16 46 137
16 47 169
16 48 88
16 49 136
16 50 62
16 51 122
16 52 243
16 53 250
16 54 226
16 55 242
16 56 170
16 57 90
16 58 243
16 59 87
16 60 208
16 61 109
16 62 121
16 63 235
16 64 253
16 65 43
16 66 25
16 67 71
16 68 251
16 69 138
16 70 168
16 71 279
16 72 272
16 73 34
16 74 38
16 75 200
16 76 21
16 77 89
16 78 164
16 79 59
16 80 163
16 81 226
16 82 0
16 83 52
16 84 227
16 85 6
16 86 125
16 87 191
16 88 207
16 89 36
16 90 81
16 91 113
16 92 271
16 93 281
16 94 107
16 95 71
16 96 164
16 97 290
16 98 146
16 99 95
16 100 222
17 18 203
17 19 127
17 20 84
17 21 178
17 22 40
17 23 263
17 24 285
17 25 206
17 26 256
17 27 236
17 28 58
17 29 159
17 30 215
17 31 244
17 32 62
17 33 87
17 34 51
17 35 208
17 36 2
17 37 286
17 38 134
17 39 72
17 40 24
17 41 22
17 42 219
17 43 23
17 44 256
17 45 273
17 46 179
17 47 35
17 48 209
17 49 3
17 50 237
17 51 166
17 52 14
17 53 135
17 54 281
17 55 223
17 56 149
17 57 130
17 58 293
17 59 206
17 60 131
17 61 279
17 62 131
17 63 132
17 64 278
17 65 75
17 66 76
17 67 272
17 68 44
17 69 92
17 70 115
17 71 21
17 72 106
17 73 198
17 74 100
17 75 27
17 76 239
17 77 142
17 78 5
17 79 239
17 80 16
17 81 167
17 82 105
17 83 262
17 84 164
17 85 4
17 86 143
17 87 279
17 88 109
17 89 92
17 90 296
17 91 26
17 92 104
17 93 198
17 94 13
17 95 95
17 96 87
17 97 201
17 98 73
17 99 41
17 100 178
18 19 216
18 20 180
18 21 234
18 22 57
18 23 271
18 24 78
18 25 151
18 26 61
18 27 101
18 28 84
18 29 62
18 30 46
18 31 240
18 32 75
18 33 272
18 34 299
18 35 49
18 36 269
18 37 133
18 38 249
18 39 1
18 40 138
18 41 270
18 42 43
18 43 108
18 44 250
18 45 201
18 46 205
18 47 82
18 48 90
18 49 279
18 50 54
18 51 129
18 52 46
18 53 17
18 54 241
18 55 269
18 56 193
18 57 238
18 58 143
18 59 153
18 60 298
18 61 114
18 62 234
18 63 27
18 64 182
18 65 73
18 66 68
18 67 35
18 68 267
18 69 145
18 70 204
18 71 247
18 72 121
18 73 70
18 74 199
18 75 10
18 76 279
18 77 189
18 78 63
18 79 27
18 80 118
18 81 168
18 82 54
18 83 126
18 84 60
18 85 195
18 86 199
18 87 148
18 88 69
18 89 278
18 90 201
18 91 141
18 92 36
18 93 141
18 94 90
18 95 236
18 96 109
18 97 273
18 98 189
18 99 31
18 100 291
19 20 192
19 21 190
19 22 4
19 23 275
19 24 295
19 25 4
19 26 192
19 27 9
19 28 222
19 29 207
19 30 46
19 31 125
19 32 296
19 33 208
19 34 188
19 35 114
19 36 107
19 37 118
19 38 67
19 39 7
19 40 291
19 41 83
19 42 222
19 43 282
19 44 270
19 45 133
19 46 4
19 47 224
19 48 74
19 49 130
19 50 116
19 51 68
19 52 105
19 53 42
19 54 200
19 55 3
19 56 173
19 57 216
19 58 182
19 59 63
19 60 52
19 61 174
19 62 127
19 63 54
19 64 141
19 65 79
19 66 20
19 67 41
19 68 269
19 69 231
19 70 64
19 71 206
19 72 19
19 73 150
19 74 15
19 75 112
19 76 86
19 77 196
19 78 118
19 79 261
19 80 257
19 81 92
19 82 272
19 83 25
19 84 12
19 85 26
19 86 296
19 87 226
19 88 34
19 89 46
19 90 102
19 91 61
19 92 224
19 93 209
19 94 198
19 95 65
19 96 281
19 97 132
19 98 70
19 99 137
19 100 249
20 21 129
20 22 33
20 23 228
20 24 52
20 25 46
20 26 106
20 27 297
20 28 226
20 29 193
20 30 84
20 31 263
20 32 155
20 33 59
20 34 17
20 35 189
20 36 245
20 37 202
20 38 59
20 39 172
20 40 132
20 41 105
20 42 125
20 43 129
20 44 173
20 45 16
20 46 97
20 47 202
20 48 281
20 49 255
20 50 219
20 51 5
20 52 20
20 53 282
20 54 216
20 55 37
20 56 100
20 57 171
20 58 26
20 59 264
20 60 97
20 61 127
20 62 254
20 63 156
20 64 79
20 65 244
20 66 167
20 67 64
20 68 79
20 69 64
20 70 285
20 71 217
20 72 0
20 73 102
20 74 297
20 75 165
20 76 181
20 77 0
20 78 270
20 79 253
20 80 270
20 81 153
20 82 204
20 83 235
20 84 94
20 85 155
20 86 175
20 87 66
20 88 61
20 89 260
20 90 83
20 91 188
20 92 118
20 93 219
20 94 91
20 95 254
20 96 298
20 97 45
20 98 45
20 99 105
20 100 196
21 22 240
21 23 74
21 24 129
21 25 164
21 26 232
21 27 270
21 28 221
21 29 153
21 30 227
21 31 80
21 32 231
21 33 75
21 34 79
21 35 133
21 36 65
21 37 267
21 38 283
21 39 176
21 40 195
21 41 25
21 42 173
21 43 253
21 44 277
21 45 280
21 46 12
21 47 227
21 48 49
21 49 105
21 50 34
21 51 49
21 52 284
21 53 127
21 54 52
21 55 189
21 56 228
21 57 2
21 58 41
21 59 151
21 60 292
21 61 81
21 62 254
21 63 62
21 64 170
21 65 90
21 66 277
21 67 56
21 68 239
21 69 8
21 70 213
21 71 177
21 72 193
21 73 296
21 74 147
21 75 89
21 76 275
21 77 240
21 78 247
21 79 8
21 80 5
21 81 10
21 82 225
21 83 296
21 84 61
21 85 66
21 86 278
21 87 95
21 88 124
21 89 251
21 90 241
21 91 40
21 92 52
21 93 196
21 94 90
21 95 127
21 96 247
21 97 118
21 98 276
21 99 108
21 100 135
22 23 279
22 24 216
22 25 32
22 26 24
22 27 202
22 28 281
22 29 231
22 30 88
22 31 117
22 32 221
22 33 128
22 34 246
22 35 111
22 36 84
22 37 251
22 38 16
22 39 232
22 40 186
22 41 88
22 42 194
22 43 153
22 44 244
22 45 15
22 46 130
22 47 79
22 48 272
22 49 119
22 50 210
22 51 50
22 52 50
22 53 144
22 54 261
22 55 215
22 56 135
22 57 186
22 58 267
22 59 291
22 60 239
22 61 195
22 62 10
22 63 81
22 64 89
22 65 207
22 66 263
22 67 100
22 68 188
22 69 242
22 70 86
22 71 258
22 72 44
22 73 46
22 74 106
22 75 4
22 76 222
22 77 78
22 78 297
22 79 248
22 80 109
22 81 221
22 82 214
22 83 160
22 84 288
22 85 119
22 86 138
22 87 250
22 88 136
22 89 198
22 90 270
22 91 187
22 92 99
22 93 13
22 94 273
22 95 205
22 96 144
22 97 160
22 98 229
22 99 154
22 100 85
23 24 101
23 25 279
23 26 39
23 27 214
23 28 9
23 29 150
23 30 6
23 31 239
23 32 90
23 33 277
23 34 104
23 35 220
23 36 108
23 37 292
23 38 101
23 39 192
23 40 211
23 41 59
23 42 280
23 43 20
23 44 16
23 45 74
23 46 25
23 47 262
23 48 274
23 49 181
23 50 63
23 51 104
23 52 285
23 53 280
23 54 269
23 55 49
23 56 161
23 57 207
23 58 256
23 59 58
23 60 239
23 61 167
23 62 53
23 63 67
23 64 38
23 65 140
23 66 29
23 67 234
23 68 9
23 69 199
23 70 160
23 71 285
23 72 34
23 73 208
23 74 46
23 75 221
23 76 219
23 77 201
23 78 24
23 79 137
23 80 169
23 81 291
23 82 295
23 83 165
23 84 211
23 85 265
23 86 131
23 87 11
23 88 109
23 89 109
23 90 269
23 91 284
23 92 183
23 93 272
23 94 70
23 95 266
23 96 208
23 97 29
23 98 193
23 99 108
23 100 189
24 25 112
24 26 292
24 27 154
24 28 31
24 29 153
24 30 297
24 31 25
24 32 76
24 33 122
24 34 273
24 35 215
24 36 299
24 37 15
24 38 244
24 39 66
24 40 220
24 41 44
24 42 128
24 43 191
24 44 96
24 45 57
24 46 130
24 47 87
24 48 298
24 49 229
24 50 135
24 51 92
24 52 193
24 53 242
24 54 136
24 55 270
24 56 39
24 57 110
24 58 201
24 59 167
24 60 10
24 61 54
24 62 59
24 63 39
24 64 220
24 65 71
24 66 216
24 67 19
24 68 218
24 69 222
24 70 197
24 71 77
24 72 274
24 73 161
24 74 140
24 75 255
24 76 38
24 77 205
24 78 217
24 79 131
24 80 276
24 81 185
24 82 157
24 83 287
24 84 228
24 85 180
24 86 72
24 87 84
24 88 39
24 89 113
24 90 156
24 91 49
24 92 60
24 93 20
24 94 250
24 95 175
24 96 267
24 97 59
24 98 86
24 99 296
24 100 124
25 26 129
25 27 241
25 28 88
25 29 84
25 30 200
25 31 152
25 32 206
25 33 198
25 34 217
25 35 138
25 36 99
25 37 144
25 38 81
25 39 6
25 40 30
25 41 136
25 42 274
25 43 250
25 44 229
25 45 164
25 46 100
25 47 74
25 48 250
25 49 211
25 50 239
25 51 22
25 52 63
25 53 225
25 54 201
25 55 299
25 56 191
25 57 212
25 58 24
25 59 188
25 60 212
25 61 267
25 62 167
25 63 22
25 64 161
25 65 68
25 66 85
25 67 85
25 68 176
25 69 97
25 70 206
25 71 131
25 72 127
25 73 219
25 74 1
25 75 255
25 76 221
25 77 173
25 78 90
25 79 8
25 80 289
25 81 11
25 82 253
25 83 231
25 84 262
25 85 240
25 86 222
25 87 192
25 88 57
25 89 172
25 90 48
25 91 74
25 92 155
25 93 275
25 94 42
25 95 179
25 96 239
25 97 15
25 98 81
25 99 126
25 100 144
26 27 113
26 28 185
26 29 125
26 30 273
26 31 149
26 32 33
26 33 81
26 34 73
26 35 296
26 36 187
26 37 102
26 38 33
26 39 155
26 40 292
26 41 19
26 42 139
26 43 5
26 44 207
26 45 211
26 46 104
26 47 132
26 48 83
26 49 158
26 50 14
26 51 219
26 52 36
26 53 264
26 54 1
26 55 31
26 56 160
26 57 272
26 58 116
26 59 294
26 60 51
26 61 39
26 62 104
26 63 68
26 64 233
26 65 42
26 66 165
26 67 13
26 68 156
26 69 200
26 70 46
26 71 128
26 72 170
26 73 174
26 74 52
26 75 81
26 76 76
26 77 275
26 78 274
26 79 283
26 80 189
26 81 109
26 82 123
26 83 158
26 84 256
26 85 123
26 86 157
26 87 94
26 88 139
26 89 142
26 90 259
26 91 27
26 92 95
26 93 196
26 94 217
26 95 55
26 96 47
26 97 155
26 98 10
26 99 89
26 100 113
27 28 106
27 29 254
27 30 158
27 31 30
27 32 269
27 33 27
27 34 171
27 35 127
27 36 87
27 37 276
27 38 205
27 39 3
27 40 60
27 41 43
27 42 156
27 43 126
27 44 236
27 45 195
27 46 190
27 47 159
27 48 136
27 49 6
27 50 217
27 51 286
27 52 84
27 53 243
27 54 265
27 55 88
27 56 158
27 57 148
27 58 207
27 59 6
27 60 229
27 61 61
27 62 200
27 63 162
27 64 63
27 65 291
27 66 8
27 67 200
27 68 124
27 69 57
27 70 58
27 71 139
27 72 195
27 73 221
27 74 5
27 75 54
27 76 20
27 77 237
27 78 14
27 79 273
27 80 35
27 81 281
27 82 120
27 83 31
27 84 37
27 85 218
27 86 246
27 87 143
27 88 195
27 89 234
27 90 157
27 91 281
27 92 199
27 93 111
27 94 221
27 95 146
27 96 138
27 97 235
27 98 240
27 99 249
27 100 12
28 29 51
28 30 99
28 31 147
28 32 51
28 33 144
28 34 148
28 35 195
28 36 168
28 37 151
28 38 111
28 39 187
28 40 189
28 41 36
28 42 216
28 43 137
28 44 154
28 45 258
28 46 208
28 47 152
28 48 149
28 49 153
28 50 72
28 51 109
28 52 211
28 53 71
28 54 94
28 55 46
28 56 83
28 57 31
28 58 210
28 59 242
28 60 71
28 61 24
28 62 202
28 63 1
28 64 29
28 65 90
28 66 37
28 67 95
28 68 131
28 69 265
28 70 86
28 71 222
28 72 232
28 73 135
28 74 226
28 75 228
28 76 87
28 77 88
28 78 53
28 79 6
28 80 3
28 81 269
28 82 190
28 83 174
28 84 251
28 85 278
28 86 216
28 87 38
28 88 207
28 89 66
28 90 193
28 91 284
28 92 279
28 93 252
28 94 127
28 95 241
28 96 9
28 97 4
28 98 251
28 99 164
28 100 286
29 30 165
29 31 239
29 32 185
29 33 255
29 34 30
29 35 153
29 36 85
29 37 78
29 38 287
29 39 9
29 40 201
29 41 104
29 42 209
29 43 61
29 44 201
29 45 39
29 46 16
29 47 299
29 48 254
29 49 144
29 50 71
29 51 257
29 52 193
29 53 105
29 54 250
29 55 46
29 56 65
29 57 135
29 58 36
29 59 165
29 60 50
29 61 210
29 62 66
29 63 159
29 64 256
29 65 164
29 66 195
29 67 48
29 68 24
29 69 116
29 70 137
29 71 5
29 72 7
29 73 278
29 74 289
29 75 280
29 76 59
29 77 49
29 78 200
29 79 37
29 80 100
29 81 25
29 82 197
29 83 148
29 84 182
29 85 42
29 86 218
29 87 89
29 88 209
29 89 204
29 90 161
29 91 298
29 92 22
29 93 144
29 94 235
29 95 226
29 96 226
29 97 3
29 98 69
29 99 13
29 100 134
30 31 87
30 32 106
30 33 159
30 34 283
30 35 148
30 36 56
30 37 281
30 38 173
30 39 275
30 40 79
30 41 84
30 42 215
30 43 53
30 44 138
30 45 232
30 46 240
30 47 199
30 48 256
30 49 299
30 50 226
30 51 154
30 52 280
30 53 139
30 54 133
30 55 48
30 56 59
30 57 131
30 58 178
30 59 181
30 60 282
30 61 288
30 62 106
30 63 41
30 64 76
30 65 259
30 66 33
30 67 223
30 68 62
30 69 222
30 70 144
30 71 216
30 72 186
30 73 3
30 74 234
30 75 284
30 76 164
30 77 76
30 78 258
30 79 230
30 80 152
30 81 20
30 82 254
30 83 46
30 84 59
30 85 72
30 86 65
30 87 46
30 88 270
30 89 23
30 90 210
30 91 233
30 92 82
30 93 288
30 94 279
30 95 48
30 96 26
30 97 127
30 98 186
30 99 289
30 100 112
31 32 151
31 33 65
31 34 275
31 35 224
31 36 0
31 37 287
31 38 143
31 39 23
31 40 132
31 41 100
31 42 153
31 43 22
31 44 266
31 45 120
31 46 230
31 47 44
31 48 80
31 49 33
31 50 254
31 51 162
31 52 47
31 53 88
31 54 222
31 55 51
31 56 197
31 57 239
31 58 283
31 59 94
31 60 104
31 61 57
31 62 186
31 63 168
31 64 284
31 65 40
31 66 280
31 67 272
31 68 201
31 69 28
31 70 240
31 71 291
31 72 126
31 73 297
31 74 228
31 75 132
31 76 197
31 77 280
31 78 66
31 79 213
31 80 183
31 81 228
31 82 187
31 83 258
31 84 33
31 85 245
31 86 83
31 87 35
31 88 88
31 89 288
31 90 0
31 91 234
31 92 242
31 93 83
31 94 12
31 95 199
31 96 260
31 97 94
31 98 167
31 99 109
31 100 148
32 33 37
32 34 135
32 35 112
32 36 236
32 37 243
32 38 100
32 39 105
32 40 261
32 41 87
32 42 267
32 43 23
32 44 16
32 45 23
32 46 273
32 47 72
32 48 202
32 49 189
32 50 21
32 51 92
32 52 251
32 53 171
32 54 26
32 55 17
32 56 131
32 57 252
32 58 88
32 59 248
32 60 268
32 61 43
32 62 279
32 63 34
32 64 175
32 65 220
32 66 8
32 67 230
32 68 30
32 69 162
32 70 201
32 71 215
32 72 95
32 73 155
32 74 224
32 75 86
32 76 298
32 77 128
32 78 275
32 79 277
32 80 124
32 81 147
32 82 263
32 83 133
32 84 175
32 85 222
32 86 229
32 87 258
32 88 185
32 89 36
32 90 148
32 91 197
32 92 76
32 93 197
32 94 243
32 95 87
32 96 68
32 97 185
32 98 182
32 99 59
32 100 171
33 34 202
33 35 166
33 36 61
33 37 26
33 38 19
33 39 237
33 40 171
33 41 232
33 42 58
33 43 287
33 44 102
33 45 49
33 46 299
33 47 196
33 48 135
33 49 41
33 50 44
33 51 214
33 52 124
33 53 10
33 54 28
33 55 277
33 56 135
33 57 47
33 58 282
33 59 33
33 60 223
33 61 240
33 62 71
33 63 102
33 64 191
33 65 298
33 66 213
33 67 280
33 68 262
33 69 176
33 70 289
33 71 279
33 72 176
33 73 225
33 74 32
33 75 200
33 76 269
33 77 5
33 78 217
33 79 149
33 80 122
33 81 161
33 82 81
33 83 18
33 84 138
33 85 226
33 86 228
33 87 294
33 88 59
33 89 299
33 90 145
33 91 292
33 92 78
33 93 17
33 94 191
33 95 132
33 96 123
33 97 166
33 98 3
33 99 183
33 100 10
34 35 91
34 36 164
34 37 271
34 38 37
34 39 263
34 40 286
34 41 205
34 42 45
34 43 238
34 44 58
34 45 191
34 46 279
34 47 16
34 48 79
34 49 92
34 50 278
34 51 143
34 52 253
34 53 20
34 54 258
34 55 192
34 56 63
34 57 140
34 58 45
34 59 289
34 60 9
34 61 147
34 62 281
34 63 292
34 64 35
34 65 199
34 66 134
34 67 260
34 68 75
34 69 7
34 70 45
34 71 294
34 72 37
34 73 190
34 74 225
34 75 249
34 76 279
34 77 86
34 78 252
34 79 45
34 80 105
34 81 72
34 82 288
34 83 55
34 84 25
34 85 128
34 86 30
34 87 299
34 88 30
34 89 284
34 90 207
34 91 289
34 92 28
34 93 52
34 94 267
34 95 29
34 96 29
34 97 184
34 98 214
34 99 137
34 100 118
35 36 156
35 37 24
35 38 207
35 39 283
35 40 104
35 41 125
35 42 51
35 43 207
35 44 22
35 45 7
35 46 44
35 47 271
35 48 163
35 49 174
35 50 63
35 51 121
35 52 295
35 53 89
35 54 46
35 55 45
35 56 41
35 57 73
35 58 275
35 59 207
35 60 165
35 61 93
35 62 204
35 63 164
35 64 46
35 65 13
35 66 156
35 67 107
35 68 254
35 69 269
35 70 122
35 71 51
35 72 275
35 73 294
35 74 294
35 75 186
35 76 47
35 77 81
35 78 5
35 79 8
35 80 41
35 81 63
35 82 195
35 83 69
35 84 238
35 85 196
35 86 158
35 87 270
35 88 243
35 89 153
35 90 154
35 91 263
35 92 146
35 93 55
35 94 237
35 95 94
35 96 243
35 97 106
35 98 282
35 99 279
35 100 107
36 37 99
36 38 115
36 39 221
36 40 260
36 41 241
36 42 230
36 43 78
36 44 243
36 45 250
36 46 290
36 47 138
36 48 271
36 49 86
36 50 290
36 51 234
36 52 96
36 53 250
36 54 222
36 55 250
36 56 78
36 57 12
36 58 32
36 59 295
36 60 32
36 61 101
36 62 11
36 63 215
36 64 52
36 65 78
36 66 76
36 67 236
36 68 214
36 69 144
36 70 28
36 71 20
36 72 74
36 73 297
36 74 221
36 75 59
36 76 133
36 77 10
36 78 85
36 79 88
36 80 271
36 81 220
36 82 93
36 83 206
36 84 289
36 85 79
36 86 190
36 87 255
36 88 139
36 89 136
36 90 295
36 91 67
36 92 158
36 93 58
36 94 113
36 95 23
36 96 203
36 97 288
36 98 297
36 99 188
36 100 117
37 38 84
37 39 164
37 40 253
37 41 197
37 42 43
37 43 77
37 44 200
37 45 22
37 46 216
37 47 4
37 48 133
37 49 235
37 50 249
37 51 120
37 52 210
37 53 228
37 54 36
37 55 144
37 56 205
37 57 276
37 58 256
37 59 123
37 60 161
37 61 85
37 62 202
37 63 287
37 64 85
37 65 16
37 66 37
37 67 166
37 68 156
37 69 129
37 70 197
37 71 235
37 72 20
37 73 179
37 74 44
37 75 67
37 76 265
37 77 93
37 78 147
37 79 200
37 80 185
37 81 234
37 82 78
37 83 29
37 84 113
37 85 49
37 86 37
37 87 4
37 88 223
37 89 111
37 90 224
37 91 26
37 92 174
37 93 294
37 94 285
37 95 77
37 96 73
37 97 201
37 98 120
37 99 262
37 100 132
38 39 74
38 40 145
38 41 148
38 42 163
38 43 61
38 44 59
38 45 35
38 46 176
38 47 232
38 48 274
38 49 237
38 50 188
38 51 9
38 52 232
38 53 263
38 54 102
38 55 24
38 56 54
38 57 29
38 58 47
38 59 35
38 60 182
38 61 48
38 62 160
38 63 152
38 64 104
38 65 213
38 66 108
38 67 68
38 68 220
38 69 273
38 70 34
38 71 55
38 72 183
38 73 226
38 74 107
38 75 290
38 76 205
38 77 89
38 78 191
38 79 198
38 80 90
38 81 193
38 82 218
38 83 268
38 84 159
38 85 136
38 86 189
38 87 23
38 88 40
38 89 106
38 90 268
38 91 196
38 92 295
38 93 100
38 94 228
38 95 124
38 96 271
38 97 155
38 98 251
38 99 78
38 100 28
39 40 125
39 41 270
39 42 180
39 43 116
39 44 186
39 45 68
39 46 281
39 47 170
39 48 198
39 49 173
39 50 185
39 51 191
39 52 214
39 53 116
39 54 43
39 55 198
39 56 232
39 57 181
39 58 159
39 59 55
39 60 114
39 61 290
39 62 47
39 63 146
39 64 90
39 65 253
39 66 28
39 67 256
39 68 169
39 69 227
39 70 36
39 71 145
39 72 201
39 73 267
39 74 295
39 75 219
39 76 98
39 77 79
39 78 59
39 79 62
39 80 145
39 81 177
39 82 161
39 83 278
39 84 265
39 85 27
39 86 152
39 87 250
39 88 152
39 89 202
39 90 215
39 91 42
39 92 36
39 93 294
39 94 30
39 95 298
39 96 219
39 97 65
39 98 209
39 99 252
39 100 99
40 41 296
40 42 58
40 43 141
40 44 17
40 45 295
40 46 191
40 47 267
40 48 76
40 49 163
40 50 14
40 51 64
40 52 126
40 53 265
40 54 147
40 55 244
40 56 179
40 57 174
40 58 56
40 59 2
40 60 266
40 61 47
40 62 207
40 63 110
40 64 297
40 65 162
40 66 219
40 67 22
40 68 66
40 69 95
40 70 270
40 71 156
40 72 91
40 73 89
40 74 174
40 75 117
40 76 63
40 77 134
40 78 297
40 79 292
40 80 142
40 81 82
40 82 135
40 83 124
40 84 292
40 85 269
40 86 254
40 87 166
40 88 29
40 89 106
40 90 6
40 91 168
40 92 254
40 93 278
40 94 215
40 95 164
40 96 200
40 97 20
40 98 271
40 99 155
40 100 45
41 42 240
41 43 130
41 44 97
41 45 256
41 46 100
41 47 254
41 48 75
41 49 224
41 50 247
41 51 179
41 52 8
41 53 97
41 54 176
41 55 42
41 56 13
41 57 89
41 58 271
41 59 69
41 60 259
41 61 72
41 62 202
41 63 7
41 64 277
41 65 109
41 66 230
41 67 102
41 68 32
41 69 200
41 70 69
41 71 93
41 72 101
41 73 252
41 74 244
41 75 203
41 76 21
41 77 202
41 78 45
41 79 160
41 80 98
41 81 64
41 82 134
41 83 164
41 84 60
41 85 122
41 86 226
41 87 257
41 88 233
41 89 159
41 90 180
41 91 45
41 92 279
41 93 16
41 94 288
41 95 214
41 96 21
41 97 97
41 98 206
41 99 288
41 100 93
42 43 289
42 44 91
42 45 199
42 46 282
42 47 144
42 48 32
42 49 50
42 50 65
42 51 41
42 52 51
42 53 158
42 54 27
42 55 217
42 56 234
42 57 90
42 58 295
42 59 68
42 60 3
42 61 60
42 62 156
42 63 129
42 64 268
42 65 166
42 66 133
42 67 88
42 68 106
42 69 204
42 70 281
42 71 293
42 72 176
42 73 69
42 74 196
42 75 148
42 76 40
42 77 217
42 78 217
42 79 35
42 80 142
42 81 179
42 82 67
42 83 95
42 84 148
42 85 64
42 86 238
42 87 223
42 88 241
42 89 182
42 90 114
42 91 31
42 92 258
42 93 49
42 94 201
42 95 219
42 96 222
42 97 102
42 98 251
42 99 114
42 100 213
43 44 227
43 45 294
43 46 47
43 47 180
43 48 293
43 49 239
43 50 15
43 51 283
43 52 78
43 53 18
43 54 192
43 55 54
43 56 37
43 57 274
43 58 57
43 59 223
43 60 55
43 61 198
43 62 69
43 63 115
43 64 56
43 65 266
43 66 116
43 67 50
43 68 282
43 69 129
43 70 73
43 71 237
43 72 77
43 73 149
43 74 75
43 75 258
43 76 188
43 77 181
43 78 24
43 79 139
43 80 43
43 81 267
43 82 23
43 83 36
43 84 235
43 85 134
43 86 201
43 87 217
43 88 168
43 89 210
43 90 135
43 91 128
43 92 79
43 93 124
43 94 254
43 95 281
43 96 232
43 97 199
43 98 88
43 99 140
43 100 95
44 45 192
44 46 148
44 47 291
44 48 132
44 49 242
44 50 7
44 51 82
44 52 23
44 53 0
44 54 34
44 55 168
44 56 156
44 57 168
44 58 145
44 59 32
44 60 53
44 61 146
44 62 26
44 63 36
44 64 296
44 65 154
44 66 221
44 67 151
44 68 112
44 69 199
44 70 81
44 71 89
44 72 159
44 73 177
44 74 195
44 75 97
44 76 109
44 77 131
44 78 32
44 79 53
44 80 281
44 81 285
44 82 105
44 83 216
44 84 93
44 85 155
44 86 11
44 87 202
44 88 272
44 89 142
44 90 172
44 91 270
44 92 98
44 93 208
44 94 110
44 95 4
44 96 51
44 97 65
44 98 21
44 99 32
44 100 275
45 46 97
45 47 298
45 48 50
45 49 59
45 50 205
45 51 145
45 52 275
45 53 69
45 54 33
45 55 51
45 56 288
45 57 170
45 58 6
45 59 248
45 60 71
45 61 67
45 62 37
45 63 73
45 64 220
45 65 167
45 66 146
45 67 115
45 68 126
45 69 182
45 70 294
45 71 66
45 72 198
45 73 115
45 74 13
45 75 159
45 76 283
45 77 227
45 78 90
45 79 146
45 80 155
45 81 72
45 82 179
45 83 213
45 84 36
45 85 223
45 86 283
45 87 232
45 88 140
45 89 250
45 90 285
45 91 150
45 92 28
45 93 90
45 94 106
45 95 237
45 96 58
45 97 143
45 98 122
45 99 239
45 100 159
46 47 40
46 48 116
46 49 147
46 50 123
46 51 120
46 52 121
46 53 262
46 54 49
46 55 281
46 56 14
46 57 179
46 58 197
46 59 0
46 60 153
46 61 48
46 62 132
46 63 201
46 64 89
46 65 210
46 66 288
46 67 55
46 68 28
46 69 58
46 70 29
46 71 106
46 72 249
46 73 267
46 74 9
46 75 278
46 76 175
46 77 111
46 78 184
46 79 33
46 80 258
46 81 132
46 82 94
46 83 278
46 84 42
46 85 105
46 86 278
46 87 50
46 88 166
46 89 120
46 90 48
46 91 185
46 92 279
46 93 234
46 94 34
46 95 228
46 96 189
46 97 93
46 98 196
46 99 243
46 100 226
47 48 46
47 49 267
47 50 60
47 51 278
47 52 240
47 53 157
47 54 133
47 55 64
47 56 249
47 57 237
47 58 85
47 59 142
47 60 254
47 61 151
47 62 258
47 63 10
47 64 16
47 65 275
47 66 56
47 67 38
47 68 202
47 69 198
47 70 246
47 71 236
47 72 213
47 73 260
47 74 261
47 75 288
47 76 102
47 77 274
47 78 37
47 79 58
47 80 298
47 81 184
47 82 234
47 83 6
47 84 57
47 85 105
47 86 153
47 87 236
47 88 297
47 89 78
47 90 133
47 91 286
47 92 108
47 93 28
47 94 172
47 95 76
47 96 75
47 97 78
47 98 74
47 99 123
47 100 100
48 49 56
48 50 270
48 51 126
48 52 238
48 53 209
48 54 31
48 55 13
48 56 254
48 57 147
48 58 223
48 59 125
48 60 264
48 61 176
48 62 126
48 63 212
48 64 51
48 65 280
48 66 185
48 67 203
48 68 268
48 69 44
48 70 122
48 71 17
48 72 123
48 73 233
48 74 264
48 75 251
48 76 209
48 77 178
48 78 83
48 79 96
48 80 263
48 81 155
48 82 46
48 83 235
48 84 92
48 85 250
48 86 275
48 87 2
48 88 66
48 89 287
48 90 75
48 91 75
48 92 180
48 93 46
48 94 296
48 95 24
48 96 217
48 97 22
48 98 85
48 99 62
48 100 139
49 50 158
49 51 293
49 52 26
49 53 60
49 54 148
49 55 1
49 56 276
49 57 36
49 58 184
49 59 62
49 60 275
49 61 203
49 62 144
49 63 227
49 64 129
49 65 53
49 66 94
49 67 105
49 68 15
49 69 265
49 70 142
49 71 48
49 72 189
49 73 162
49 74 115
49 75 250
49 76 275
49 77 87
49 78 186
49 79 242
49 80 102
49 81 187
49 82 77
49 83 240
49 84 34
49 85 254
49 86 193
49 87 232
49 88 280
49 89 137
49 90 56
49 91 67
49 92 44
49 93 268
49 94 57
49 95 15
49 96 20
49 97 107
49 98 113
49 99 10
49 100 33
50 51 170
50 52 157
50 53 11
50 54 1
50 55 103
50 56 163
50 57 211
50 58 72
50 59 94
50 60 225
50 61 67
50 62 86
50 63 172
50 64 218
50 65 35
50 66 270
50 67 158
50 68 184
50 69 50
50 70 26
50 71 145
50 72 298
50 73 124
50 74 37
50 75 3
50 76 174
50 77 199
50 78 210
50 79 50
50 80 222
50 81 53
50 82 79
50 83 166
50 84 0
50 85 264
50 86 262
50 87 125
50 88 204
50 89 269
50 90 114
50 91 39
50 92 171
50 93 91
50 94 203
50 95 230
50 96 93
50 97 280
50 98 112
50 99 7
50 100 121
51 52 18
51 53 10
51 54 93
51 55 51
51 56 284
51 57 280
51 58 50
51 59 133
51 60 159
51 61 168
51 62 159
51 63 6
51 64 22
51 65 12
51 66 63
51 67 195
51 68 238
51 69 213
51 70 151
51 71 218
51 72 189
51 73 68
51 74 97
51 75 270
51 76 33
51 77 205
51 78 225
51 79 128
51 80 227
51 81 222
51 82 36
51 83 188
51 84 117
51 85 159
51 86 2
51 87 72
51 88 139
51 89 64
51 90 240
51 91 142
51 92 97
51 93 143
51 94 109
51 95 51
51 96 103
51 97 245
51 98 286
51 99 259
51 100 218
52 53 35
52 54 20
52 55 195
52 56 263
52 57 25
52 58 72
52 59 9
52 60 246
52 61 228
52 62 127
52 63 16
52 64 142
52 65 87
52 66 66
52 67 146
52 68 283
52 69 274
52 70 247
52 71 206
52 72 3
52 73 220
52 74 36
52 75 252
52 76 198
52 77 93
52 78 258
52 79 106
52 80 98
52 81 261
52 82 246
52 83 23
52 84 108
52 85 101
52 86 131
52 87 68
52 88 180
52 89 26
52 90 228
52 91 209
52 92 265
52 93 276
52 94 123
52 95 164
52 96 245
52 97 33
52 98 68
52 99 225
52 100 15
53 54 74
53 55 122
53 56 19
53 57 111
53 58 21
53 59 116
53 60 71
53 61 49
53 62 24
53 63 57
53 64 215
53 65 93
53 66 291
53 67 223
53 68 293
53 69 7
53 70 48
53 71 158
53 72 199
53 73 200
53 74 13
53 75 204
53 76 40
53 77 198
53 78 106
53 79 105
53 80 274
53 81 26
53 82 290
53 83 220
53 84 207
53 85 90
53 86 177
53 87 158
53 88 15
53 89 168
53 90 29
53 91 148
53 92 268
53 93 93
53 94 197
53 95 128
53 96 9
53 97 258
53 98 271
53 99 225
53 100 198
54 55 43
54 56 286
54 57 241
54 58 101
54 59 216
54 60 190
54 61 65
54 62 1
54 63 98
54 64 6
54 65 219
54 66 134
54 67 273
54 68 252
54 69 69
54 70 82
54 71 3
54 72 186
54 73 127
54 74 81
54 75 72
54 76 297
54 77 143
54 78 62
54 79 61
54 80 127
54 81 233
54 82 265
54 83 246
54 84 214
54 85 179
54 86 94
54 87 83
54 88 269
54 89 16
54 90 69
54 91 293
54 92 157
54 93 126
54 94 62
54 95 265
54 96 237
54 97 49
54 98 72
54 99 217
54 100 259
55 56 227
55 57 289
55 58 6
55 59 252
55 60 269
55 61 179
55 62 222
55 63 62
55 64 186
55 65 87
55 66 244
55 67 221
55 68 20
55 69 222
55 70 154
55 71 295
55 72 48
55 73 281
55 74 205
55 75 104
55 76 288
55 77 236
55 78 119
55 79 107
55 80 283
55 81 56
55 82 268
55 83 60
55 84 133
55 85 109
55 86 151
55 87 170
55 88 259
55 89 232
55 90 283
55 91 270
55 92 47
55 93 42
55 94 245
55 95 126
55 96 170
55 97 13
55 98 132
55 99 169
55 100 110
56 57 36
56 58 194
56 59 36
56 60 273
56 61 128
56 62 196
56 63 8
56 64 275
56 65 276
56 66 190
56 67 26
56 68 278
56 69 179
56 70 61
56 71 9
56 72 162
56 73 108
56 74 47
56 75 82
56 76 19
56 77 275
56 78 179
56 79 103
56 80 6
56 81 147
56 82 114
56 83 41
56 84 63
56 85 92
56 86 296
56 87 174
56 88 278
56 89 75
56 90 296
56 91 258
56 92 31
56 93 142
56 94 241
56 95 5
56 96 64
56 97 227
56 98 5
56 99 72
56 100 243
57 58 42
57 59 199
57 60 189
57 61 282
57 62 72
57 63 113
57 64 214
57 65 57
57 66 136
57 67 58
57 68 73
57 69 107
57 70 98
57 71 131
57 72 83
57 73 31
57 74 202
57 75 99
57 76 208
57 77 6
57 78 34
57 79 82
57 80 116
57 81 27
57 82 265
57 83 36
57 84 190
57 85 171
57 86 219
57 87 174
57 88 34
57 89 31
57 90 13
57 91 240
57 92 105
57 93 177
57 94 100
57 95 179
57 96 280
57 97 153
57 98 264
57 99 61
57 100 243
58 59 154
58 60 243
58 61 231
58 62 292
58 63 239
58 64 223
58 65 291
58 66 131
58 67 60
58 68 43
58 69 159
58 70 257
58 71 131
58 72 68
58 73 236
58 74 9
58 75 174
58 76 235
58 77 278
58 78 88
58 79 250
58 80 113
58 81 278
58 82 64
58 83 31
58 84 285
58 85 234
58 86 8
58 87 12
58 88 194
58 89 34
58 90 240
58 91 205
58 92 249
58 93 245
58 94 34
58 95 11
58 96 181
58 97 266
58 98 296
58 99 250
58 100 228
59 60 85
59 61 8
59 62 184
59 63 40
59 64 37
59 65 166
59 66 198
59 67 255
59 68 130
59 69 287
59 70 247
59 71 181
59 72 288
59 73 100
59 74 174
59 75 267
59 76 125
59 77 72
59 78 270
59 79 102
59 80 250
59 81 24
59 82 4
59 83 289
59 84 253
59 85 26
59 86 273
59 87 288
59 88 254
59 89 87
59 90 245
59 91 10
59 92 104
59 93 1
59 94 244
59 95 284
59 96 280
59 97 224
59 98 165
59 99 142
59 100 261
60 61 85
60 62 283
60 63 54
60 64 22
60 65 269
60 66 149
60 67 2
60 68 188
60 69 152
60 70 133
60 71 39
60 72 182
60 73 164
60 74 83
60 75 161
60 76 131
60 77 80
60 78 125
60 79 43
60 80 52
60 81 183
60 82 129
60 83 126
60 84 13
60 85 102
60 86 74
60 87 209
60 88 232
60 89 114
60 90 3
60 91 68
60 92 166
60 93 124
60 94 106
60 95 84
60 96 221
60 97 35
60 98 148
60 99 91
60 100 185
61 62 247
61 63 211
61 64 144
61 65 47
61 66 259
61 67 230
61 68 80
61 69 239
61 70 70
61 71 89
61 72 255
61 73 97
61 74 40
61 75 158
61 76 38
61 77 203
61 78 160
61 79 109
61 80 208
61 81 238
61 82 267
61 83 17
61 84 178
61 85 200
61 86 207
61 87 261
61 88 27
61 89 20
61 90 262
61 91 84
61 92 136
61 93 94
61 94 245
61 95 116
61 96 187
61 97 282
61 98 134
61 99 276
61 100 1
62 63 183
62 64 59
62 65 112
62 66 187
62 67 93
62 68 277
62 69 246
62 70 253
62 71 106
62 72 251
62 73 192
62 74 262
62 75 181
62 76 240
62 77 9
62 78 115
62 79 173
62 80 107
62 81 268
62 82 144
62 83 273
62 84 136
62 85 124
62 86 44
62 87 84
62 88 265
62 89 82
62 90 22
62 91 258
62 92 118
62 93 189
62 94 74
62 95 151
62 96 217
62 97 149
62 98 261
62 99 129
62 100 57
63 64 299
63 65 262
63 66 246
63 67 3
63 68 246
63 69 22
63 70 213
63 71 0
63 72 150
63 73 94
63 74 227
63 75 267
63 76 281
63 77 169
63 78 246
63 79 281
63 80 240
63 81 208
63 82 100
63 83 177
63 84 78
63 85 2
63 86 188
63 87 34
63 88 289
63 89 82
63 90 186
63 91 83
63 92 157
63 93 153
63 94 90
63 95 196
63 96 93
63 97 261
63 98 117
63 99 141
63 100 64
64 65 106
64 66 192
64 67 109
64 68 138
64 69 183
64 70 120
64 71 264
64 72 102
64 73 87
64 74 28
64 75 226
64 76 54
64 77 215
64 78 271
64 79 67
64 80 73
64 81 113
64 82 72
64 83 288
64 84 29
64 85 222
64 86 36
64 87 272
64 88 83
64 89 9
64 90 35
64 91 103
64 92 145
64 93 129
64 94 26
64 95 287
64 96 75
64 97 297
64 98 285
64 99 223
64 100 90
65 66 245
65 67 54
65 68 52
65 69 26
65 70 36
65 71 115
65 72 283
65 73 0
65 74 136
65 75 10
65 76 188
65 77 59
65 78 80
65 79 44
65 80 206
65 81 206
65 82 128
65 83 132
65 84 88
65 85 11
65 86 34
65 87 90
65 88 176
65 89 263
65 90 140
65 91 106
65 92 151
65 93 186
65 94 266
65 95 286
65 96 36
65 97 188
65 98 9
65 99 81
65 100 33
66 67 103
66 68 124
66 69 163
66 70 177
66 71 263
66 72 199
66 73 113
66 74 30
66 75 277
66 76 140
66 77 284
66 78 241
66 79 170
66 80 227
66 81 218
66 82 200
66 83 281
66 84 173
66 85 246
66 86 288
66 87 38
66 88 93
66 89 279
66 90 184
66 91 238
66 92 263
66 93 152
66 94 237
66 95 252
66 96 54
66 97 46
66 98 104
66 99 50
66 100 97
67 68 154
67 69 162
67 70 283
67 71 60
67 72 14
67 73 115
67 74 65
67 75 297
67 76 237
67 77 142
67 78 49
67 79 111
67 80 274
67 81 111
67 82 281
67 83 101
67 84 137
67 85 155
67 86 0
67 87 287
67 88 198
67 89 125
67 90 235
67 91 199
67 92 92
67 93 106
67 94 172
67 95 278
67 96 171
67 97 127
67 98 35
67 99 54
67 100 155
68 69 211
68 70 239
68 71 256
68 72 67
68 73 233
68 74 37
68 75 101
68 76 263
68 77 95
68 78 172
68 79 132
68 80 222
68 81 282
68 82 109
68 83 179
68 84 239
68 85 35
68 86 6
68 87 85
68 88 64
68 89 292
68 90 103
68 91 0
68 92 7
68 93 5
68 94 166
68 95 221
68 96 157
68 97 25
68 98 77
68 99 144
68 100 100
69 70 230
69 71 12
69 72 57
69 73 81
69 74 274
69 75 100
69 76 80
69 77 148
69 78 56
69 79 175
69 80 22
69 81 268
69 82 131
69 83 284
69 84 250
69 85 74
69 86 78
69 87 17
69 88 40
69 89 299
69 90 78
69 91 184
69 92 162
69 93 182
69 94 178
69 95 112
69 96 246
69 97 144
69 98 64
69 99 269
69 100 124
70 71 270
70 72 194
70 73 33
70 74 191
70 75 291
70 76 33
70 77 199
70 78 8
70 79 159
70 80 286
70 81 73
70 82 162
70 83 104
70 84 26
70 85 154
70 86 264
70 87 221
70 88 241
70 89 40
70 90 170
70 91 23
70 92 61
70 93 10
70 94 219
70 95 45
70 96 28
70 97 272
70 98 52
70 99 10
70 100 27
71 72 85
71 73 182
71 74 72
71 75 212
71 76 23
71 77 245
71 78 69
71 79 144
71 80 51
71 81 279
71 82 140
71 83 143
71 84 182
71 85 286
71 86 112
71 87 188
71 88 157
71 89 288
71 90 13
71 91 248
71 92 133
71 93 214
71 94 36
71 95 20
71 96 115
71 97 116
71 98 199
71 99 73
71 100 214
72 73 257
72 74 153
72 75 190
72 76 4
72 77 133
72 78 201
72 79 190
72 80 100
72 81 198
72 82 229
72 83 153
72 84 41
72 85 134
72 86 70
72 87 247
72 88 220
72 89 80
72 90 269
72 91 19
72 92 184
72 93 13
72 94 186
72 95 206
72 96 269
72 97 6
72 98 67
72 99 138
72 100 189
73 74 76
73 75 269
73 76 57
73 77 257
73 78 117
73 79 147
73 80 62
73 81 276
73 82 199
73 83 259
73 84 63
73 85 286
73 86 73
73 87 88
73 88 193
73 89 13
73 90 107
73 91 275
73 92 269
73 93 5
73 94 69
73 95 210
73 96 41
73 97 267
73 98 201
73 99 231
73 100 260
74 75 40
74 76 90
74 77 187
74 78 291
74 79 281
74 80 175
74 81 25
74 82 67
74 83 197
74 84 180
74 85 109
74 86 33
74 87 25
74 88 5
74 89 245
74 90 46
74 91 132
74 92 102
74 93 289
74 94 135
74 95 191
74 96 144
74 97 73
74 98 89
74 99 26
74 100 276
75 76 211
75 77 59
75 78 288
75 79 98
75 80 110
75 81 227
75 82 101
75 83 156
75 84 2
75 85 51
75 86 70
75 87 27
75 88 214
75 89 140
75 90 198
75 91 168
75 92 88
75 93 132
75 94 221
75 95 196
75 96 112
75 97 226
75 98 85
75 99 241
75 100 35
76 77 267
76 78 71
76 79 63
76 80 247
76 81 252
76 82 15
76 83 179
76 84 233
76 85 201
76 86 49
76 87 228
76 88 121
76 89 53
76 90 160
76 91 202
76 92 281
76 93 154
76 94 273
76 95 151
76 96 203
76 97 138
76 98 247
76 99 252
76 100 111
77 78 170
77 79 216
77 80 54
77 81 96
77 82 240
77 83 90
77 84 288
77 85 279
77 86 165
77 87 93
77 88 6
77 89 3
77 90 80
77 91 144
77 92 10
77 93 207
77 94 295
77 95 200
77 96 292
77 97 20
77 98 276
77 99 255
77 100 63
78 79 166
78 80 46
78 81 186
78 82 134
78 83 255
78 84 151
78 85 34
78 86 200
78 87 47
78 88 102
78 89 54
78 90 116
78 91 117
78 92 177
78 93 38
78 94 44
78 95 172
78 96 115
78 97 202
78 98 122
78 99 292
78 100 147
79 80 204
79 81 56
79 82 145
79 83 95
79 84 160
79 85 164
79 86 162
79 87 291
79 88 30
79 89 192
79 90 104
79 91 233
79 92 98
79 93 205
79 94 219
79 95 111
79 96 199
79 97 14
79 98 41
79 99 174
79 100 269
80 81 195
80 82 259
80 83 262
80 84 276
80 85 131
80 86 261
80 87 291
80 88 231
80 89 199
80 90 68
80 91 208
80 92 126
80 93 166
80 94 45
80 95 253
80 96 182
80 97 232
80 98 178
80 99 62
80 100 286
81 82 50
81 83 258
81 84 140
81 85 220
81 86 245
81 87 240
81 88 12
81 89 68
81 90 165
81 91 275
81 92 215
81 93 142
81 94 166
81 95 80
81 96 223
81 97 45
81 98 136
81 99 49
81 100 5
82 83 173
82 84 290
82 85 83
82 86 213
82 87 44
82 88 159
82 89 58
82 90 269
82 91 59
82 92 78
82 93 113
82 94 96
82 95 219
82 96 100
82 97 37
82 98 128
82 99 139
82 100 224
83 84 220
83 85 255
83 86 106
83 87 131
83 88 123
83 89 226
83 90 260
83 91 258
83 92 163
83 93 283
83 94 167
83 95 276
83 96 86
83 97 181
83 98 258
83 99 178
83 100 138
84 85 11
84 86 30
84 87 24
84 88 258
84 89 150
84 90 256
84 91 296
84 92 141
84 93 115
84 94 3
84 95 187
84 96 99
84 97 178
84 98 47
84 99 239
84 100 245
85 86 67
85 87 214
85 88 65
85 89 211
85 90 143
85 91 51
85 92 79
85 93 81
85 94 93
85 95 131
85 96 297
85 97 44
85 98 286
85 99 43
85 100 297
86 87 244
86 88 223
86 89 95
86 90 41
86 91 161
86 92 218
86 93 49
86 94 62
86 95 185
86 96 172
86 97 266
86 98 44
86 99 21
86 100 154
87 88 36
87 89 232
87 90 191
87 91 164
87 92 287
87 93 117
87 94 264
87 95 123
87 96 100
87 97 135
87 98 159
87 99 1
87 100 207
88 89 41
88 90 197
88 91 169
88 92 276
88 93 30
88 94 190
88 95 0
88 96 285
88 97 220
88 98 101
88 99 110
88 100 262
89 90 137
89 91 149
89 92 9
89 93 115
89 94 275
89 95 249
89 96 246
89 97 5
89 98 133
89 99 128
89 100 261
90 91 19
90 92 265
90 93 79
90 94 113
90 95 250
90 96 112
90 97 18
90 98 212
90 99 36
90 100 191
91 92 163
91 93 201
91 94 147
91 95 253
91 96 163
91 97 206
91 98 252
91 99 127
91 100 207
92 93 237
92 94 78
92 95 44
92 96 294
92 97 107
92 98 35
92 99 30
92 100 27
93 94 210
93 95 222
93 96 247
93 97 247
93 98 246
93 99 260
93 100 17
94 95 259
94 96 118
94 97 24
94 98 174
94 99 282
94 100 290
95 96 263
95 97 110
95 98 52
95 99 68
95 100 174
96 97 216
96 98 262
96 99 122
96 100 79
97 98 166
97 99 71
97 100 200
98 99 148
98 100 228
99 100 171
