100 4950
1 2 257
1 3 5
1 4 278
1 5 32
1 6 259
1 7 87
1 8 140
1 9 192
1 10 268
1 11 264
1 12 152
1 13 94
1 14 263
1 15 129
1 16 118
1 17 206
1 18 45
1 19 60
1 20 162
1 21 179
1 22 224
1 23 252
1 24 224
1 25 104
1 26 284
1 27 109
1 28 282
1 29 260
1 30 263
1 31 140
1 32 204
1 33 97
1 34 245
1 35 160
1 36 12
1 37 116
1 38 249
1 39 244
1 40 193
1 41 257
1 42 202
1 43 145
1 44 17
1 45 266
1 46 25
1 47 175
1 48 125
1 49 258
1 50 102
1 51 130
1 52 31
1 53 5
1 54 171
1 55 260
1 56 202
1 57 130
1 58 251
1 59 172
1 60 139
1 61 83
1 62 71
1 63 219
1 64 145
1 65 5
1 66 236
1 67 297
1 68 215
1 69 95
1 70 285
1 71 276
1 72 60
1 73 167
1 74 132
1 75 91
1 76 262
1 77 220
1 78 148
1 79 172
1 80 222
1 81 266
1 82 153
1 83 34
1 84 116
1 85 170
1 86 147
1 87 232
1 88 295
1 89 93
1 90 210
1 91 296
1 92 43
1 93 273
1 94 57
1 95 3
1 96 264
1 97 144
1 98 32
1 99 48
1 100 190
2 3 205
2 4 209
2 5 98
2 6 107
2 7 92
2 8 156
2 9 237
2 10 115
2 11 212
2 12 184
2 13 164
2 14 258
2 15 37
2 16 85
2 17 27
2 18 272
2 19 166
2 20 151
2 21 298
2 22 64
2 23 209
2 24 286
2 25 211
2 26 44
2 27 109
2 28 79
2 29 2
2 30 163
2 31 296
2 32 35
2 33 209
2 34 265
2 35 222
2 36 257
2 37 120
2 38 260
2 39 142
2 40 295
2 41 139
2 42 269
2 43 123
2 44 274
2 45 5
2 46 183
2 47 187
2 48 122
2 49 70
2 50 92
2 51 204
2 52 111
2 53 56
2 54 22
2 55 207
2 56 156
2 57 275
2 58 118
2 59 18
2 60 151
2 61 70
2 62 292
2 63 140
2 64 213
2 65 101
2 66 277
2 67 3
2 68 44
2 69 160
2 70 105
2 71 190
2 72 272
2 73 69
2 74 76
2 75 195
2 76 196
2 77 185
2 78 70
2 79 29
2 80 203
2 81 204
2 82 280
2 83 64
2 84 293
2 85 146
2 86 294
2 87 169
2 88 78
2 89 82
2 90 250
2 91 106
2 92 153
2 93 272
2 94 286
2 95 156
2 96 251
2 97 135
2 98 5
2 99 48
2 100 173
3 4 59
3 5 279
3 6 267
3 7 176
3 8 243
3 9 198
3 10 54
3 11 85
3 12 27
3 13 85
3 14 234
3 15 114
3 16 197
3 17 260
3 18 99
3 19 186
3 20 151
3 21 96
3 22 123
3 23 36
3 24 52
3 25 32
3 26 180
3 27 223
3 28 214
3 29 8
3 30 32
3 31 250
3 32 37
3 33 241
3 34 180
3 35 296
3 36 0
3 37 32
3 38 68
3 39 271
3 40 66
3 41 287
3 42 3
3 43 48
3 44 135
3 45 198
3 46 200
3 47 198
3 48 25
3 49 239
3 50 214
3 51 144
3 52 252
3 53 124
3 54 298
3 55 227
3 56 140
3 57 43
3 58 169
3 59 116
3 60 43
3 61 87
3 62 284
3 63 78
3 64 90
3 65 154
3 66 129
3 67 245
3 68 24
3 69 32
3 70 223
3 71 40
3 72 55
3 73 214
3 74 8
3 75 65
3 76 90
3 77 102
3 78 13
3 79 75
3 80 84
3 81 165
3 82 186
3 83 32
3 84 50
3 85 167
3 86 150
3 87 239
3 88 80
3 89 251
3 90 217
3 91 295
3 92 43
3 93 203
3 94 211
3 95 165
3 96 242
3 97 69
3 98 191
3 99 151
3 100 33
4 5 265
4 6 241
4 7 200
4 8 33
4 9 22
4 10 14
4 11 216
4 12 254
4 13 291
4 14 285
4 15 43
4 16 182
4 17 94
4 18 162
4 19 284
4 20 175
4 21 266
4 22 45
4 23 99
4 24 39
4 25 92
4 26 193
4 27 145
4 28 266
4 29 124
4 30 30
4 31 156
4 32 294
4 33 130
4 34 224
4 35 84
4 36 52
4 37 3
4 38 102
4 39 8
4 40 294
4 41 51
4 42 9
4 43 248
4 44 196
4 45 197
4 46 169
4 47 180
4 48 188
4 49 110
4 50 72
4 51 184
4 52 274
4 53 176
4 54 232
4 55 203
4 56 104
4 57 9
4 58 291
4 59 43
4 60 184
4 61 245
4 62 201
4 63 109
4 64 6
4 65 173
4 66 90
4 67 213
4 68 251
4 69 227
4 70 9
4 71 121
4 72 108
4 73 267
4 74 281
4 75 180
4 76 94
4 77 263
4 78 153
4 79 255
4 80 71
4 81 187
4 82 92
4 83 64
4 84 252
4 85 72
4 86 171
4 87 32
4 88 120
4 89 67
4 90 166
4 91 156
4 92 1
4 93 81
4 94 66
4 95 246
4 96 134
4 97 69
4 98 2
4 99 45
4 100 177
5 6 98
5 7 229
5 8 235
5 9 69
5 10 274
5 11 7
5 12 153
5 13 149
5 14 96
5 15 221
5 16 20
5 17 101
5 18 96
5 19 5
5 20 75
5 21 112
5 22 169
5 23 259
5 24 194
5 25 37
5 26 9
5 27 118
5 28 79
5 29 9
5 30 259
5 31 153
5 32 237
5 33 36
5 34 149
5 35 43
5 36 34
5 37 136
5 38 47
5 39 182
5 40 57
5 41 297
5 42 71
5 43 70
5 44 279
5 45 117
5 46 253
5 47 97
5 48 238
5 49 298
5 50 275
5 51 293
5 52 169
5 53 163
5 54 69
5 55 112
5 56 78
5 57 52
5 58 43
5 59 214
5 60 72
5 61 277
5 62 115
5 63 14
5 64 157
5 65 151
5 66 176
5 67 178
5 68 272
5 69 170
5 70 64
5 71 103
5 72 165
5 73 110
5 74 80
5 75 71
5 76 294
5 77 108
5 78 95
5 79 280
5 80 249
5 81 94
5 82 196
5 83 125
5 84 187
5 85 109
5 86 180
5 87 198
5 88 274
5 89 32
5 90 82
5 91 101
5 92 157
5 93 83
5 94 198
5 95 57
5 96 73
5 97 18
5 98 211
5 99 213
5 100 297
6 7 67
6 8 25
6 9 197
6 10 214
6 11 189
6 12 296
6 13 116
6 14 241
6 15 39
6 16 88
6 17 252
6 18 75
6 19 94
6 20 215
6 21 159
6 22 208
6 23 15
6 24 12
6 25 249
6 26 15
6 27 32
6 28 165
6 29 121
6 30 188
6 31 19
6 32 185
6 33 97
6 34 298
6 35 127
6 36 44
6 37 10
6 38 35
6 39 79
6 40 245
6 41 121
6 42 276
6 43 186
6 44 143
6 45 282
6 46 34
6 47 17
6 48 254
6 49 247
6 50 98
6 51 20
6 52 11
6 53 178
6 54 39
6 55 269
6 56 15
6 57 13
6 58 201
6 59 206
6 60 56
6 61 8
6 62 121
6 63 26
6 64 191
6 65 56
6 66 197
6 67 10
6 68 278
6 69 152
6 70 97
6 71 172
6 72 251
6 73 164
6 74 89
6 75 232
6 76 178
6 77 111
6 78 188
6 79 116
6 80 44
6 81 56
6 82 91
6 83 3
6 84 268
6 85 53
6 86 19
6 87 287
6 88 217
6 89 148
6 90 197
6 91 225
6 92 84
6 93 25
6 94 289
6 95 204
6 96 209
6 97 215
6 98 282
6 99 64
6 100 125
7 8 10
7 9 15
7 10 225
7 11 150
7 12 221
7 13 4
7 14 195
7 15 238
7 16 174
7 17 207
7 18 275
7 19 257
7 20 277
7 21 42
7 22 188
7 23 243
7 24 75
7 25 65
7 26 198
7 27 129
7 28 171
7 29 284
7 30 104
7 31 172
7 32 164
7 33 254
7 34 77
7 35 103
7 36 274
7 37 148
7 38 87
7 39 178
7 40 37
7 41 131
7 42 247
7 43 26
7 44 289
7 45 66
7 46 161
7 47 143
7 48 109
7 49 197
7 50 73
7 51 226
7 52 278
7 53 172
7 54 135
7 55 263
7 56 58
7 57 81
7 58 132
7 59 62
7 60 251
7 61 182
7 62 40
7 63 171
7 64 104
7 65 146
7 66 152
7 67 282
7 68 227
7 69 170
7 70 125
7 71 268
7 72 97
7 73 150
7 74 209
7 75 197
7 76 147
7 77 110
7 78 296
7 79 126
7 80 80
7 81 286
7 82 85
7 83 250
7 84 39
7 85 53
7 86 68
7 87 124
7 88 71
7 89 210
7 90 223
7 91 152
7 92 73
7 93 256
7 94 239
7 95 270
7 96 266
7 97 75
7 98 133
7 99 196
7 100 178
8 9 28
8 10 78
8 11 188
8 12 291
8 13 271
8 14 220
8 15 270
8 16 26
8 17 35
8 18 290
8 19 298
8 20 275
8 21 225
8 22 58
8 23 275
8 24 104
8 25 293
8 26 202
8 27 201
8 28 76
8 29 47
8 30 68
8 31 279
8 32 148
8 33 114
8 34 57
8 35 273
8 36 230
8 37 242
8 38 152
8 39 182
8 40 65
8 41 146
8 42 105
8 43 46
8 44 283
8 45 103
8 46 215
8 47 79
8 48 234
8 49 116
8 50 196
8 51 68
8 52 286
8 53 108
8 54 22
8 55 206
8 56 153
8 57 83
8 58 43
8 59 263
8 60 188
8 61 91
8 62 201
8 63 40
8 64 148
8 65 33
8 66 69
8 67 231
8 68 15
8 69 86
8 70 297
8 71 161
8 72 207
8 73 44
8 74 267
8 75 249
8 76 134
8 77 43
8 78 145
8 79 123
8 80 163
8 81 212
8 82 204
8 83 225
8 84 16
8 85 92
8 86 153
8 87 66
8 88 206
8 89 106
8 90 174
8 91 247
8 92 16
8 93 144
8 94 44
8 95 144
8 96 4
8 97 75
8 98 11
8 99 50
8 100 3
9 10 110
9 11 164
9 12 13
9 13 18
9 14 183
9 15 182
9 16 245
9 17 202
9 18 96
9 19 177
9 20 125
9 21 82
9 22 231
9 23 0
9 24 169
9 25 7
9 26 167
9 27 140
9 28 137
9 29 28
9 30 208
9 31 228
9 32 209
9 33 109
9 34 73
9 35 20
9 36 264
9 37 263
9 38 164
9 39 135
9 40 20
9 41 2
9 42 26
9 43 194
9 44 57
9 45 0
9 46 177
9 47 113
9 48 207
9 49 204
9 50 172
9 51 257
9 52 50
9 53 47
9 54 53
9 55 188
9 56 10
9 57 258
9 58 3
9 59 275
9 60 172
9 61 273
9 62 149
9 63 236
9 64 101
9 65 291
9 66 281
9 67 128
9 68 291
9 69 47
9 70 274
9 71 135
9 72 160
9 73 275
9 74 42
9 75 170
9 76 188
9 77 199
9 78 52
9 79 152
9 80 119
9 81 100
9 82 159
9 83 90
9 84 286
9 85 75
9 86 30
9 87 82
9 88 164
9 89 155
9 90 186
9 91 292
9 92 214
9 93 113
9 94 32
9 95 7
9 96 156
9 97 277
9 98 293
9 99 274
9 100 202
10 11 249
10 12 243
10 13 20
10 14 242
10 15 297
10 16 285
10 17 104
10 18 54
10 19 277
10 20 87
10 21 188
10 22 28
10 23 147
10 24 100
10 25 175
10 26 148
10 27 99
10 28 214
10 29 269
10 30 123
10 31 177
10 32 23
10 33 224
10 34 171
10 35 207
10 36 10
10 37 110
10 38 110
10 39 289
10 40 286
10 41 70
10 42 21
10 43 210
10 44 213
10 45 73
10 46 289
10 47 1
10 48 76
10 49 215
10 50 247
10 51 120
10 52 13
10 53 100
10 54 132
10 55 27
10 56 220
10 57 263
10 58 177
10 59 276
10 60 157
10 61 189
10 62 233
10 63 243
10 64 210
10 65 57
10 66 237
10 67 118
10 68 236
10 69 99
10 70 121
10 71 85
10 72 186
10 73 19
10 74 77
10 75 216
10 76 26
10 77 205
10 78 206
10 79 239
10 80 225
10 81 185
10 82 119
10 83 63
10 84 160
10 85 223
10 86 206
10 87 76
10 88 112
10 89 145
10 90 162
10 91 226
10 92 54
10 93 285
10 94 222
10 95 233
10 96 90
10 97 29
10 98 266
10 99 157
10 100 6
11 12 254
11 13 204
11 14 153
11 15 39
11 16 97
11 17 130
11 18 34
11 19 17
11 20 263
11 21 168
11 22 89
11 23 249
11 24 200
11 25 126
11 26 225
11 27 234
11 28 82
11 29 67
11 30 2
11 31 185
11 32 284
11 33 160
11 34 8
11 35 147
11 36 85
11 37 77
11 38 166
11 39 276
11 40 59
11 41 164
11 42 109
11 43 149
11 44 54
11 45 290
11 46 290
11 47 227
11 48 109
11 49 73
11 50 72
11 51 285
11 52 69
11 53 56
11 54 231
11 55 194
11 56 214
11 57 99
11 58 95
11 59 272
11 60 94
11 61 53
11 62 92
11 63 213
11 64 31
11 65 178
11 66 43
11 67 162
11 68 101
11 69 292
11 70 278
11 71 125
11 72 173
11 73 136
11 74 282
11 75 116
11 76 173
11 77 47
11 78 102
11 79 32
11 80 141
11 81 216
11 82 149
11 83 12
11 84 268
11 85 174
11 86 32
11 87 144
11 88 288
11 89 170
11 90 222
11 91 172
11 92 43
11 93 171
11 94 146
11 95 264
11 96 284
11 97 203
11 98 82
11 99 271
11 100 291
12 13 87
12 14 179
12 15 67
12 16 9
12 17 199
12 18 149
12 19 282
12 20 206
12 21 273
12 22 130
12 23 200
12 24 101
12 25 247
12 26 299
12 27 199
12 28 282
12 29 207
12 30 176
12 31 206
12 32 212
12 33 101
12 34 48
12 35 34
12 36 144
12 37 234
12 38 270
12 39 299
12 40 160
12 41 195
12 42 61
12 43 273
12 44 126
12 45 54
12 46 295
12 47 89
12 48 15
12 49 223
12 50 131
12 51 223
12 52 79
12 53 290
12 54 50
12 55 23
12 56 11
12 57 299
12 58 94
12 59 53
12 60 155
12 61 47
12 62 266
12 63 208
12 64 263
12 65 268
12 66 3
12 67 20
12 68 13
12 69 53
12 70 13
12 71 238
12 72 155
12 73 29
12 74 251
12 75 90
12 76 250
12 77 64
12 78 275
12 79 146
12 80 39
12 81 232
12 82 255
12 83 67
12 84 249
12 85 45
12 86 288
12 87 87
12 88 216
12 89 207
12 90 48
12 91 180
12 92 202
12 93 77
12 94 25
12 95 42
12 96 78
12 97 247
12 98 278
12 99 134
12 100 270
13 14 281
13 15 206
13 16 243
13 17 278
13 18 18
13 19 15
13 20 274
13 21 282
13 22 180
13 23 47
13 24 142
13 25 284
13 26 228
13 27 12
13 28 51
13 29 242
13 30 226
13 31 64
13 32 111
13 33 289
13 34 151
13 35 240
13 36 104
13 37 47
13 38 232
13 39 43
13 40 36
13 41 72
13 42 80
13 43 282
13 44 140
13 45 179
13 46 208
13 47 259
13 48 257
13 49 5
13 50 180
13 51 164
13 52 270
13 53 264
13 54 133
13 55 196
13 56 276
13 57 198
13 58 228
13 59 283
13 60 254
13 61 238
13 62 162
13 63 94
13 64 80
13 65 77
13 66 66
13 67 4
13 68 207
13 69 143
13 70 199
13 71 96
13 72 155
13 73 245
13 74 158
13 75 102
13 76 199
13 77 68
13 78 114
13 79 59
13 80 171
13 81 171
13 82 193
13 83 243
13 84 47
13 85 99
13 86 166
13 87 270
13 88 57
13 89 250
13 90 65
13 91 298
13 92 164
13 93 25
13 94 168
13 95 282
13 96 42
13 97 246
13 98 272
13 99 16
13 100 59
14 15 298
14 16 255
14 17 6
14 18 78
14 19 163
14 20 90
14 21 64
14 22 104
14 23 223
14 24 249
14 25 89
14 26 193
14 27 267
14 28 224
14 29 21
14 30 293
14 31 185
14 32 137
14 33 213
14 34 62
14 35 107
14 36 289
14 37 239
14 38 188
14 39 275
14 40 282
14 41 125
14 42 252
14 43 289
14 44 144
14 45 89
14 46 296
14 47 270
14 48 269
14 49 191
14 50 53
14 51 155
14 52 112
14 53 168
14 54 94
14 55 242
14 56 259
14 57 9
14 58 140
14 59 64
14 60 261
14 61 41
14 62 252
14 63 85
14 64 77
14 65 276
14 66 138
14 67 38
14 68 200
14 69 24
14 70 85
14 71 141
14 72 295
14 73 218
14 74 153
14 75 198
14 76 20
14 77 248
14 78 209
14 79 112
14 80 54
14 81 44
14 82 23
14 83 5
14 84 255
14 85 112
14 86 210
14 87 154
14 88 9
14 89 61
14 90 10
14 91 99
14 92 175
14 93 158
14 94 246
14 95 9
14 96 191
14 97 108
14 98 263
14 99 93
14 100 0
15 16 264
15 17 273
15 18 275
15 19 88
15 20 203
15 21 152
15 22 289
15 23 242
15 24 292
15 25 114
15 26 210
15 27 77
15 28 126
15 29 154
15 30 245
15 31 188
15 32 66
15 33 62
15 34 117
15 35 111
15 36 153
15 37 190
15 38 69
15 39 136
15 40 244
15 41 274
15 42 254
15 43 166
15 44 165
15 45 260
15 46 139
15 47 135
15 48 202
15 49 104
15 50 298
15 51 0
15 52 221
15 53 220
15 54 248
15 55 118
15 56 22
15 57 171
15 58 166
15 59 4
15 60 156
15 61 234
15 62 265
15 63 243
15 64 218
15 65 249
15 66 217
15 67 117
15 68 179
15 69 138
15 70 123
15 71 28
15 72 134
15 73 175
15 74 156
15 75 162
15 76 166
15 77 235
15 78 5
15 79 161
15 80 56
15 81 7
15 82 91
15 83 7
15 84 234
15 85 6
15 86 31
15 87 69
15 88 126
15 89 93
15 90 248
15 91 245
15 92 4
15 93 220
15 94 298
15 95 86
15 96 20
15 97 82
15 98 29
15 99 298
15 100 132
16 17 249
16 18 77
16 19 146
16 20 25
16 21 223
16 22 253
16 23 24
16 24 92
16 25 32
16 26 126
16 27 68
16 28 235
16 29 41
16 30 241
16 31 35
16 32 236
16 33 183
16 34 213
16 35 152
16 36 170
16 37 36
16 38 191
16 39 140
16 40 66
16 41 177
16 42 7
16 43 239
16 44 265
16 45 60
16 46 88
16 47 216
16 48 252
16 49 241
16 50 226
16 51 103
16 52 168
16 53 66
16 54 52
16 55 197
16 56 16
16 57 154
16 58 95
16 59 161
16 60 28
16 61 172
16 62 298
16 63 165
16 64 116
16 65 112
16 66 133
16 67 33
16 68 233
16 69 86
16 70 241
16 71 261
16 72 109
16 73 32
16 74 270
16 75 246
16 76 74
16 77 141
16 78 286
16 79 16
16 80 3
16 81 197
16 82 205
16 83 171
16 84 203
16 85 55
16 86 142
16 87 103
16 88 211
16 89 16
16 90 135
16 91 229
16 92 203
16 93 245
16 94 170
16 95 70
16 96 292
16 97 253
16 98 76
16 99 228
16 100 18
17 18 8
17 19 30
17 20 142
17 21 241
17 22 185
17 23 131
17 24 287
17 25 153
17 26 277
17 27 154
17 28 78
17 29 228
17 30 157
17 31 76
17 32 98
17 33 85
17 34 169
17 35 167
17 36 116
17 37 63
17 38 100
17 39 101
17 40 255
17 41 262
17 42 285
17 43 37
17 44 91
17 45 196
17 46 97
17 47 292
17 48 26
17 49 295
17 50 104
17 51 270
17 52 53
17 53 4
17 54 123
17 55 54
17 56 148
17 57 172
17 58 36
17 59 32
17 60 186
17 61 114
17 62 155
17 63 54
17 64 87
17 65 122
17 66 185
17 67 195
17 68 192
17 69 32
17 70 215
17 71 289
17 72 189
17 73 186
17 74 163
17 75 138
17 76 106
17 77 255
17 78 66
17 79 228
17 80 231
17 81 25
17 82 61
17 83 44
17 84 49
17 85 103
17 86 178
17 87 264
17 88 138
17 89 109
17 90 108
17 91 5
17 92 103
17 93 147
17 94 25
17 95 127
17 96 19
17 97 15
17 98 147
17 99 103
17 100 233
18 19 46
18 20 40
18 21 227
18 22 266
18 23 20
18 24 169
18 25 110
18 26 203
18 27 181
18 28 210
18 29 192
18 30 145
18 31 157
18 32 132
18 33 141
18 34 154
18 35 27
18 36 252
18 37 28
18 38 285
18 39 0
18 40 278
18 41 7
18 42 187
18 43 243
18 44 232
18 45 211
18 46 94
18 47 162
18 48 181
18 49 298
18 50 93
18 51 298
18 52 185
18 53 63
18 54 114
18 55 41
18 56 190
18 57 143
18 58 96
18 59 198
18 60 236
18 61 9
18 62 233
18 63 56
18 64 109
18 65 205
18 66 66
18 67 83
18 68 166
18 69 233
18 70 247
18 71 126
18 72 147
18 73 134
18 74 190
18 75 116
18 76 219
18 77 149
18 78 173
18 79 173
18 80 233
18 81 70
18 82 200
18 83 17
18 84 228
18 85 151
18 86 246
18 87 251
18 88 45
18 89 264
18 90 39
18 91 161
18 92 103
18 93 232
18 94 4
18 95 132
18 96 229
18 97 1
18 98 88
18 99 169
18 100 262
19 20 246
19 21 36
19 22 156
19 23 99
19 24 87
19 25 135
19 26 117
19 27 73
19 28 120
19 29 127
19 30 217
19 31 232
19 32 180
19 33 44
19 34 216
19 35 142
19 36 95
19 37 297
19 38 243
19 39 169
19 40 190
19 41 135
19 42 146
19 43 137
19 44 11
19 45 100
19 46 294
19 47 269
19 48 113
19 49 37
19 50 143
19 51 205
19 52 114
19 53 114
19 54 264
19 55 205
19 56 5
19 57 295
19 58 145
19 59 137
19 60 282
19 61 224
19 62 244
19 63 137
19 64 13
19 65 294
19 66 25
19 67 225
19 68 30
19 69 30
19 70 184
19 71 21
19 72 161
19 73 2
19 74 4
19 75 202
19 76 152
19 77 250
19 78 213
19 79 52
19 80 48
19 81 240
19 82 200
19 83 106
19 84 226
19 85 230
19 86 275
19 87 58
19 88 90
19 89 222
19 90 215
19 91 38
19 92 121
19 93 22
19 94 78
19 95 25
19 96 108
19 97 197
19 98 233
19 99 133
19 100 12
20 21 65
20 22 175
20 23 155
20 24 1
20 25 13
20 26 114
20 27 122
20 28 276
20 29 219
20 30 250
20 31 135
20 32 9
20 33 180
20 34 180
20 35 24
20 36 140
20 37 293
20 38 8
20 39 239
20 40 65
20 41 23
20 42 183
20 43 277
20 44 68
20 45 223
20 46 31
20 47 276
20 48 143
20 49 105
20 50 259
20 51 179
20 52 259
20 53 254
20 54 187
20 55 282
20 56 287
20 57 7
20 58 20
20 59 215
20 60 283
20 61 16
20 62 29
20 63 221
20 64 106
20 65 118
20 66 135
20 67 251
20 68 63
20 69 18
20 70 91
20 71 78
20 72 106
20 73 50
20 74 239
20 75 234
20 76 202
20 77 290
20 78 176
20 79 57
20 80 191
20 81 157
20 82 117
20 83 158
20 84 151
20 85 243
20 86 16
20 87 149
20 88 274
20 89 279
20 90 203
20 91 293
20 92 2
20 93 155
20 94 121
20 95 153
20 96 266
20 97 45
20 98 199
20 99 137
20 100 189
21 22 16
21 23 111
21 24 59
21 25 18
21 26 268
21 27 243
21 28 169
21 29 1
21 30 94
21 31 277
21 32 41
21 33 236
21 34 123
21 35 46
21 36 193
21 37 165
21 38 94
21 39 86
21 40 262
21 41 200
21 42 110
21 43 21
21 44 23
21 45 294
21 46 25
21 47 223
21 48 93
21 49 187
21 50 271
21 51 166
21 52 184
21 53 240
21 54 99
21 55 253
21 56 45
21 57 280
21 58 17
21 59 69
21 60 191
21 61 291
21 62 227
21 63 167
21 64 37
21 65 223
21 66 129
21 67 4
21 68 55
21 69 85
21 70 297
21 71 160
21 72 245
21 73 265
21 74 291
21 75 48
21 76 186
21 77 213
21 78 182
21 79 146
21 80 212
21 81 180
21 82 245
21 83 162
21 84 290
21 85 129
21 86 130
21 87 165
21 88 246
21 89 126
21 90 176
21 91 48
21 92 248
21 93 161
21 94 16
21 95 64
21 96 112
21 97 24
21 98 282
21 99 48
21 100 164
22 23 42
22 24 179
22 25 77
22 26 227
22 27 137
22 28 149
22 29 206
22 30 86
22 31 124
22 32 240
22 33 47
22 34 28
22 35 31
22 36 70
22 37 63
22 38 115
22 39 157
22 40 259
22 41 109
22 42 181
22 43 74
22 44 30
22 45 225
22 46 34
22 47 258
22 48 69
22 49 220
22 50 285
22 51 277
22 52 269
22 53 209
22 54 2
22 55 298
22 56 257
22 57 209
22 58 282
22 59 22
22 60 291
22 61 60
22 62 98
22 63 18
22 64 7
22 65 19
22 66 94
22 67 93
22 68 23
22 69 22
22 70 226
22 71 132
22 72 63
22 73 78
22 74 42
22 75 98
22 76 107
22 77 268
22 78 133
22 79 148
22 80 21
22 81 201
22 82 281
22 83 85
22 84 231
22 85 202
22 86 232
22 87 129
22 88 184
22 89 188
22 90 62
22 91 238
22 92 64
22 93 227
22 94 182
22 95 156
22 96 228
22 97 297
22 98 274
22 99 246
22 100 18
23 24 148
23 25 105
23 26 169
23 27 27
23 28 165
23 29 47
23 30 145
23 31 151
23 32 288
23 33 227
23 34 5
23 35 291
23 36 81
23 37 184
23 38 66
23 39 59
23 40 237
23 41 77
23 42 115
23 43 172
23 44 62
23 45 282
23 46 147
23 47 181
23 48 272
23 49 33
23 50 204
23 51 103
23 52 87
23 53 166
23 54 31
23 55 82
23 56 89
23 57 250
23 58 22
23 59 196
23 60 168
23 61 111
23 62 252
23 63 281
23 64 19
23 65 63
23 66 241
23 67 30
23 68 67
23 69 125
23 70 180
23 71 282
23 72 285
23 73 140
23 74 228
23 75 53
23 76 52
23 77 119
23 78 19
23 79 76
23 80 172
23 81 240
23 82 243
23 83 92
23 84 140
23 85 42
23 86 98
23 87 213
23 88 193
23 89 116
23 90 0
23 91 215
23 92 236
23 93 135
23 94 156
23 95 0
23 96 48
23 97 134
23 98 269
23 99 254
23 100 158
24 25 68
24 26 216
24 27 120
24 28 268
24 29 249
24 30 197
24 31 204
24 32 118
24 33 21
24 34 187
24 35 45
24 36 225
24 37 190
24 38 26
24 39 87
24 40 157
24 41 5
24 42 141
24 43 260
24 44 232
24 45 195
24 46 43
24 47 85
24 48 152
24 49 180
24 50 76
24 51 108
24 52 77
24 53 96
24 54 145
24 55 205
24 56 179
24 57 24
24 58 95
24 59 126
24 60 197
24 61 153
24 62 182
24 63 119
24 64 270
24 65 86
24 66 190
24 67 276
24 68 4
24 69 144
24 70 40
24 71 34
24 72 147
24 73 90
24 74 198
24 75 215
24 76 239
24 77 228
24 78 121
24 79 4
24 80 189
24 81 263
24 82 134
24 83 13
24 84 224
24 85 37
24 86 220
24 87 224
24 88 66
24 89 84
24 90 79
24 91 86
24 92 45
24 93 168
24 94 225
24 95 102
24 96 2
24 97 108
24 98 3
24 99 20
24 100 63
25 26 121
25 27 246
25 28 128
25 29 266
25 30 143
25 31 201
25 32 272
25 33 298
25 34 129
25 35 271
25 36 200
25 37 272
25 38 207
25 39 4
25 40 143
25 41 55
25 42 40
25 43 271
25 44 175
25 45 235
25 46 146
25 47 21
25 48 193
25 49 117
25 50 187
25 51 45
25 52 218
25 53 197
25 54 79
25 55 183
25 56 271
25 57 65
25 58 282
25 59 271
25 60 154
25 61 69
25 62 125
25 63 230
25 64 264
25 65 140
25 66 241
25 67 102
25 68 71
25 69 265
25 70 142
25 71 88
25 72 26
25 73 15
25 74 124
25 75 291
25 76 272
25 77 271
25 78 177
25 79 263
25 80 5
25 81 214
25 82 174
25 83 14
25 84 129
25 85 161
25 86 163
25 87 119
25 88 59
25 89 161
25 90 280
25 91 35
25 92 224
25 93 289
25 94 260
25 95 146
25 96 121
25 97 6
25 98 273
25 99 95
25 100 242
26 27 34
26 28 139
26 29 96
26 30 33
26 31 220
26 32 141
26 33 88
26 34 188
26 35 298
26 36 164
26 37 161
26 38 236
26 39 119
26 40 197
26 41 120
26 42 139
26 43 242
26 44 21
26 45 296
26 46 193
26 47 106
26 48 78
26 49 238
26 50 128
26 51 129
26 52 154
26 53 93
26 54 266
26 55 282
26 56 294
26 57 215
26 58 248
26 59 267
26 60 127
26 61 91
26 62 270
26 63 293
26 64 92
26 65 145
26 66 68
26 67 288
26 68 77
26 69 256
26 70 79
26 71 70
26 72 125
26 73 235
26 74 85
26 75 84
26 76 275
26 77 144
26 78 247
26 79 161
26 80 288
26 81 0
26 82 116
26 83 151
26 84 212
26 85 254
26 86 113
26 87 237
26 88 45
26 89 104
26 90 235
26 91 139
26 92 21
26 93 192
26 94 18
26 95 185
26 96 63
26 97 203
26 98 185
26 99 246
26 100 14
27 28 180
27 29 210
27 30 111
27 31 219
27 32 238
27 33 17
27 34 82
27 35 66
27 36 168
27 37 102
27 38 46
27 39 291
27 40 126
27 41 239
27 42 49
27 43 102
27 44 77
27 45 229
27 46 277
27 47 183
27 48 58
27 49 15
27 50 25
27 51 1
27 52 209
27 53 128
27 54 154
27 55 88
27 56 37
27 57 234
27 58 284
27 59 165
27 60 118
27 61 227
27 62 289
27 63 65
27 64 87
27 65 272
27 66 243
27 67 21
27 68 187
27 69 53
27 70 140
27 71 218
27 72 210
27 73 20
27 74 276
27 75 0
27 76 92
27 77 278
27 78 273
27 79 98
27 80 181
27 81 165
27 82 96
27 83 33
27 84 193
27 85 230
27 86 26
27 87 278
27 88 127
27 89 177
27 90 2
27 91 29
27 92 60
27 93 283
27 94 38
27 95 221
27 96 186
27 97 198
27 98 273
27 99 79
27 100 65
28 29 278
28 30 126
28 31 112
28 32 61
28 33 23
28 34 299
28 35 28
28 36 130
28 37 218
28 38 273
28 39 104
28 40 137
28 41 207
28 42 152
28 43 49
28 44 146
28 45 268
28 46 248
28 47 134
28 48 93
28 49 250
28 50 28
28 51 115
28 52 172
28 53 30
28 54 24
28 55 53
28 56 86
28 57 252
28 58 199
28 59 233
28 60 99
28 61 280
28 62 290
28 63 272
28 64 197
28 65 203
28 66 62
28 67 130
28 68 265
28 69 19
28 70 161
28 71 133
28 72 279
28 73 216
28 74 276
28 75 295
28 76 274
28 77 183
28 78 112
28 79 117
28 80 193
28 81 262
28 82 242
28 83 38
28 84 64
28 85 203
28 86 160
28 87 109
28 88 34
28 89 227
28 90 232
28 91 224
28 92 97
28 93 154
28 94 181
28 95 251
28 96 296
28 97 21
28 98 123
28 99 8
28 100 132
29 30 96
29 31 181
29 32 141
29 33 165
29 34 24
29 35 15
29 36 255
29 37 193
29 38 129
29 39 224
29 40 36
29 41 107
29 42 44
29 43 243
29 44 15
29 45 261
29 46 182
29 47 289
29 48 9
29 49 178
29 50 178
29 51 196
29 52 33
29 53 13
29 54 298
29 55 63
29 56 83
29 57 198
29 58 166
29 59 174
29 60 170
29 61 37
29 62 223
29 63 38
29 64 184
29 65 25
29 66 63
29 67 186
29 68 9
29 69 186
29 70 86
29 71 225
29 72 167
29 73 198
29 74 152
29 75 202
29 76 98
29 77 169
29 78 171
29 79 32
29 80 170
29 81 148
29 82 160
29 83 222
29 84 36
29 85 121
29 86 81
29 87 206
29 88 198
29 89 222
29 90 272
29 91 249
29 92 108
29 93 180
29 94 222
29 95 213
29 96 283
29 97 96
29 98 250
29 99 169
29 100 220
30 31 153
30 32 168
30 33 45
30 34 290
30 35 22
30 36 26
30 37 229
30 38 19
30 39 293
30 40 284
30 41 4
30 42 197
30 43 208
30 44 219
30 45 3
30 46 55
30 47 236
30 48 187
30 49 168
30 50 55
30 51 266
30 52 126
30 53 23
30 54 200
30 55 111
30 56 235
30 57 138
30 58 166
30 59 92
30 60 196
30 61 243
30 62 207
30 63 89
30 64 255
30 65 152
30 66 123
30 67 134
30 68 44
30 69 112
30 70 24
30 71 185
30 72 262
30 73 16
30 74 220
30 75 69
30 76 181
30 77 175
30 78 10
30 79 298
30 80 76
30 81 53
30 82 290
30 83 235
30 84 273
30 85 235
30 86 12
30 87 36
30 88 159
30 89 104
30 90 12
30 91 136
30 92 208
30 93 159
30 94 49
30 95 261
30 96 234
30 97 165
30 98 45
30 99 272
30 100 220
31 32 61
31 33 58
31 34 200
31 35 179
31 36 118
31 37 255
31 38 107
31 39 289
31 40 77
31 41 140
31 42 132
31 43 134
31 44 240
31 45 278
31 46 24
31 47 53
31 48 167
31 49 111
31 50 239
31 51 256
31 52 163
31 53 80
31 54 263
31 55 188
31 56 231
31 57 192
31 58 178
31 59 49
31 60 227
31 61 137
31 62 203
31 63 110
31 64 171
31 65 64
31 66 258
31 67 250
31 68 241
31 69 175
31 70 213
31 71 239
31 72 178
31 73 10
31 74 214
31 75 224
31 76 191
31 77 156
31 78 120
31 79 154
31 80 279
31 81 160
31 82 170
31 83 277
31 84 292
31 85 141
31 86 47
31 87 42
31 88 271
31 89 100
31 90 187
31 91 231
31 92 53
31 93 194
31 94 189
31 95 175
31 96 283
31 97 45
31 98 139
31 99 226
31 100 199
32 33 257
32 34 33
32 35 75
32 36 291
32 37 275
32 38 170
32 39 205
32 40 81
32 41 291
32 42 240
32 43 79
32 44 197
32 45 271
32 46 138
32 47 272
32 48 82
32 49 21
32 50 207
32 51 92
32 52 48
32 53 140
32 54 161
32 55 63
32 56 72
32 57 160
32 58 259
32 59 58
32 60 63
32 61 104
32 62 50
32 63 211
32 64 20
32 65 267
32 66 239
32 67 85
32 68 287
32 69 67
32 70 140
32 71 20
32 72 296
32 73 67
32 74 51
32 75 72
32 76 58
32 77 78
32 78 188
32 79 3
32 80 255
32 81 65
32 82 102
32 83 23
32 84 249
32 85 119
32 86 27
32 87 72
32 88 156
32 89 128
32 90 127
32 91 265
32 92 109
32 93 161
32 94 153
32 95 13
32 96 21
32 97 144
32 98 158
32 99 41
32 100 247
33 34 260
33 35 219
33 36 223
33 37 222
33 38 141
33 39 255
33 40 21
33 41 169
33 42 182
33 43 259
33 44 192
33 45 212
33 46 190
33 47 144
33 48 122
33 49 68
33 50 53
33 51 123
33 52 120
33 53 227
33 54 63
33 55 117
33 56 158
33 57 262
33 58 196
33 59 247
33 60 2
33 61 150
33 62 291
33 63 282
33 64 135
33 65 192
33 66 263
33 67 223
33 68 265
33 69 112
33 70 298
33 71 160
33 72 262
33 73 16
33 74 170
33 75 114
33 76 28
33 77 207
33 78 182
33 79 53
33 80 32
33 81 37
33 82 179
33 83 217
33 84 135
33 85 184
33 86 141
33 87 8
33 88 172
33 89 123
33 90 3
33 91 180
33 92 114
33 93 197
33 94 182
33 95 279
33 96 6
33 97 156
33 98 126
33 99 39
33 100 141
34 35 118
34 36 251
34 37 71
34 38 40
34 39 75
34 40 51
34 41 200
34 42 179
34 43 28
34 44 150
34 45 98
34 46 80
34 47 215
34 48 16
34 49 152
34 50 167
34 51 27
34 52 196
34 53 54
34 54 224
34 55 187
34 56 121
34 57 155
34 58 234
34 59 261
34 60 296
34 61 76
34 62 287
34 63 118
34 64 64
34 65 217
34 66 134
34 67 96
34 68 58
34 69 23
34 70 226
34 71 162
34 72 294
34 73 222
34 74 97
34 75 34
34 76 160
34 77 79
34 78 119
34 79 192
34 80 136
34 81 16
34 82 28
34 83 212
34 84 248
34 85 38
34 86 125
34 87 0
34 88 26
34 89 183
34 90 298
34 91 294
34 92 17
34 93 240
34 94 119
34 95 257
34 96 92
34 97 70
34 98 158
34 99 275
34 100 131
35 36 103
35 37 250
35 38 208
35 39 212
35 40 214
35 41 87
35 42 72
35 43 207
35 44 155
35 45 129
35 46 295
35 47 150
35 48 186
35 49 155
35 50 290
35 51 107
35 52 256
35 53 127
35 54 198
35 55 260
35 56 278
35 57 127
35 58 4
35 59 107
35 60 232
35 61 196
35 62 221
35 63 20
35 64 52
35 65 296
35 66 256
35 67 259
35 68 83
35 69 192
35 70 113
35 71 255
35 72 184
35 73 46
35 74 173
35 75 271
35 76 191
35 77 279
35 78 144
35 79 2
35 80 59
35 81 275
35 82 295
35 83 17
35 84 196
35 85 137
35 86 202
35 87 50
35 88 238
35 89 232
35 90 154
35 91 192
35 92 256
35 93 35
35 94 235
35 95 293
35 96 148
35 97 293
35 98 65
35 99 27
35 100 273
36 37 174
36 38 217
36 39 245
36 40 287
36 41 284
36 42 35
36 43 253
36 44 108
36 45 30
36 46 76
36 47 176
36 48 41
36 49 103
36 50 291
36 51 82
36 52 190
36 53 266
36 54 7
36 55 281
36 56 96
36 57 235
36 58 154
36 59 263
36 60 287
36 61 119
36 62 147
36 63 66
36 64 146
36 65 14
36 66 78
36 67 17
36 68 107
36 69 188
36 70 111
36 71 102
36 72 107
36 73 92
36 74 139
36 75 210
36 76 123
36 77 154
36 78 73
36 79 178
36 80 59
36 81 21
36 82 76
36 83 188
36 84 145
36 85 155
36 86 157
36 87 281
36 88 249
36 89 164
36 90 105
36 91 292
36 92 252
36 93 8
36 94 237
36 95 258
36 96 89
36 97 249
36 98 21
36 99 289
36 100 222
37 38 98
37 39 26
37 40 171
37 41 206
37 42 64
37 43 246
37 44 48
37 45 267
37 46 221
37 47 78
37 48 235
37 49 5
37 50 168
37 51 55
37 52 173
37 53 203
37 54 281
37 55 151
37 56 191
37 57 127
37 58 80
37 59 149
37 60 26
37 61 257
37 62 172
37 63 128
37 64 285
37 65 72
37 66 153
37 67 43
37 68 246
37 69 231
37 70 217
37 71 23
37 72 275
37 73 130
37 74 17
37 75 299
37 76 185
37 77 81
37 78 38
37 79 100
37 80 254
37 81 1
37 82 243
37 83 253
37 84 56
37 85 48
37 86 295
37 87 161
37 88 194
37 89 121
37 90 143
37 91 297
37 92 81
37 93 26
37 94 198
37 95 192
37 96 276
37 97 112
37 98 199
37 99 163
37 100 66
38 39 207
38 40 141
38 41 37
38 42 213
38 43 114
38 44 89
38 45 185
38 46 209
38 47 231
38 48 101
38 49 24
38 50 73
38 51 280
38 52 230
38 53 190
38 54 102
38 55 84
38 56 268
38 57 4
38 58 10
38 59 100
38 60 37
38 61 131
38 62 148
38 63 13
38 64 104
38 65 296
38 66 196
38 67 145
38 68 229
38 69 35
38 70 67
38 71 271
38 72 50
38 73 290
38 74 123
38 75 274
38 76 291
38 77 276
38 78 277
38 79 170
38 80 254
38 81 16
38 82 255
38 83 163
38 84 14
38 85 258
38 86 154
38 87 261
38 88 278
38 89 205
38 90 237
38 91 110
38 92 88
38 93 212
38 94 4
38 95 270
38 96 101
38 97 174
38 98 82
38 99 52
38 100 185
39 40 258
39 41 240
39 42 15
39 43 49
39 44 122
39 45 68
39 46 198
39 47 238
39 48 77
39 49 274
39 50 180
39 51 188
39 52 87
39 53 158
39 54 23
39 55 47
39 56 191
39 57 286
39 58 103
39 59 176
39 60 205
39 61 263
39 62 48
39 63 126
39 64 219
39 65 85
39 66 77
39 67 113
39 68 88
39 69 100
39 70 195
39 71 29
39 72 290
39 73 229
39 74 134
39 75 120
39 76 289
39 77 91
39 78 265
39 79 272
39 80 49
39 81 74
39 82 58
39 83 207
39 84 17
39 85 290
39 86 119
39 87 62
39 88 0
39 89 152
39 90 96
39 91 226
39 92 105
39 93 74
39 94 189
39 95 271
39 96 61
39 97 85
39 98 230
39 99 196
39 100 231
40 41 78
40 42 113
40 43 69
40 44 151
40 45 177
40 46 197
40 47 271
40 48 260
40 49 22
40 50 188
40 51 39
40 52 18
40 53 93
40 54 77
40 55 29
40 56 287
40 57 38
40 58 271
40 59 155
40 60 40
40 61 210
40 62 57
40 63 252
40 64 165
40 65 116
40 66 133
40 67 7
40 68 175
40 69 61
40 70 90
40 71 169
40 72 49
40 73 152
40 74 21
40 75 257
40 76 106
40 77 15
40 78 55
40 79 12
40 80 162
40 81 98
40 82 6
40 83 47
40 84 46
40 85 223
40 86 20
40 87 106
40 88 289
40 89 14
40 90 103
40 91 81
40 92 48
40 93 214
40 94 36
40 95 282
40 96 95
40 97 15
40 98 256
40 99 0
40 100 201
41 42 11
41 43 162
41 44 117
41 45 242
41 46 37
41 47 123
41 48 260
41 49 114
41 50 137
41 51 260
41 52 23
41 53 60
41 54 16
41 55 207
41 56 86
41 57 295
41 58 100
41 59 176
41 60 29
41 61 109
41 62 0
41 63 168
41 64 120
41 65 156
41 66 252
41 67 121
41 68 11
41 69 297
41 70 136
41 71 170
41 72 12
41 73 123
41 74 280
41 75 245
41 76 110
41 77 31
41 78 208
41 79 161
41 80 218
41 81 289
41 82 13
41 83 170
41 84 163
41 85 112
41 86 67
41 87 90
41 88 279
41 89 239
41 90 82
41 91 78
41 92 96
41 93 170
41 94 249
41 95 136
41 96 82
41 97 140
41 98 79
41 99 46
41 100 112
42 43 242
42 44 255
42 45 251
42 46 238
42 47 227
42 48 192
42 49 172
42 50 199
42 51 293
42 52 74
42 53 193
42 54 142
42 55 160
42 56 119
42 57 286
42 58 17
42 59 191
42 60 22
42 61 296
42 62 127
42 63 293
42 64 244
42 65 152
42 66 199
42 67 155
42 68 14
42 69 216
42 70 15
42 71 38
42 72 187
42 73 108
42 74 265
42 75 251
42 76 183
42 77 9
42 78 294
42 79 35
42 80 170
42 81 58
42 82 223
42 83 133
42 84 234
42 85 175
42 86 213
42 87 70
42 88 72
42 89 226
42 90 292
42 91 94
42 92 10
42 93 199
42 94 144
42 95 217
42 96 176
42 97 234
42 98 22
42 99 212
42 100 286
43 44 232
43 45 178
43 46 206
43 47 89
43 48 278
43 49 52
43 50 109
43 51 101
43 52 88
43 53 111
43 54 90
43 55 231
43 56 78
43 57 20
43 58 98
43 59 206
43 60 188
43 61 269
43 62 208
43 63 214
43 64 241
43 65 270
43 66 110
43 67 120
43 68 56
43 69 189
43 70 253
43 71 50
43 72 128
43 73 45
43 74 217
43 75 112
43 76 232
43 77 119
43 78 74
43 79 57
43 80 191
43 81 259
43 82 53
43 83 59
43 84 109
43 85 260
43 86 264
43 87 173
43 88 115
43 89 63
43 90 158
43 91 55
43 92 114
43 93 185
43 94 213
43 95 188
43 96 151
43 97 276
43 98 240
43 99 82
43 100 101
44 45 146
44 46 110
44 47 121
44 48 19
44 49 289
44 50 149
44 51 16
44 52 19
44 53 257
44 54 54
44 55 274
44 56 270
44 57 172
44 58 181
44 59 195
44 60 244
44 61 175
44 62 129
44 63 20
44 64 214
44 65 128
44 66 124
44 67 218
44 68 210
44 69 52
44 70 10
44 71 28
44 72 181
44 73 180
44 74 276
44 75 114
44 76 99
44 77 201
44 78 184
44 79 73
44 80 235
44 81 185
44 82 111
44 83 93
44 84 132
44 85 100
44 86 73
44 87 216
44 88 9
44 89 21
44 90 56
44 91 278
44 92 181
44 93 31
44 94 179
44 95 9
44 96 243
44 97 33
44 98 59
44 99 260
44 100 162
45 46 53
45 47 36
45 48 169
45 49 21
45 50 57
45 51 93
45 52 147
45 53 222
45 54 238
45 55 156
45 56 227
45 57 100
45 58 215
45 59 125
45 60 69
45 61 185
45 62 154
45 63 221
45 64 278
45 65 4
45 66 272
45 67 157
45 68 147
45 69 70
45 70 278
45 71 170
45 72 15
45 73 110
45 74 222
45 75 34
45 76 203
45 77 215
45 78 170
45 79 32
45 80 63
45 81 237
45 82 169
45 83 291
45 84 54
45 85 209
45 86 167
45 87 101
45 88 171
45 89 232
45 90 199
45 91 128
45 92 251
45 93 118
45 94 261
45 95 77
45 96 56
45 97 37
45 98 75
45 99 8
45 100 149
46 47 253
46 48 257
46 49 184
46 50 272
46 51 286
46 52 190
46 53 68
46 54 24
46 55 29
46 56 283
46 57 233
46 58 25
46 59 171
46 60 56
46 61 216
46 62 245
46 63 264
46 64 45
46 65 174
46 66 51
46 67 32
46 68 28
46 69 61
46 70 141
46 71 184
46 72 299
46 73 83
46 74 104
46 75 107
46 76 16
46 77 257
46 78 34
46 79 245
46 80 104
46 81 78
46 82 248
46 83 148
46 84 6
46 85 196
46 86 27
46 87 47
46 88 146
46 89 159
46 90 199
46 91 195
46 92 299
46 93 32
46 94 53
46 95 26
46 96 50
46 97 24
46 98 51
46 99 42
46 100 85
47 48 116
47 49 37
47 50 16
47 51 262
47 52 59
47 53 292
47 54 70
47 55 42
47 56 199
47 57 117
47 58 25
47 59 82
47 60 35
47 61 231
47 62 212
47 63 176
47 64 159
47 65 283
47 66 44
47 67 59
47 68 298
47 69 269
47 70 13
47 71 77
47 72 293
47 73 156
47 74 181
47 75 106
47 76 6
47 77 174
47 78 224
47 79 22
47 80 73
47 81 56
47 82 43
47 83 23
47 84 32
47 85 51
47 86 40
47 87 90
47 88 34
47 89 274
47 90 145
47 91 299
47 92 284
47 93 103
47 94 254
47 95 83
47 96 94
47 97 241
47 98 67
47 99 142
47 100 236
48 49 212
48 50 217
48 51 178
48 52 90
48 53 144
48 54 37
48 55 259
48 56 175
48 57 1
48 58 128
48 59 115
48 60 85
48 61 114
48 62 244
48 63 207
48 64 9
48 65 70
48 66 144
48 67 206
48 68 124
48 69 24
48 70 76
48 71 18
48 72 17
48 73 238
48 74 266
48 75 156
48 76 37
48 77 298
48 78 195
48 79 256
48 80 290
48 81 36
48 82 129
48 83 251
48 84 160
48 85 13
48 86 115
48 87 119
48 88 285
48 89 147
48 90 291
48 91 24
48 92 21
48 93 172
48 94 291
48 95 42
48 96 36
48 97 171
48 98 112
48 99 85
48 100 244
49 50 270
49 51 33
49 52 86
49 53 5
49 54 16
49 55 171
49 56 198
49 57 163
49 58 64
49 59 57
49 60 81
49 61 22
49 62 119
49 63 169
49 64 0
49 65 116
49 66 33
49 67 91
49 68 96
49 69 228
49 70 210
49 71 186
49 72 97
49 73 242
49 74 6
49 75 226
49 76 121
49 77 154
49 78 93
49 79 49
49 80 0
49 81 172
49 82 224
49 83 81
49 84 107
49 85 203
49 86 299
49 87 160
49 88 27
49 89 180
49 90 198
49 91 10
49 92 46
49 93 44
49 94 167
49 95 105
49 96 124
49 97 149
49 98 28
49 99 62
49 100 101
50 51 7
50 52 18
50 53 157
50 54 164
50 55 279
50 56 131
50 57 271
50 58 220
50 59 268
50 60 208
50 61 187
50 62 254
50 63 70
50 64 64
50 65 222
50 66 81
50 67 149
50 68 251
50 69 186
50 70 33
50 71 83
50 72 63
50 73 63
50 74 69
50 75 12
50 76 62
50 77 281
50 78 112
50 79 77
50 80 297
50 81 97
50 82 119
50 83 261
50 84 239
50 85 191
50 86 159
50 87 173
50 88 272
50 89 29
50 90 76
50 91 88
50 92 95
50 93 205
50 94 214
50 95 210
50 96 250
50 97 54
50 98 194
50 99 30
50 100 236
51 52 1
51 53 148
51 54 228
51 55 85
51 56 272
51 57 254
51 58 125
51 59 112
51 60 32
51 61 31
51 62 209
51 63 67
51 64 156
51 65 39
51 66 130
51 67 43
51 68 168
51 69 50
51 70 275
51 71 277
51 72 247
51 73 51
51 74 121
51 75 191
51 76 247
51 77 295
51 78 44
51 79 271
51 80 93
51 81 163
51 82 70
51 83 121
51 84 78
51 85 24
51 86 151
51 87 172
51 88 190
51 89 211
51 90 34
51 91 33
51 92 281
51 93 51
51 94 250
51 95 75
51 96 258
51 97 247
51 98 44
51 99 8
51 100 220
52 53 257
52 54 175
52 55 148
52 56 129
52 57 20
52 58 45
52 59 55
52 60 66
52 61 212
52 62 245
52 63 67
52 64 216
52 65 292
52 66 187
52 67 2
52 68 298
52 69 98
52 70 111
52 71 143
52 72 179
52 73 139
52 74 151
52 75 72
52 76 165
52 77 31
52 78 296
52 79 65
52 80 112
52 81 262
52 82 254
52 83 193
52 84 80
52 85 284
52 86 288
52 87 110
52 88 66
52 89 1
52 90 214
52 91 169
52 92 129
52 93 260
52 94 207
52 95 299
52 96 271
52 97 41
52 98 120
52 99 213
52 100 38
53 54 245
53 55 162
53 56 286
53 57 66
53 58 124
53 59 196
53 60 37
53 61 132
53 62 192
53 63 152
53 64 159
53 65 166
53 66 25
53 67 108
53 68 249
53 69 138
53 70 90
53 71 142
53 72 261
53 73 270
53 74 130
53 75 112
53 76 224
53 77 234
53 78 63
53 79 274
53 80 79
53 81 132
53 82 266
53 83 243
53 84 50
53 85 216
53 86 21
53 87 10
53 88 93
53 89 149
53 90 65
53 91 178
53 92 248
53 93 116
53 94 177
53 95 260
53 96 72
53 97 138
53 98 287
53 99 40
53 100 102
54 55 139
54 56 195
54 57 252
54 58 174
54 59 107
54 60 287
54 61 291
54 62 270
54 63 109
54 64 109
54 65 51
54 66 211
54 67 204
54 68 91
54 69 223
54 70 113
54 71 121
54 72 25
54 73 87
54 74 209
54 75 101
54 76 100
54 77 293
54 78 260
54 79 206
54 80 118
54 81 174
54 82 149
54 83 138
54 84 279
54 85 161
54 86 117
54 87 249
54 88 282
54 89 223
54 90 110
54 91 117
54 92 15
54 93 48
54 94 292
54 95 195
54 96 96
54 97 193
54 98 205
54 99 171
54 100 135
55 56 208
55 57 175
55 58 217
55 59 62
55 60 85
55 61 70
55 62 296
55 63 127
55 64 220
55 65 27
55 66 59
55 67 112
55 68 101
55 69 287
55 70 286
55 71 63
55 72 133
55 73 120
55 74 135
55 75 81
55 76 132
55 77 179
55 78 246
55 79 31
55 80 79
55 81 225
55 82 277
55 83 251
55 84 2
55 85 29
55 86 221
55 87 229
55 88 28
55 89 164
55 90 125
55 91 265
55 92 121
55 93 132
55 94 123
55 95 241
55 96 82
55 97 80
55 98 223
55 99 258
55 100 256
56 57 82
56 58 219
56 59 8
56 60 98
56 61 77
56 62 243
56 63 144
56 64 47
56 65 175
56 66 176
56 67 39
56 68 21
56 69 157
56 70 248
56 71 40
56 72 174
56 73 9
56 74 54
56 75 226
56 76 134
56 77 78
56 78 251
56 79 81
56 80 204
56 81 40
56 82 24
56 83 126
56 84 26
56 85 249
56 86 145
56 87 58
56 88 261
56 89 172
56 90 110
56 91 136
56 92 10
56 93 60
56 94 277
56 95 265
56 96 58
56 97 270
56 98 19
56 99 109
56 100 23
57 58 98
57 59 174
57 60 234
57 61 161
57 62 154
57 63 44
57 64 152
57 65 129
57 66 33
57 67 167
57 68 276
57 69 201
57 70 139
57 71 164
57 72 267
57 73 68
57 74 187
57 75 90
57 76 272
57 77 39
57 78 224
57 79 74
57 80 15
57 81 244
57 82 106
57 83 171
57 84 22
57 85 109
57 86 122
57 87 18
57 88 17
57 89 118
57 90 247
57 91 107
57 92 149
57 93 135
57 94 246
57 95 236
57 96 241
57 97 50
57 98 153
57 99 17
57 100 95
58 59 57
58 60 160
58 61 279
58 62 220
58 63 78
58 64 218
58 65 153
58 66 80
58 67 181
58 68 74
58 69 7
58 70 77
58 71 132
58 72 248
58 73 9
58 74 193
58 75 242
58 76 194
58 77 139
58 78 11
58 79 36
58 80 206
58 81 226
58 82 110
58 83 265
58 84 174
58 85 182
58 86 60
58 87 71
58 88 218
58 89 255
58 90 201
58 91 94
58 92 171
58 93 277
58 94 101
58 95 100
58 96 18
58 97 257
58 98 120
58 99 294
58 100 286
59 60 89
59 61 267
59 62 276
59 63 56
59 64 135
59 65 202
59 66 161
59 67 197
59 68 198
59 69 286
59 70 134
59 71 230
59 72 202
59 73 87
59 74 200
59 75 21
59 76 144
59 77 28
59 78 183
59 79 26
59 80 18
59 81 109
59 82 111
59 83 285
59 84 144
59 85 150
59 86 18
59 87 172
59 88 52
59 89 86
59 90 12
59 91 12
59 92 200
59 93 243
59 94 253
59 95 32
59 96 235
59 97 229
59 98 118
59 99 87
59 100 96
60 61 71
60 62 233
60 63 193
60 64 99
60 65 197
60 66 150
60 67 126
60 68 123
60 69 285
60 70 200
60 71 194
60 72 1
60 73 32
60 74 115
60 75 234
60 76 201
60 77 142
60 78 28
60 79 127
60 80 222
60 81 267
60 82 99
60 83 118
60 84 127
60 85 65
60 86 32
60 87 107
60 88 5
60 89 59
60 90 121
60 91 40
60 92 174
60 93 265
60 94 163
60 95 251
60 96 109
60 97 109
60 98 60
60 99 251
60 100 48
61 62 175
61 63 90
61 64 30
61 65 206
61 66 256
61 67 155
61 68 107
61 69 146
61 70 178
61 71 19
61 72 143
61 73 174
61 74 239
61 75 182
61 76 75
61 77 62
61 78 76
61 79 70
61 80 185
61 81 201
61 82 23
61 83 205
61 84 179
61 85 141
61 86 117
61 87 261
61 88 103
61 89 210
61 90 61
61 91 29
61 92 233
61 93 95
61 94 10
61 95 289
61 96 154
61 97 52
61 98 163
61 99 206
61 100 245
62 63 21
62 64 111
62 65 258
62 66 141
62 67 102
62 68 163
62 69 156
62 70 149
62 71 166
62 72 192
62 73 91
62 74 176
62 75 3
62 76 229
62 77 261
62 78 270
62 79 136
62 80 254
62 81 87
62 82 96
62 83 154
62 84 239
62 85 131
62 86 145
62 87 48
62 88 53
62 89 169
62 90 50
62 91 111
62 92 137
62 93 146
62 94 150
62 95 186
62 96 165
62 97 192
62 98 106
62 99 107
62 100 273
63 64 34
63 65 41
63 66 160
63 67 136
63 68 60
63 69 219
63 70 97
63 71 65
63 72 276
63 73 32
63 74 32
63 75 127
63 76 7
63 77 194
63 78 33
63 79 103
63 80 219
63 81 12
63 82 264
63 83 277
63 84 45
63 85 290
63 86 240
63 87 28
63 88 276
63 89 12
63 90 268
63 91 231
63 92 138
63 93 229
63 94 278
63 95 40
63 96 152
63 97 298
63 98 245
63 99 73
63 100 171
64 65 44
64 66 123
64 67 32
64 68 10
64 69 267
64 70 240
64 71 60
64 72 176
64 73 47
64 74 259
64 75 253
64 76 144
64 77 174
64 78 74
64 79 124
64 80 278
64 81 176
64 82 271
64 83 246
64 84 124
64 85 141
64 86 128
64 87 265
64 88 147
64 89 150
64 90 233
64 91 71
64 92 279
64 93 260
64 94 209
64 95 220
64 96 59
64 97 150
64 98 129
64 99 172
64 100 273
65 66 257
65 67 129
65 68 151
65 69 291
65 70 34
65 71 167
65 72 98
65 73 114
65 74 223
65 75 263
65 76 113
65 77 192
65 78 36
65 79 232
65 80 248
65 81 221
65 82 107
65 83 15
65 84 242
65 85 4
65 86 276
65 87 209
65 88 229
65 89 106
65 90 213
65 91 139
65 92 206
65 93 251
65 94 245
65 95 265
65 96 231
65 97 240
65 98 209
65 99 56
65 100 298
66 67 70
66 68 131
66 69 181
66 70 15
66 71 263
66 72 292
66 73 240
66 74 176
66 75 130
66 76 256
66 77 291
66 78 258
66 79 130
66 80 72
66 81 170
66 82 78
66 83 49
66 84 197
66 85 77
66 86 170
66 87 177
66 88 135
66 89 141
66 90 129
66 91 37
66 92 47
66 93 119
66 94 190
66 95 184
66 96 122
66 97 184
66 98 97
66 99 216
66 100 267
67 68 16
67 69 267
67 70 289
67 71 98
67 72 127
67 73 91
67 74 71
67 75 158
67 76 44
67 77 128
67 78 249
67 79 204
67 80 29
67 81 27
67 82 90
67 83 159
67 84 18
67 85 5
67 86 202
67 87 270
67 88 42
67 89 177
67 90 9
67 91 268
67 92 226
67 93 139
67 94 88
67 95 151
67 96 76
67 97 29
67 98 55
67 99 29
67 100 290
68 69 86
68 70 170
68 71 262
68 72 196
68 73 206
68 74 197
68 75 157
68 76 221
68 77 124
68 78 248
68 79 67
68 80 128
68 81 81
68 82 147
68 83 148
68 84 222
68 85 251
68 86 42
68 87 231
68 88 106
68 89 4
68 90 231
68 91 201
68 92 46
68 93 51
68 94 292
68 95 149
68 96 234
68 97 222
68 98 79
68 99 129
68 100 285
69 70 11
69 71 251
69 72 107
69 73 15
69 74 295
69 75 144
69 76 148
69 77 229
69 78 125
69 79 285
69 80 115
69 81 135
69 82 5
69 83 109
69 84 124
69 85 22
69 86 279
69 87 175
69 88 115
69 89 133
69 90 297
69 91 145
69 92 185
69 93 262
69 94 180
69 95 226
69 96 59
69 97 3
69 98 205
69 99 276
69 100 16
70 71 176
70 72 13
70 73 276
70 74 182
70 75 299
70 76 200
70 77 206
70 78 21
70 79 144
70 80 131
70 81 293
70 82 59
70 83 271
70 84 50
70 85 224
70 86 164
70 87 80
70 88 154
70 89 138
70 90 227
70 91 134
70 92 296
70 93 234
70 94 76
70 95 98
70 96 38
70 97 183
70 98 195
70 99 222
70 100 226
71 72 47
71 73 15
71 74 67
71 75 280
71 76 88
71 77 235
71 78 227
71 79 22
71 80 193
71 81 235
71 82 52
71 83 276
71 84 14
71 85 141
71 86 286
71 87 11
71 88 225
71 89 105
71 90 121
71 91 99
71 92 40
71 93 83
71 94 57
71 95 173
71 96 206
71 97 245
71 98 186
71 99 17
71 100 54
72 73 243
72 74 71
72 75 254
72 76 33
72 77 13
72 78 184
72 79 59
72 80 199
72 81 224
72 82 249
72 83 257
72 84 181
72 85 135
72 86 112
72 87 54
72 88 23
72 89 79
72 90 51
72 91 255
72 92 282
72 93 83
72 94 167
72 95 8
72 96 6
72 97 17
72 98 264
72 99 122
72 100 150
73 74 22
73 75 183
73 76 23
73 77 70
73 78 51
73 79 186
73 80 263
73 81 193
73 82 183
73 83 253
73 84 29
73 85 220
73 86 294
73 87 290
73 88 27
73 89 112
73 90 41
73 91 218
73 92 180
73 93 257
73 94 166
73 95 135
73 96 210
73 97 45
73 98 29
73 99 108
73 100 58
74 75 96
74 76 152
74 77 36
74 78 120
74 79 201
74 80 99
74 81 100
74 82 47
74 83 276
74 84 132
74 85 134
74 86 169
74 87 99
74 88 1
74 89 190
74 90 90
74 91 127
74 92 236
74 93 262
74 94 34
74 95 166
74 96 170
74 97 258
74 98 112
74 99 173
74 100 149
75 76 37
75 77 232
75 78 56
75 79 129
75 80 108
75 81 2
75 82 143
75 83 248
75 84 101
75 85 41
75 86 260
75 87 65
75 88 175
75 89 131
75 90 82
75 91 121
75 92 18
75 93 251
75 94 115
75 95 68
75 96 51
75 97 168
75 98 95
75 99 229
75 100 196
76 77 15
76 78 170
76 79 133
76 80 126
76 81 86
76 82 169
76 83 236
76 84 240
76 85 5
76 86 236
76 87 254
76 88 226
76 89 111
76 90 147
76 91 294
76 92 89
76 93 83
76 94 230
76 95 212
76 96 107
76 97 216
76 98 72
76 99 231
76 100 251
77 78 198
77 79 275
77 80 175
77 81 179
77 82 284
77 83 138
77 84 50
77 85 92
77 86 133
77 87 31
77 88 241
77 89 267
77 90 225
77 91 58
77 92 54
77 93 133
77 94 181
77 95 240
77 96 101
77 97 14
77 98 185
77 99 177
77 100 293
78 79 2
78 80 36
78 81 216
78 82 170
78 83 167
78 84 114
78 85 89
78 86 7
78 87 226
78 88 167
78 89 257
78 90 86
78 91 79
78 92 238
78 93 286
78 94 100
78 95 5
78 96 271
78 97 149
78 98 6
78 99 98
78 100 214
79 80 129
79 81 297
79 82 15
79 83 161
79 84 26
79 85 8
79 86 43
79 87 157
79 88 199
79 89 115
79 90 64
79 91 221
79 92 84
79 93 193
79 94 44
79 95 147
79 96 204
79 97 75
79 98 11
79 99 183
79 100 188
80 81 249
80 82 142
80 83 6
80 84 188
80 85 68
80 86 118
80 87 121
80 88 197
80 89 137
80 90 81
80 91 30
80 92 40
80 93 294
80 94 174
80 95 97
80 96 219
80 97 284
80 98 266
80 99 84
80 100 179
81 82 22
81 83 80
81 84 248
81 85 168
81 86 136
81 87 138
81 88 285
81 89 168
81 90 270
81 91 185
81 92 295
81 93 9
81 94 95
81 95 227
81 96 219
81 97 29
81 98 22
81 99 54
81 100 146
82 83 158
82 84 49
82 85 178
82 86 128
82 87 171
82 88 178
82 89 152
82 90 279
82 91 49
82 92 286
82 93 143
82 94 265
82 95 5
82 96 193
82 97 236
82 98 166
82 99 70
82 100 222
83 84 137
83 85 82
83 86 236
83 87 286
83 88 184
83 89 48
83 90 174
83 91 227
83 92 32
83 93 106
83 94 299
83 95 31
83 96 288
83 97 118
83 98 48
83 99 86
83 100 199
84 85 258
84 86 192
84 87 212
84 88 175
84 89 133
84 90 46
84 91 270
84 92 161
84 93 195
84 94 69
84 95 99
84 96 251
84 97 160
84 98 149
84 99 160
84 100 83
85 86 270
85 87 72
85 88 18
85 89 288
85 90 204
85 91 186
85 92 33
85 93 1
85 94 143
85 95 27
85 96 137
85 97 282
85 98 2
85 99 261
85 100 194
86 87 31
86 88 193
86 89 278
86 90 53
86 91 206
86 92 99
86 93 239
86 94 51
86 95 214
86 96 86
86 97 158
86 98 32
86 99 295
86 100 206
87 88 84
87 89 26
87 90 226
87 91 119
87 92 219
87 93 152
87 94 61
87 95 158
87 96 172
87 97 257
87 98 220
87 99 60
87 100 29
88 89 244
88 90 172
88 91 57
88 92 77
88 93 106
88 94 135
88 95 133
88 96 160
88 97 203
88 98 179
88 99 263
88 100 127
89 90 224
89 91 163
89 92 278
89 93 247
89 94 230
89 95 233
89 96 53
89 97 290
89 98 263
89 99 18
89 100 35
90 91 115
90 92 194
90 93 245
90 94 207
90 95 169
90 96 285
90 97 175
90 98 289
90 99 64
90 100 294
91 92 109
91 93 275
91 94 46
91 95 127
91 96 79
91 97 41
91 98 297
91 99 61
91 100 2
92 93 241
92 94 254
92 95 123
92 96 187
92 97 137
92 98 156
92 99 266
92 100 211
93 94 207
93 95 258
93 96 158
93 97 49
93 98 104
93 99 156
93 100 239
94 95 263
94 96 169
94 97 78
94 98 200
94 99 95
94 100 225
95 96 139
95 97 25
95 98 289
95 99 227
95 100 134
96 97 90
96 98 192
96 99 93
96 100 289
97 98 84
97 99 143
97 100 14
98 99 112
98 100 245
99 100 68
