100 4950
1 2 37
1 3 235
1 4 72
1 5 255
1 6 203
1 7 133
1 8 144
1 9 129
1 10 71
1 11 237
1 12 281
1 13 178
1 14 276
1 15 254
1 16 252
1 17 156
1 18 50
1 19 68
1 20 215
1 21 241
1 22 86
1 23 141
1 24 7
1 25 22
1 26 1
1 27 209
1 28 264
1 29 216
1 30 141
1 31 115
1 32 121
1 33 30
1 34 71
1 35 49
1 36 3
1 37 280
1 38 43
1 39 76
1 40 26
1 41 109
1 42 297
1 43 15
1 44 64
1 45 196
1 46 25
1 47 226
1 48 282
1 49 153
1 50 104
1 51 22
1 52 265
1 53 195
1 54 126
1 55 279
1 56 155
1 57 83
1 58 166
1 59 136
1 60 288
1 61 266
1 62 279
1 63 143
1 64 239
1 65 87
1 66 281
1 67 243
1 68 74
1 69 190
1 70 216
1 71 151
1 72 183
1 73 259
1 74 253
1 75 262
1 76 52
1 77 2
1 78 76
1 79 149
1 80 203
1 81 263
1 82 77
1 83 200
1 84 75
1 85 43
1 86 20
1 87 30
1 88 36
1 89 263
1 90 57
1 91 240
1 92 210
1 93 96
1 94 269
1 95 10
1 96 279
1 97 152
1 98 202
1 99 148
1 100 140
2 3 193
2 4 94
2 5 60
2 6 152
2 7 130
2 8 220
2 9 103
2 10 266
2 11 182
2 12 198
2 13 194
2 14 176
2 15 54
2 16 15
2 17 170
2 18 20
2 19 118
2 20 278
2 21 114
2 22 97
2 23 181
2 24 10
2 25 96
2 26 183
2 27 56
2 28 217
2 29 231
2 30 96
2 31 25
2 32 141
2 33 212
2 34 116
2 35 299
2 36 134
2 37 205
2 38 184
2 39 24
2 40 137
2 41 199
2 42 248
2 43 21
2 44 296
2 45 77
2 46 219
2 47 177
2 48 45
2 49 144
2 50 234
2 51 45
2 52 63
2 53 35
2 54 33
2 55 130
2 56 83
2 57 48
2 58 288
2 59 253
2 60 156
2 61 55
2 62 210
2 63 287
2 64 28
2 65 222
2 66 136
2 67 109
2 68 99
2 69 32
2 70 8
2 71 84
2 72 50
2 73 79
2 74 169
2 75 108
2 76 211
2 77 24
2 78 113
2 79 276
2 80 44
2 81 271
2 82 158
2 83 275
2 84 251
2 85 154
2 86 235
2 87 86
2 88 227
2 89 53
2 90 243
2 91 290
2 92 100
2 93 228
2 94 288
2 95 280
2 96 211
2 97 229
2 98 94
2 99 166
2 100 175
3 4 231
3 5 79
3 6 63
3 7 87
3 8 298
3 9 202
3 10 194
3 11 216
3 12 226
3 13 158
3 14 145
3 15 188
3 16 206
3 17 145
3 18 167
3 19 163
3 20 156
3 21 150
3 22 294
3 23 169
3 24 205
3 25 153
3 26 230
3 27 240
3 28 48
3 29 178
3 30 105
3 31 182
3 32 256
3 33 272
3 34 275
3 35 265
3 36 112
3 37 220
3 38 51
3 39 138
3 40 123
3 41 270
3 42 191
3 43 21
3 44 174
3 45 131
3 46 208
3 47 54
3 48 71
3 49 14
3 50 205
3 51 143
3 52 212
3 53 114
3 54 238
3 55 44
3 56 37
3 57 150
3 58 12
3 59 215
3 60 125
3 61 43
3 62 294
3 63 91
3 64 112
3 65 253
3 66 226
3 67 171
3 68 184
3 69 73
3 70 89
3 71 27
3 72 43
3 73 1
3 74 127
3 75 94
3 76 30
3 77 64
3 78 150
3 79 98
3 80 131
3 81 70
3 82 140
3 83 295
3 84 230
3 85 83
3 86 239
3 87 176
3 88 269
3 89 164
3 90 279
3 91 122
3 92 249
3 93 53
3 94 169
3 95 246
3 96 221
3 97 244
3 98 204
3 99 105
3 100 36
4 5 112
4 6 144
4 7 158
4 8 115
4 9 106
4 10 212
4 11 291
4 12 258
4 13 213
4 14 93
4 15 164
4 16 109
4 17 283
4 18 28
4 19 130
4 20 227
4 21 292
4 22 228
4 23 168
4 24 18
4 25 225
4 26 46
4 27 217
4 28 112
4 29 2
4 30 98
4 31 284
4 32 206
4 33 203
4 34 170
4 35 282
4 36 232
4 37 58
4 38 37
4 39 237
4 40 234
4 41 267
4 42 6
4 43 96
4 44 142
4 45 100
4 46 203
4 47 191
4 48 32
4 49 110
4 50 177
4 51 128
4 52 150
4 53 97
4 54 164
4 55 283
4 56 156
4 57 52
4 58 102
4 59 222
4 60 7
4 61 272
4 62 231
4 63 157
4 64 270
4 65 30
4 66 136
4 67 168
4 68 158
4 69 220
4 70 192
4 71 231
4 72 140
4 73 145
4 74 250
4 75 10
4 76 28
4 77 133
4 78 42
4 79 86
4 80 78
4 81 209
4 82 200
4 83 275
4 84 153
4 85 272
4 86 260
4 87 155
4 88 131
4 89 186
4 90 12
4 91 130
4 92 158
4 93 133
4 94 144
4 95 96
4 96 236
4 97 287
4 98 235
4 99 99
4 100 280
5 6 21
5 7 33
5 8 4
5 9 39
5 10 124
5 11 67
5 12 162
5 13 162
5 14 42
5 15 210
5 16 38
5 17 176
5 18 122
5 19 209
5 20 261
5 21 230
5 22 219
5 23 296
5 24 197
5 25 5
5 26 7
5 27 293
5 28 33
5 29 27
5 30 179
5 31 77
5 32 30
5 33 174
5 34 9
5 35 259
5 36 227
5 37 80
5 38 284
5 39 165
5 40 52
5 41 63
5 42 123
5 43 221
5 44 146
5 45 157
5 46 39
5 47 284
5 48 54
5 49 29
5 50 183
5 51 145
5 52 71
5 53 91
5 54 184
5 55 51
5 56 204
5 57 62
5 58 102
5 59 179
5 60 96
5 61 30
5 62 150
5 63 261
5 64 95
5 65 204
5 66 116
5 67 22
5 68 221
5 69 285
5 70 18
5 71 52
5 72 122
5 73 31
5 74 226
5 75 221
5 76 173
5 77 235
5 78 271
5 79 199
5 80 176
5 81 211
5 82 283
5 83 299
5 84 147
5 85 79
5 86 214
5 87 11
5 88 229
5 89 93
5 90 271
5 91 179
5 92 45
5 93 150
5 94 109
5 95 103
5 96 168
5 97 172
5 98 273
5 99 88
5 100 230
6 7 240
6 8 82
6 9 14
6 10 164
6 11 26
6 12 22
6 13 290
6 14 21
6 15 196
6 16 176
6 17 118
6 18 146
6 19 139
6 20 139
6 21 68
6 22 173
6 23 192
6 24 89
6 25 40
6 26 263
6 27 263
6 28 246
6 29 289
6 30 58
6 31 263
6 32 162
6 33 132
6 34 118
6 35 178
6 36 76
6 37 254
6 38 114
6 39 92
6 40 220
6 41 239
6 42 153
6 43 247
6 44 1
6 45 269
6 46 116
6 47 38
6 48 213
6 49 166
6 50 161
6 51 257
6 52 245
6 53 113
6 54 114
6 55 294
6 56 28
6 57 203
6 58 114
6 59 31
6 60 179
6 61 66
6 62 261
6 63 0
6 64 280
6 65 144
6 66 224
6 67 297
6 68 152
6 69 277
6 70 46
6 71 291
6 72 68
6 73 32
6 74 249
6 75 45
6 76 57
6 77 153
6 78 288
6 79 33
6 80 134
6 81 193
6 82 31
6 83 251
6 84 141
6 85 127
6 86 143
6 87 285
6 88 66
6 89 239
6 90 61
6 91 211
6 92 96
6 93 58
6 94 232
6 95 286
6 96 185
6 97 96
6 98 297
6 99 276
6 100 40
7 8 110
7 9 132
7 10 265
7 11 124
7 12 218
7 13 74
7 14 149
7 15 246
7 16 166
7 17 293
7 18 43
7 19 103
7 20 33
7 21 95
7 22 199
7 23 69
7 24 198
7 25 23
7 26 214
7 27 106
7 28 39
7 29 31
7 30 293
7 31 38
7 32 184
7 33 66
7 34 266
7 35 16
7 36 286
7 37 187
7 38 53
7 39 121
7 40 240
7 41 243
7 42 174
7 43 155
7 44 161
7 45 68
7 46 39
7 47 33
7 48 270
7 49 77
7 50 61
7 51 36
7 52 268
7 53 282
7 54 250
7 55 12
7 56 233
7 57 281
7 58 229
7 59 169
7 60 107
7 61 55
7 62 55
7 63 143
7 64 296
7 65 70
7 66 178
7 67 160
7 68 218
7 69 276
7 70 38
7 71 208
7 72 89
7 73 275
7 74 64
7 75 42
7 76 97
7 77 1
7 78 89
7 79 38
7 80 18
7 81 295
7 82 127
7 83 271
7 84 293
7 85 164
7 86 127
7 87 238
7 88 257
7 89 32
7 90 158
7 91 7
7 92 112
7 93 50
7 94 178
7 95 160
7 96 299
7 97 197
7 98 1
7 99 97
7 100 179
8 9 30
8 10 82
8 11 177
8 12 223
8 13 253
8 14 18
8 15 174
8 16 172
8 17 219
8 18 137
8 19 77
8 20 151
8 21 95
8 22 243
8 23 187
8 24 229
8 25 125
8 26 64
8 27 129
8 28 84
8 29 233
8 30 68
8 31 54
8 32 25
8 33 250
8 34 56
8 35 92
8 36 264
8 37 174
8 38 11
8 39 136
8 40 151
8 41 217
8 42 210
8 43 5
8 44 170
8 45 21
8 46 117
8 47 73
8 48 146
8 49 151
8 50 45
8 51 52
8 52 182
8 53 168
8 54 241
8 55 278
8 56 2
8 57 214
8 58 257
8 59 72
8 60 215
8 61 77
8 62 48
8 63 256
8 64 42
8 65 295
8 66 3
8 67 299
8 68 53
8 69 187
8 70 91
8 71 261
8 72 26
8 73 31
8 74 11
8 75 182
8 76 129
8 77 13
8 78 59
8 79 209
8 80 136
8 81 38
8 82 5
8 83 84
8 84 187
8 85 31
8 86 7
8 87 235
8 88 160
8 89 37
8 90 175
8 91 271
8 92 52
8 93 197
8 94 28
8 95 275
8 96 273
8 97 261
8 98 237
8 99 207
8 100 254
9 10 145
9 11 209
9 12 7
9 13 17
9 14 242
9 15 86
9 16 7
9 17 285
9 18 183
9 19 284
9 20 43
9 21 55
9 22 232
9 23 261
9 24 191
9 25 180
9 26 105
9 27 226
9 28 165
9 29 260
9 30 299
9 31 139
9 32 29
9 33 178
9 34 232
9 35 179
9 36 170
9 37 125
9 38 89
9 39 43
9 40 254
9 41 104
9 42 95
9 43 284
9 44 64
9 45 114
9 46 214
9 47 254
9 48 127
9 49 10
9 50 31
9 51 9
9 52 103
9 53 134
9 54 158
9 55 146
9 56 140
9 57 74
9 58 213
9 59 53
9 60 170
9 61 134
9 62 164
9 63 187
9 64 264
9 65 18
9 66 106
9 67 21
9 68 67
9 69 14
9 70 20
9 71 265
9 72 42
9 73 276
9 74 77
9 75 42
9 76 291
9 77 156
9 78 234
9 79 85
9 80 34
9 81 234
9 82 220
9 83 210
9 84 286
9 85 64
9 86 205
9 87 274
9 88 166
9 89 244
9 90 180
9 91 211
9 92 25
9 93 232
9 94 69
9 95 31
9 96 59
9 97 29
9 98 123
9 99 32
9 100 249
10 11 200
10 12 68
10 13 38
10 14 97
10 15 265
10 16 276
10 17 243
10 18 156
10 19 173
10 20 92
10 21 4
10 22 207
10 23 31
10 24 228
10 25 76
10 26 250
10 27 294
10 28 83
10 29 208
10 30 74
10 31 70
10 32 228
10 33 185
10 34 286
10 35 99
10 36 294
10 37 41
10 38 176
10 39 170
10 40 242
10 41 150
10 42 64
10 43 189
10 44 188
10 45 96
10 46 155
10 47 256
10 48 154
10 49 276
10 50 250
10 51 26
10 52 274
10 53 253
10 54 230
10 55 117
10 56 62
10 57 166
10 58 151
10 59 68
10 60 197
10 61 189
10 62 275
10 63 247
10 64 164
10 65 273
10 66 149
10 67 205
10 68 243
10 69 154
10 70 241
10 71 8
10 72 68
10 73 82
10 74 213
10 75 221
10 76 202
10 77 89
10 78 279
10 79 269
10 80 216
10 81 24
10 82 249
10 83 219
10 84 121
10 85 141
10 86 6
10 87 2
10 88 234
10 89 156
10 90 35
10 91 205
10 92 174
10 93 78
10 94 105
10 95 219
10 96 148
10 97 151
10 98 199
10 99 262
10 100 277
11 12 50
11 13 90
11 14 9
11 15 105
11 16 85
11 17 33
11 18 121
11 19 33
11 20 126
11 21 7
11 22 27
11 23 296
11 24 45
11 25 137
11 26 239
11 27 46
11 28 121
11 29 58
11 30 21
11 31 256
11 32 147
11 33 147
11 34 27
11 35 97
11 36 232
11 37 238
11 38 234
11 39 239
11 40 195
11 41 291
11 42 95
11 43 29
11 44 278
11 45 247
11 46 266
11 47 298
11 48 72
11 49 31
11 50 82
11 51 135
11 52 215
11 53 136
11 54 23
11 55 290
11 56 251
11 57 131
11 58 15
11 59 280
11 60 62
11 61 106
11 62 121
11 63 26
11 64 98
11 65 237
11 66 47
11 67 163
11 68 144
11 69 215
11 70 239
11 71 185
11 72 280
11 73 280
11 74 195
11 75 73
11 76 174
11 77 12
11 78 128
11 79 97
11 80 226
11 81 139
11 82 280
11 83 243
11 84 54
11 85 252
11 86 175
11 87 296
11 88 230
11 89 89
11 90 287
11 91 242
11 92 33
11 93 9
11 94 81
11 95 79
11 96 175
11 97 133
11 98 187
11 99 280
11 100 238
12 13 79
12 14 186
12 15 63
12 16 83
12 17 216
12 18 210
12 19 120
12 20 206
12 21 116
12 22 27
12 23 279
12 24 69
12 25 279
12 26 295
12 27 66
12 28 106
12 29 154
12 30 280
12 31 127
12 32 87
12 33 257
12 34 173
12 35 239
12 36 17
12 37 184
12 38 289
12 39 2
12 40 83
12 41 55
12 42 7
12 43 227
12 44 159
12 45 198
12 46 92
12 47 215
12 48 213
12 49 74
12 50 117
12 51 142
12 52 56
12 53 215
12 54 1
12 55 203
12 56 239
12 57 146
12 58 62
12 59 284
12 60 87
12 61 294
12 62 148
12 63 97
12 64 179
12 65 110
12 66 59
12 67 14
12 68 44
12 69 16
12 70 192
12 71 109
12 72 251
12 73 10
12 74 45
12 75 216
12 76 78
12 77 103
12 78 170
12 79 192
12 80 261
12 81 90
12 82 55
12 83 298
12 84 276
12 85 238
12 86 88
12 87 274
12 88 92
12 89 211
12 90 143
12 91 17
12 92 189
12 93 135
12 94 55
12 95 130
12 96 132
12 97 16
12 98 68
12 99 286
12 100 52
13 14 187
13 15 242
13 16 228
13 17 31
13 18 160
13 19 5
13 20 289
13 21 128
13 22 265
13 23 31
13 24 38
13 25 139
13 26 171
13 27 263
13 28 112
13 29 96
13 30 152
13 31 299
13 32 179
13 33 266
13 34 94
13 35 49
13 36 274
13 37 124
13 38 138
13 39 61
13 40 135
13 41 207
13 42 128
13 43 259
13 44 51
13 45 195
13 46 81
13 47 19
13 48 172
13 49 61
13 50 21
13 51 94
13 52 129
13 53 234
13 54 188
13 55 204
13 56 22
13 57 142
13 58 174
13 59 236
13 60 104
13 61 288
13 62 208
13 63 198
13 64 152
13 65 217
13 66 163
13 67 57
13 68 159
13 69 250
13 70 295
13 71 270
13 72 110
13 73 269
13 74 19
13 75 143
13 76 169
13 77 163
13 78 25
13 79 179
13 80 34
13 81 150
13 82 289
13 83 119
13 84 135
13 85 160
13 86 131
13 87 174
13 88 217
13 89 92
13 90 255
13 91 99
13 92 58
13 93 64
13 94 40
13 95 78
13 96 62
13 97 283
13 98 170
13 99 14
13 100 266
14 15 163
14 16 221
14 17 217
14 18 5
14 19 233
14 20 100
14 21 214
14 22 157
14 23 29
14 24 38
14 25 78
14 26 298
14 27 228
14 28 68
14 29 44
14 30 101
14 31 73
14 32 80
14 33 35
14 34 230
14 35 143
14 36 39
14 37 130
14 38 113
14 39 15
14 40 143
14 41 66
14 42 121
14 43 274
14 44 230
14 45 146
14 46 153
14 47 293
14 48 20
14 49 296
14 50 238
14 51 18
14 52 179
14 53 293
14 54 30
14 55 296
14 56 201
14 57 254
14 58 115
14 59 219
14 60 276
14 61 262
14 62 24
14 63 0
14 64 176
14 65 245
14 66 21
14 67 0
14 68 76
14 69 83
14 70 286
14 71 289
14 72 210
14 73 22
14 74 131
14 75 34
14 76 49
14 77 88
14 78 198
14 79 165
14 80 140
14 81 293
14 82 6
14 83 92
14 84 259
14 85 252
14 86 288
14 87 172
14 88 157
14 89 28
14 90 84
14 91 299
14 92 222
14 93 93
14 94 276
14 95 159
14 96 281
14 97 233
14 98 59
14 99 238
14 100 248
15 16 17
15 17 150
15 18 269
15 19 30
15 20 149
15 21 71
15 22 3
15 23 151
15 24 268
15 25 205
15 26 246
15 27 7
15 28 30
15 29 264
15 30 103
15 31 84
15 32 73
15 33 167
15 34 188
15 35 118
15 36 281
15 37 65
15 38 116
15 39 107
15 40 103
15 41 146
15 42 129
15 43 162
15 44 145
15 45 267
15 46 53
15 47 210
15 48 11
15 49 0
15 50 221
15 51 91
15 52 254
15 53 84
15 54 227
15 55 133
15 56 139
15 57 69
15 58 265
15 59 174
15 60 221
15 61 160
15 62 42
15 63 151
15 64 63
15 65 63
15 66 159
15 67 274
15 68 168
15 69 261
15 70 112
15 71 104
15 72 168
15 73 153
15 74 196
15 75 82
15 76 214
15 77 46
15 78 13
15 79 21
15 80 80
15 81 246
15 82 94
15 83 112
15 84 51
15 85 142
15 86 158
15 87 10
15 88 260
15 89 182
15 90 98
15 91 297
15 92 35
15 93 114
15 94 184
15 95 141
15 96 250
15 97 267
15 98 149
15 99 81
15 100 122
16 17 94
16 18 189
16 19 85
16 20 243
16 21 60
16 22 227
16 23 243
16 24 202
16 25 136
16 26 203
16 27 209
16 28 155
16 29 164
16 30 92
16 31 84
16 32 299
16 33 227
16 34 264
16 35 183
16 36 145
16 37 110
16 38 60
16 39 160
16 40 155
16 41 50
16 42 219
16 43 282
16 44 37
16 45 184
16 46 168
16 47 166
16 48 147
16 49 148
16 50 63
16 51 149
16 52 220
16 53 146
16 54 68
16 55 125
16 56 59
16 57 184
16 58 295
16 59 254
16 60 238
16 61 61
16 62 288
16 63 190
16 64 136
16 65 290
16 66 33
16 67 220
16 68 25
16 69 67
16 70 1
16 71 239
16 72 283
16 73 121
16 74 252
16 75 266
16 76 144
16 77 79
16 78 225
16 79 128
16 80 158
16 81 259
16 82 192
16 83 294
16 84 122
16 85 67
16 86 158
16 87 277
16 88 26
16 89 10
16 90 36
16 91 137
16 92 238
16 93 231
16 94 55
16 95 109
16 96 69
16 97 266
16 98 244
16 99 259
16 100 39
17 18 37
17 19 144
17 20 281
17 21 235
17 22 128
17 23 55
17 24 180
17 25 206
17 26 225
17 27 238
17 28 252
17 29 0
17 30 142
17 31 254
17 32 99
17 33 295
17 34 71
17 35 263
17 36 144
17 37 189
17 38 69
17 39 178
17 40 58
17 41 115
17 42 77
17 43 229
17 44 11
17 45 79
17 46 223
17 47 110
17 48 262
17 49 106
17 50 197
17 51 250
17 52 213
17 53 172
17 54 198
17 55 263
17 56 73
17 57 212
17 58 119
17 59 88
17 60 204
17 61 249
17 62 164
17 63 293
17 64 43
17 65 186
17 66 118
17 67 257
17 68 157
17 69 48
17 70 183
17 71 45
17 72 8
17 73 290
17 74 29
17 75 256
17 76 207
17 77 275
17 78 260
17 79 296
17 80 288
17 81 70
17 82 263
17 83 244
17 84 38
17 85 209
17 86 157
17 87 230
17 88 3
17 89 178
17 90 91
17 91 177
17 92 42
17 93 70
17 94 8
17 95 159
17 96 25
17 97 225
17 98 261
17 99 116
17 100 101
18 19 94
18 20 24
18 21 174
18 22 20
18 23 22
18 24 128
18 25 22
18 26 155
18 27 229
18 28 281
18 29 112
18 30 64
18 31 45
18 32 38
18 33 185
18 34 52
18 35 288
18 36 207
18 37 161
18 38 53
18 39 140
18 40 118
18 41 96
18 42 33
18 43 183
18 44 54
18 45 105
18 46 268
18 47 266
18 48 81
18 49 78
18 50 254
18 51 29
18 52 268
18 53 63
18 54 135
18 55 70
18 56 64
18 57 234
18 58 116
18 59 270
18 60 187
18 61 234
18 62 33
18 63 280
18 64 3
18 65 297
18 66 181
18 67 96
18 68 82
18 69 118
18 70 164
18 71 262
18 72 115
18 73 166
18 74 240
18 75 226
18 76 159
18 77 62
18 78 34
18 79 42
18 80 90
18 81 178
18 82 278
18 83 2
18 84 128
18 85 92
18 86 261
18 87 200
18 88 9
18 89 11
18 90 98
18 91 296
18 92 87
18 93 189
18 94 130
18 95 221
18 96 233
18 97 226
18 98 29
18 99 122
18 100 80
19 20 127
19 21 129
19 22 1
19 23 180
19 24 113
19 25 203
19 26 206
19 27 190
19 28 76
19 29 48
19 30 36
19 31 49
19 32 270
19 33 73
19 34 71
19 35 280
19 36 80
19 37 180
19 38 92
19 39 102
19 40 263
19 41 188
19 42 9
19 43 162
19 44 253
19 45 68
19 46 121
19 47 141
19 48 99
19 49 128
19 50 34
19 51 198
19 52 16
19 53 165
19 54 273
19 55 166
19 56 127
19 57 82
19 58 14
19 59 165
19 60 251
19 61 233
19 62 161
19 63 177
19 64 205
19 65 99
19 66 159
19 67 186
19 68 124
19 69 201
19 70 284
19 71 186
19 72 222
19 73 269
19 74 38
19 75 91
19 76 87
19 77 123
19 78 59
19 79 174
19 80 295
19 81 25
19 82 288
19 83 158
19 84 116
19 85 169
19 86 185
19 87 116
19 88 173
19 89 241
19 90 281
19 91 73
19 92 202
19 93 134
19 94 258
19 95 30
19 96 77
19 97 206
19 98 298
19 99 274
19 100 211
20 21 216
20 22 170
20 23 24
20 24 242
20 25 150
20 26 156
20 27 53
20 28 158
20 29 103
20 30 112
20 31 238
20 32 21
20 33 155
20 34 133
20 35 200
20 36 82
20 37 238
20 38 48
20 39 236
20 40 252
20 41 24
20 42 106
20 43 168
20 44 235
20 45 168
20 46 175
20 47 212
20 48 261
20 49 240
20 50 23
20 51 196
20 52 148
20 53 141
20 54 29
20 55 156
20 56 242
20 57 182
20 58 191
20 59 231
20 60 60
20 61 197
20 62 211
20 63 100
20 64 52
20 65 92
20 66 96
20 67 106
20 68 229
20 69 57
20 70 39
20 71 78
20 72 61
20 73 106
20 74 238
20 75 133
20 76 204
20 77 153
20 78 255
20 79 122
20 80 93
20 81 293
20 82 143
20 83 41
20 84 263
20 85 130
20 86 174
20 87 75
20 88 180
20 89 66
20 90 240
20 91 165
20 92 25
20 93 192
20 94 128
20 95 52
20 96 54
20 97 127
20 98 163
20 99 178
20 100 100
21 22 106
21 23 230
21 24 151
21 25 193
21 26 256
21 27 288
21 28 104
21 29 114
21 30 25
21 31 183
21 32 69
21 33 5
21 34 270
21 35 215
21 36 2
21 37 91
21 38 64
21 39 248
21 40 226
21 41 87
21 42 24
21 43 115
21 44 270
21 45 240
21 46 288
21 47 241
21 48 211
21 49 148
21 50 199
21 51 155
21 52 165
21 53 223
21 54 272
21 55 224
21 56 246
21 57 245
21 58 261
21 59 110
21 60 66
21 61 249
21 62 222
21 63 178
21 64 2
21 65 89
21 66 32
21 67 217
21 68 164
21 69 66
21 70 249
21 71 11
21 72 52
21 73 115
21 74 221
21 75 212
21 76 251
21 77 135
21 78 238
21 79 197
21 80 185
21 81 89
21 82 124
21 83 67
21 84 105
21 85 202
21 86 268
21 87 24
21 88 211
21 89 227
21 90 22
21 91 168
21 92 77
21 93 21
21 94 143
21 95 183
21 96 196
21 97 210
21 98 267
21 99 164
21 100 185
22 23 27
22 24 207
22 25 140
22 26 129
22 27 191
22 28 85
22 29 254
22 30 208
22 31 123
22 32 84
22 33 155
22 34 221
22 35 135
22 36 270
22 37 12
22 38 255
22 39 61
22 40 276
22 41 165
22 42 62
22 43 194
22 44 200
22 45 261
22 46 126
22 47 127
22 48 0
22 49 258
22 50 233
22 51 132
22 52 64
22 53 35
22 54 132
22 55 80
22 56 14
22 57 2
22 58 216
22 59 128
22 60 190
22 61 257
22 62 219
22 63 111
22 64 124
22 65 251
22 66 44
22 67 113
22 68 225
22 69 47
22 70 59
22 71 93
22 72 82
22 73 242
22 74 138
22 75 109
22 76 95
22 77 73
22 78 290
22 79 229
22 80 210
22 81 179
22 82 152
22 83 183
22 84 253
22 85 37
22 86 57
22 87 225
22 88 87
22 89 241
22 90 44
22 91 185
22 92 283
22 93 246
22 94 55
22 95 63
22 96 208
22 97 56
22 98 154
22 99 53
22 100 240
23 24 166
23 25 186
23 26 43
23 27 105
23 28 19
23 29 75
23 30 293
23 31 162
23 32 127
23 33 58
23 34 129
23 35 296
23 36 186
23 37 280
23 38 152
23 39 119
23 40 211
23 41 250
23 42 283
23 43 142
23 44 164
23 45 24
23 46 56
23 47 31
23 48 156
23 49 252
23 50 130
23 51 59
23 52 168
23 53 143
23 54 37
23 55 210
23 56 188
23 57 100
23 58 82
23 59 8
23 60 295
23 61 233
23 62 269
23 63 61
23 64 168
23 65 73
23 66 202
23 67 196
23 68 24
23 69 281
23 70 33
23 71 18
23 72 126
23 73 206
23 74 263
23 75 38
23 76 49
23 77 14
23 78 273
23 79 45
23 80 185
23 81 119
23 82 154
23 83 287
23 84 113
23 85 127
23 86 23
23 87 293
23 88 42
23 89 221
23 90 89
23 91 209
23 92 154
23 93 46
23 94 109
23 95 280
23 96 167
23 97 39
23 98 134
23 99 68
23 100 112
24 25 39
24 26 277
24 27 73
24 28 228
24 29 24
24 30 199
24 31 32
24 32 268
24 33 135
24 34 258
24 35 228
24 36 20
24 37 85
24 38 94
24 39 273
24 40 273
24 41 171
24 42 180
24 43 95
24 44 281
24 45 103
24 46 217
24 47 179
24 48 67
24 49 175
24 50 127
24 51 199
24 52 8
24 53 114
24 54 137
24 55 46
24 56 120
24 57 190
24 58 277
24 59 269
24 60 283
24 61 160
24 62 221
24 63 104
24 64 270
24 65 52
24 66 239
24 67 246
24 68 236
24 69 217
24 70 24
24 71 57
24 72 140
24 73 18
24 74 26
24 75 205
24 76 281
24 77 0
24 78 14
24 79 167
24 80 275
24 81 137
24 82 181
24 83 232
24 84 66
24 85 283
24 86 258
24 87 125
24 88 19
24 89 142
24 90 269
24 91 125
24 92 82
24 93 61
24 94 139
24 95 156
24 96 236
24 97 3
24 98 10
24 99 31
24 100 253
25 26 108
25 27 91
25 28 224
25 29 102
25 30 114
25 31 285
25 32 285
25 33 33
25 34 41
25 35 105
25 36 177
25 37 25
25 38 181
25 39 176
25 40 0
25 41 294
25 42 263
25 43 277
25 44 261
25 45 15
25 46 119
25 47 242
25 48 158
25 49 160
25 50 172
25 51 168
25 52 152
25 53 176
25 54 287
25 55 257
25 56 18
25 57 194
25 58 271
25 59 102
25 60 171
25 61 167
25 62 276
25 63 129
25 64 128
25 65 173
25 66 241
25 67 108
25 68 120
25 69 154
25 70 135
25 71 180
25 72 124
25 73 131
25 74 21
25 75 83
25 76 264
25 77 43
25 78 123
25 79 95
25 80 76
25 81 72
25 82 186
25 83 58
25 84 293
25 85 47
25 86 279
25 87 198
25 88 256
25 89 233
25 90 87
25 91 59
25 92 8
25 93 258
25 94 131
25 95 142
25 96 79
25 97 195
25 98 34
25 99 42
25 100 162
26 27 78
26 28 67
26 29 170
26 30 169
26 31 196
26 32 108
26 33 169
26 34 167
26 35 208
26 36 250
26 37 13
26 38 25
26 39 38
26 40 203
26 41 261
26 42 242
26 43 92
26 44 295
26 45 73
26 46 14
26 47 47
26 48 71
26 49 129
26 50 198
26 51 60
26 52 231
26 53 271
26 54 122
26 55 97
26 56 239
26 57 103
26 58 53
26 59 38
26 60 49
26 61 209
26 62 186
26 63 140
26 64 75
26 65 181
26 66 24
26 67 223
26 68 22
26 69 109
26 70 161
26 71 103
26 72 237
26 73 163
26 74 250
26 75 173
26 76 264
26 77 169
26 78 234
26 79 142
26 80 235
26 81 62
26 82 158
26 83 165
26 84 97
26 85 109
26 86 295
26 87 138
26 88 67
26 89 54
26 90 77
26 91 122
26 92 173
26 93 201
26 94 108
26 95 123
26 96 232
26 97 151
26 98 81
26 99 81
26 100 32
27 28 30
27 29 122
27 30 215
27 31 103
27 32 165
27 33 194
27 34 170
27 35 61
27 36 274
27 37 173
27 38 82
27 39 241
27 40 296
27 41 295
27 42 280
27 43 168
27 44 72
27 45 260
27 46 29
27 47 163
27 48 48
27 49 256
27 50 135
27 51 265
27 52 24
27 53 115
27 54 296
27 55 268
27 56 27
27 57 247
27 58 64
27 59 144
27 60 247
27 61 187
27 62 218
27 63 95
27 64 37
27 65 167
27 66 279
27 67 286
27 68 191
27 69 218
27 70 44
27 71 16
27 72 187
27 73 90
27 74 119
27 75 17
27 76 230
27 77 48
27 78 262
27 79 204
27 80 250
27 81 253
27 82 194
27 83 243
27 84 163
27 85 172
27 86 246
27 87 226
27 88 0
27 89 117
27 90 166
27 91 146
27 92 292
27 93 117
27 94 243
27 95 100
27 96 131
27 97 272
27 98 86
27 99 21
27 100 112
28 29 33
28 30 287
28 31 166
28 32 71
28 33 101
28 34 197
28 35 102
28 36 53
28 37 268
28 38 100
28 39 224
28 40 46
28 41 168
28 42 273
28 43 221
28 44 206
28 45 61
28 46 35
28 47 227
28 48 159
28 49 30
28 50 176
28 51 30
28 52 96
28 53 224
28 54 276
28 55 118
28 56 35
28 57 73
28 58 184
28 59 71
28 60 195
28 61 61
28 62 226
28 63 215
28 64 47
28 65 0
28 66 65
28 67 127
28 68 277
28 69 39
28 70 76
28 71 121
28 72 168
28 73 77
28 74 299
28 75 83
28 76 66
28 77 78
28 78 249
28 79 278
28 80 125
28 81 141
28 82 109
28 83 15
28 84 166
28 85 89
28 86 283
28 87 176
28 88 143
28 89 201
28 90 29
28 91 49
28 92 64
28 93 141
28 94 111
28 95 290
28 96 131
28 97 92
28 98 121
28 99 137
28 100 228
29 30 294
29 31 273
29 32 141
29 33 298
29 34 115
29 35 265
29 36 25
29 37 57
29 38 209
29 39 51
29 40 197
29 41 111
29 42 248
29 43 157
29 44 183
29 45 122
29 46 10
29 47 111
29 48 118
29 49 159
29 50 197
29 51 175
29 52 176
29 53 40
29 54 153
29 55 72
29 56 251
29 57 87
29 58 177
29 59 122
29 60 88
29 61 131
29 62 280
29 63 20
29 64 215
29 65 9
29 66 139
29 67 277
29 68 87
29 69 192
29 70 113
29 71 78
29 72 87
29 73 86
29 74 210
29 75 115
29 76 42
29 77 290
29 78 251
29 79 194
29 80 235
29 81 100
29 82 134
29 83 70
29 84 130
29 85 132
29 86 128
29 87 8
29 88 151
29 89 250
29 90 143
29 91 11
29 92 239
29 93 115
29 94 53
29 95 90
29 96 246
29 97 60
29 98 253
29 99 244
29 100 166
30 31 83
30 32 74
30 33 47
30 34 5
30 35 59
30 36 252
30 37 235
30 38 35
30 39 245
30 40 268
30 41 144
30 42 265
30 43 231
30 44 277
30 45 67
30 46 50
30 47 53
30 48 220
30 49 167
30 50 80
30 51 130
30 52 286
30 53 234
30 54 114
30 55 85
30 56 232
30 57 175
30 58 235
30 59 41
30 60 41
30 61 207
30 62 44
30 63 114
30 64 289
30 65 15
30 66 27
30 67 293
30 68 133
30 69 34
30 70 111
30 71 298
30 72 87
30 73 104
30 74 218
30 75 298
30 76 125
30 77 245
30 78 180
30 79 88
30 80 258
30 81 64
30 82 73
30 83 101
30 84 223
30 85 159
30 86 31
30 87 295
30 88 14
30 89 2
30 90 47
30 91 35
30 92 32
30 93 32
30 94 298
30 95 245
30 96 156
30 97 219
30 98 11
30 99 166
30 100 16
31 32 184
31 33 250
31 34 137
31 35 192
31 36 211
31 37 282
31 38 2
31 39 38
31 40 213
31 41 159
31 42 158
31 43 36
31 44 271
31 45 220
31 46 175
31 47 73
31 48 4
31 49 43
31 50 112
31 51 103
31 52 239
31 53 274
31 54 112
31 55 59
31 56 285
31 57 137
31 58 218
31 59 228
31 60 264
31 61 142
31 62 87
31 63 72
31 64 169
31 65 30
31 66 167
31 67 289
31 68 74
31 69 248
31 70 19
31 71 109
31 72 253
31 73 234
31 74 128
31 75 113
31 76 229
31 77 69
31 78 178
31 79 123
31 80 18
31 81 68
31 82 195
31 83 107
31 84 74
31 85 183
31 86 65
31 87 209
31 88 108
31 89 176
31 90 118
31 91 260
31 92 50
31 93 184
31 94 166
31 95 138
31 96 222
31 97 245
31 98 152
31 99 167
31 100 58
32 33 183
32 34 0
32 35 38
32 36 85
32 37 223
32 38 201
32 39 262
32 40 285
32 41 105
32 42 156
32 43 41
32 44 103
32 45 220
32 46 24
32 47 110
32 48 217
32 49 197
32 50 143
32 51 227
32 52 46
32 53 275
32 54 83
32 55 74
32 56 226
32 57 243
32 58 140
32 59 250
32 60 49
32 61 215
32 62 92
32 63 78
32 64 107
32 65 2
32 66 224
32 67 130
32 68 276
32 69 56
32 70 105
32 71 37
32 72 26
32 73 149
32 74 259
32 75 190
32 76 9
32 77 156
32 78 262
32 79 124
32 80 172
32 81 239
32 82 195
32 83 160
32 84 69
32 85 90
32 86 15
32 87 220
32 88 16
32 89 23
32 90 103
32 91 143
32 92 4
32 93 165
32 94 241
32 95 63
32 96 60
32 97 177
32 98 267
32 99 23
32 100 81
33 34 12
33 35 184
33 36 28
33 37 291
33 38 208
33 39 144
33 40 134
33 41 21
33 42 34
33 43 170
33 44 35
33 45 234
33 46 243
33 47 282
33 48 244
33 49 74
33 50 194
33 51 205
33 52 52
33 53 164
33 54 223
33 55 175
33 56 197
33 57 34
33 58 288
33 59 146
33 60 91
33 61 201
33 62 104
33 63 12
33 64 57
33 65 2
33 66 290
33 67 246
33 68 80
33 69 66
33 70 238
33 71 71
33 72 237
33 73 270
33 74 58
33 75 173
33 76 245
33 77 82
33 78 52
33 79 242
33 80 105
33 81 153
33 82 47
33 83 167
33 84 83
33 85 163
33 86 290
33 87 24
33 88 61
33 89 114
33 90 148
33 91 72
33 92 55
33 93 15
33 94 297
33 95 191
33 96 155
33 97 89
33 98 71
33 99 96
33 100 188
34 35 207
34 36 246
34 37 121
34 38 135
34 39 165
34 40 75
34 41 73
34 42 63
34 43 39
34 44 115
34 45 14
34 46 278
34 47 154
34 48 15
34 49 81
34 50 126
34 51 253
34 52 154
34 53 88
34 54 160
34 55 107
34 56 153
34 57 60
34 58 5
34 59 255
34 60 117
34 61 229
34 62 243
34 63 266
34 64 225
34 65 257
34 66 56
34 67 122
34 68 91
34 69 277
34 70 165
34 71 220
34 72 270
34 73 142
34 74 173
34 75 86
34 76 77
34 77 199
34 78 105
34 79 190
34 80 42
34 81 146
34 82 123
34 83 75
34 84 268
34 85 28
34 86 173
34 87 120
34 88 278
34 89 76
34 90 184
34 91 86
34 92 147
34 93 126
34 94 254
34 95 216
34 96 219
34 97 168
34 98 107
34 99 254
34 100 118
35 36 2
35 37 8
35 38 203
35 39 199
35 40 29
35 41 223
35 42 191
35 43 269
35 44 291
35 45 61
35 46 155
35 47 133
35 48 48
35 49 164
35 50 210
35 51 67
35 52 294
35 53 18
35 54 71
35 55 181
35 56 271
35 57 52
35 58 174
35 59 225
35 60 53
35 61 3
35 62 152
35 63 171
35 64 154
35 65 1
35 66 254
35 67 262
35 68 274
35 69 34
35 70 31
35 71 51
35 72 36
35 73 127
35 74 254
35 75 136
35 76 2
35 77 275
35 78 222
35 79 75
35 80 281
35 81 207
35 82 190
35 83 204
35 84 47
35 85 78
35 86 31
35 87 251
35 88 33
35 89 171
35 90 254
35 91 9
35 92 127
35 93 239
35 94 184
35 95 214
35 96 46
35 97 250
35 98 165
35 99 292
35 100 138
36 37 103
36 38 50
36 39 173
36 40 35
36 41 7
36 42 242
36 43 129
36 44 230
36 45 3
36 46 189
36 47 134
36 48 36
36 49 84
36 50 234
36 51 81
36 52 143
36 53 227
36 54 171
36 55 57
36 56 235
36 57 125
36 58 250
36 59 195
36 60 238
36 61 46
36 62 242
36 63 258
36 64 256
36 65 81
36 66 18
36 67 173
36 68 193
36 69 112
36 70 283
36 71 224
36 72 83
36 73 20
36 74 224
36 75 43
36 76 84
36 77 11
36 78 226
36 79 218
36 80 100
36 81 293
36 82 88
36 83 172
36 84 158
36 85 65
36 86 217
36 87 110
36 88 57
36 89 0
36 90 110
36 91 70
36 92 259
36 93 122
36 94 42
36 95 257
36 96 68
36 97 246
36 98 61
36 99 29
36 100 66
37 38 121
37 39 77
37 40 251
37 41 294
37 42 138
37 43 124
37 44 122
37 45 277
37 46 16
37 47 78
37 48 135
37 49 181
37 50 195
37 51 214
37 52 213
37 53 141
37 54 240
37 55 185
37 56 45
37 57 189
37 58 40
37 59 7
37 60 114
37 61 4
37 62 228
37 63 227
37 64 146
37 65 72
37 66 252
37 67 82
37 68 105
37 69 274
37 70 86
37 71 29
37 72 11
37 73 180
37 74 206
37 75 197
37 76 197
37 77 157
37 78 205
37 79 152
37 80 138
37 81 85
37 82 121
37 83 181
37 84 229
37 85 20
37 86 13
37 87 26
37 88 134
37 89 118
37 90 211
37 91 177
37 92 65
37 93 243
37 94 128
37 95 76
37 96 148
37 97 182
37 98 15
37 99 173
37 100 285
38 39 234
38 40 81
38 41 104
38 42 75
38 43 62
38 44 25
38 45 106
38 46 170
38 47 160
38 48 276
38 49 7
38 50 255
38 51 100
38 52 225
38 53 178
38 54 21
38 55 265
38 56 77
38 57 139
38 58 229
38 59 35
38 60 242
38 61 41
38 62 137
38 63 143
38 64 221
38 65 76
38 66 285
38 67 25
38 68 86
38 69 165
38 70 91
38 71 164
38 72 173
38 73 194
38 74 3
38 75 186
38 76 72
38 77 99
38 78 245
38 79 89
38 80 160
38 81 73
38 82 293
38 83 130
38 84 269
38 85 169
38 86 289
38 87 259
38 88 158
38 89 197
38 90 111
38 91 74
38 92 164
38 93 198
38 94 272
38 95 109
38 96 221
38 97 5
38 98 125
38 99 252
38 100 29
39 40 95
39 41 197
39 42 86
39 43 232
39 44 169
39 45 209
39 46 51
39 47 58
39 48 83
39 49 143
39 50 75
39 51 93
39 52 108
39 53 234
39 54 253
39 55 56
39 56 25
39 57 207
39 58 36
39 59 260
39 60 139
39 61 298
39 62 278
39 63 284
39 64 184
39 65 242
39 66 119
39 67 22
39 68 130
39 69 201
39 70 129
39 71 33
39 72 208
39 73 7
39 74 63
39 75 261
39 76 229
39 77 35
39 78 46
39 79 209
39 80 279
39 81 276
39 82 132
39 83 279
39 84 287
39 85 25
39 86 116
39 87 146
39 88 11
39 89 119
39 90 53
39 91 134
39 92 148
39 93 5
39 94 231
39 95 282
39 96 213
39 97 56
39 98 37
39 99 56
39 100 278
40 41 199
40 42 36
40 43 31
40 44 279
40 45 284
40 46 256
40 47 167
40 48 122
40 49 46
40 50 165
40 51 90
40 52 33
40 53 290
40 54 25
40 55 19
40 56 237
40 57 203
40 58 101
40 59 224
40 60 79
40 61 127
40 62 297
40 63 39
40 64 6
40 65 100
40 66 8
40 67 256
40 68 87
40 69 101
40 70 130
40 71 125
40 72 187
40 73 279
40 74 252
40 75 145
40 76 167
40 77 55
40 78 279
40 79 272
40 80 30
40 81 176
40 82 177
40 83 37
40 84 51
40 85 149
40 86 159
40 87 93
40 88 146
40 89 295
40 90 44
40 91 49
40 92 23
40 93 292
40 94 253
40 95 69
40 96 85
40 97 68
40 98 61
40 99 43
40 100 174
41 42 109
41 43 202
41 44 12
41 45 163
41 46 273
41 47 139
41 48 260
41 49 282
41 50 272
41 51 152
41 52 207
41 53 233
41 54 212
41 55 56
41 56 275
41 57 246
41 58 161
41 59 65
41 60 120
41 61 29
41 62 294
41 63 211
41 64 181
41 65 69
41 66 54
41 67 104
41 68 203
41 69 198
41 70 244
41 71 221
41 72 278
41 73 225
41 74 201
41 75 57
41 76 178
41 77 148
41 78 288
41 79 171
41 80 117
41 81 257
41 82 119
41 83 12
41 84 167
41 85 275
41 86 114
41 87 194
41 88 88
41 89 253
41 90 181
41 91 183
41 92 2
41 93 33
41 94 53
41 95 238
41 96 190
41 97 201
41 98 69
41 99 268
41 100 176
42 43 282
42 44 52
42 45 27
42 46 92
42 47 102
42 48 245
42 49 142
42 50 45
42 51 289
42 52 142
42 53 242
42 54 218
42 55 236
42 56 13
42 57 23
42 58 138
42 59 239
42 60 105
42 61 29
42 62 2
42 63 164
42 64 186
42 65 21
42 66 290
42 67 101
42 68 59
42 69 2
42 70 131
42 71 10
42 72 27
42 73 129
42 74 61
42 75 235
42 76 158
42 77 195
42 78 207
42 79 189
42 80 185
42 81 126
42 82 170
42 83 131
42 84 217
42 85 99
42 86 202
42 87 220
42 88 277
42 89 75
42 90 171
42 91 259
42 92 84
42 93 262
42 94 118
42 95 96
42 96 7
42 97 112
42 98 235
42 99 100
42 100 25
43 44 112
43 45 162
43 46 251
43 47 199
43 48 191
43 49 140
43 50 49
43 51 79
43 52 254
43 53 69
43 54 159
43 55 210
43 56 161
43 57 201
43 58 137
43 59 216
43 60 103
43 61 1
43 62 275
43 63 267
43 64 279
43 65 234
43 66 35
43 67 58
43 68 285
43 69 142
43 70 230
43 71 257
43 72 167
43 73 275
43 74 288
43 75 267
43 76 111
43 77 188
43 78 119
43 79 295
43 80 84
43 81 97
43 82 146
43 83 259
43 84 168
43 85 31
43 86 23
43 87 216
43 88 31
43 89 75
43 90 107
43 91 262
43 92 18
43 93 45
43 94 64
43 95 213
43 96 171
43 97 121
43 98 109
43 99 141
43 100 250
44 45 264
44 46 38
44 47 194
44 48 118
44 49 110
44 50 66
44 51 261
44 52 104
44 53 216
44 54 6
44 55 271
44 56 74
44 57 22
44 58 231
44 59 241
44 60 41
44 61 264
44 62 175
44 63 211
44 64 27
44 65 211
44 66 35
44 67 35
44 68 22
44 69 176
44 70 149
44 71 263
44 72 113
44 73 127
44 74 43
44 75 249
44 76 284
44 77 217
44 78 6
44 79 105
44 80 89
44 81 176
44 82 166
44 83 185
44 84 196
44 85 51
44 86 280
44 87 251
44 88 85
44 89 175
44 90 113
44 91 294
44 92 166
44 93 95
44 94 72
44 95 293
44 96 205
44 97 122
44 98 290
44 99 39
44 100 147
45 46 282
45 47 236
45 48 77
45 49 158
45 50 103
45 51 180
45 52 31
45 53 83
45 54 171
45 55 128
45 56 51
45 57 266
45 58 104
45 59 13
45 60 69
45 61 49
45 62 11
45 63 140
45 64 187
45 65 159
45 66 86
45 67 66
45 68 274
45 69 86
45 70 227
45 71 255
45 72 36
45 73 48
45 74 14
45 75 168
45 76 191
45 77 242
45 78 20
45 79 106
45 80 279
45 81 237
45 82 115
45 83 55
45 84 187
45 85 296
45 86 293
45 87 258
45 88 236
45 89 69
45 90 171
45 91 45
45 92 282
45 93 188
45 94 58
45 95 117
45 96 279
45 97 129
45 98 168
45 99 116
45 100 141
46 47 51
46 48 189
46 49 192
46 50 23
46 51 113
46 52 1
46 53 253
46 54 108
46 55 132
46 56 8
46 57 270
46 58 120
46 59 262
46 60 100
46 61 107
46 62 86
46 63 100
46 64 114
46 65 34
46 66 58
46 67 265
46 68 159
46 69 236
46 70 123
46 71 152
46 72 22
46 73 202
46 74 281
46 75 275
46 76 254
46 77 74
46 78 189
46 79 135
46 80 249
46 81 203
46 82 145
46 83 118
46 84 171
46 85 28
46 86 145
46 87 52
46 88 176
46 89 111
46 90 59
46 91 277
46 92 86
46 93 247
46 94 199
46 95 9
46 96 10
46 97 211
46 98 143
46 99 294
46 100 147
47 48 134
47 49 287
47 50 128
47 51 234
47 52 83
47 53 122
47 54 71
47 55 237
47 56 265
47 57 67
47 58 65
47 59 258
47 60 230
47 61 245
47 62 281
47 63 70
47 64 260
47 65 150
47 66 59
47 67 168
47 68 241
47 69 198
47 70 279
47 71 116
47 72 31
47 73 99
47 74 228
47 75 58
47 76 155
47 77 72
47 78 286
47 79 56
47 80 172
47 81 187
47 82 88
47 83 184
47 84 235
47 85 1
47 86 48
47 87 264
47 88 117
47 89 23
47 90 221
47 91 151
47 92 170
47 93 282
47 94 35
47 95 114
47 96 277
47 97 188
47 98 32
47 99 274
47 100 137
48 49 285
48 50 186
48 51 295
48 52 94
48 53 153
48 54 201
48 55 73
48 56 282
48 57 262
48 58 67
48 59 77
48 60 91
48 61 51
48 62 83
48 63 168
48 64 269
48 65 249
48 66 64
48 67 239
48 68 51
48 69 184
48 70 277
48 71 158
48 72 173
48 73 196
48 74 105
48 75 198
48 76 188
48 77 161
48 78 17
48 79 229
48 80 105
48 81 256
48 82 210
48 83 41
48 84 195
48 85 85
48 86 122
48 87 100
48 88 290
48 89 225
48 90 200
48 91 12
48 92 253
48 93 63
48 94 192
48 95 35
48 96 19
48 97 262
48 98 224
48 99 146
48 100 253
49 50 224
49 51 265
49 52 151
49 53 40
49 54 97
49 55 134
49 56 290
49 57 80
49 58 244
49 59 99
49 60 160
49 61 140
49 62 95
49 63 179
49 64 45
49 65 273
49 66 215
49 67 86
49 68 57
49 69 185
49 70 200
49 71 134
49 72 18
49 73 30
49 74 247
49 75 13
49 76 227
49 77 53
49 78 189
49 79 296
49 80 246
49 81 122
49 82 119
49 83 38
49 84 16
49 85 38
49 86 97
49 87 256
49 88 105
49 89 65
49 90 229
49 91 197
49 92 31
49 93 256
49 94 203
49 95 84
49 96 191
49 97 166
49 98 140
49 99 149
49 100 146
50 51 45
50 52 187
50 53 188
50 54 284
50 55 109
50 56 139
50 57 269
50 58 210
50 59 87
50 60 250
50 61 245
50 62 255
50 63 244
50 64 219
50 65 137
50 66 123
50 67 171
50 68 81
50 69 145
50 70 53
50 71 100
50 72 75
50 73 244
50 74 6
50 75 292
50 76 227
50 77 94
50 78 144
50 79 76
50 80 110
50 81 190
50 82 150
50 83 70
50 84 251
50 85 109
50 86 69
50 87 82
50 88 223
50 89 274
50 90 149
50 91 265
50 92 2
50 93 134
50 94 96
50 95 36
50 96 25
50 97 133
50 98 61
50 99 120
50 100 106
51 52 136
51 53 262
51 54 56
51 55 13
51 56 93
51 57 259
51 58 218
51 59 295
51 60 226
51 61 135
51 62 102
51 63 32
51 64 266
51 65 196
51 66 44
51 67 81
51 68 225
51 69 147
51 70 49
51 71 252
51 72 194
51 73 178
51 74 25
51 75 296
51 76 152
51 77 103
51 78 130
51 79 214
51 80 245
51 81 118
51 82 208
51 83 153
51 84 53
51 85 71
51 86 65
51 87 191
51 88 263
51 89 106
51 90 167
51 91 73
51 92 205
51 93 31
51 94 187
51 95 209
51 96 27
51 97 89
51 98 39
51 99 8
51 100 3
52 53 270
52 54 98
52 55 203
52 56 78
52 57 211
52 58 15
52 59 250
52 60 108
52 61 180
52 62 26
52 63 244
52 64 181
52 65 16
52 66 7
52 67 126
52 68 280
52 69 137
52 70 153
52 71 164
52 72 109
52 73 114
52 74 89
52 75 80
52 76 153
52 77 236
52 78 169
52 79 108
52 80 230
52 81 3
52 82 257
52 83 238
52 84 241
52 85 178
52 86 102
52 87 105
52 88 274
52 89 48
52 90 229
52 91 20
52 92 91
52 93 122
52 94 144
52 95 291
52 96 285
52 97 156
52 98 157
52 99 97
52 100 94
53 54 2
53 55 216
53 56 90
53 57 188
53 58 119
53 59 0
53 60 86
53 61 270
53 62 201
53 63 271
53 64 86
53 65 89
53 66 122
53 67 67
53 68 15
53 69 270
53 70 70
53 71 284
53 72 220
53 73 59
53 74 80
53 75 239
53 76 140
53 77 63
53 78 229
53 79 258
53 80 9
53 81 75
53 82 158
53 83 288
53 84 19
53 85 67
53 86 204
53 87 286
53 88 8
53 89 107
53 90 65
53 91 144
53 92 288
53 93 17
53 94 77
53 95 127
53 96 11
53 97 161
53 98 250
53 99 134
53 100 260
54 55 0
54 56 21
54 57 276
54 58 37
54 59 178
54 60 243
54 61 209
54 62 46
54 63 112
54 64 268
54 65 108
54 66 59
54 67 14
54 68 21
54 69 121
54 70 34
54 71 230
54 72 70
54 73 23
54 74 53
54 75 268
54 76 226
54 77 132
54 78 224
54 79 165
54 80 222
54 81 165
54 82 229
54 83 214
54 84 128
54 85 166
54 86 281
54 87 44
54 88 221
54 89 110
54 90 213
54 91 141
54 92 159
54 93 125
54 94 245
54 95 292
54 96 127
54 97 162
54 98 287
54 99 269
54 100 47
55 56 146
55 57 86
55 58 5
55 59 242
55 60 151
55 61 147
55 62 116
55 63 4
55 64 127
55 65 7
55 66 244
55 67 126
55 68 110
55 69 51
55 70 194
55 71 155
55 72 228
55 73 104
55 74 183
55 75 229
55 76 62
55 77 192
55 78 260
55 79 262
55 80 24
55 81 279
55 82 155
55 83 238
55 84 105
55 85 114
55 86 123
55 87 130
55 88 85
55 89 12
55 90 24
55 91 37
55 92 21
55 93 14
55 94 17
55 95 90
55 96 22
55 97 148
55 98 178
55 99 138
55 100 279
56 57 224
56 58 232
56 59 65
56 60 12
56 61 148
56 62 277
56 63 31
56 64 154
56 65 110
56 66 110
56 67 120
56 68 114
56 69 241
56 70 69
56 71 101
56 72 240
56 73 235
56 74 190
56 75 153
56 76 145
56 77 19
56 78 37
56 79 256
56 80 249
56 81 189
56 82 61
56 83 3
56 84 245
56 85 16
56 86 152
56 87 64
56 88 275
56 89 199
56 90 181
56 91 260
56 92 83
56 93 207
56 94 60
56 95 97
56 96 53
56 97 262
56 98 258
56 99 133
56 100 277
57 58 131
57 59 267
57 60 195
57 61 6
57 62 203
57 63 272
57 64 260
57 65 275
57 66 119
57 67 168
57 68 37
57 69 114
57 70 241
57 71 186
57 72 133
57 73 207
57 74 236
57 75 122
57 76 138
57 77 134
57 78 168
57 79 264
57 80 223
57 81 57
57 82 152
57 83 94
57 84 175
57 85 94
57 86 91
57 87 267
57 88 262
57 89 60
57 90 29
57 91 99
57 92 244
57 93 252
57 94 6
57 95 168
57 96 63
57 97 7
57 98 118
57 99 282
57 100 159
58 59 205
58 60 204
58 61 6
58 62 90
58 63 206
58 64 269
58 65 279
58 66 65
58 67 218
58 68 211
58 69 293
58 70 263
58 71 208
58 72 15
58 73 107
58 74 143
58 75 20
58 76 47
58 77 276
58 78 227
58 79 265
58 80 224
58 81 183
58 82 59
58 83 216
58 84 263
58 85 10
58 86 36
58 87 295
58 88 210
58 89 296
58 90 211
58 91 261
58 92 138
58 93 176
58 94 188
58 95 229
58 96 100
58 97 161
58 98 149
58 99 240
58 100 76
59 60 134
59 61 232
59 62 142
59 63 41
59 64 78
59 65 166
59 66 219
59 67 208
59 68 268
59 69 89
59 70 205
59 71 60
59 72 185
59 73 48
59 74 22
59 75 98
59 76 142
59 77 159
59 78 147
59 79 42
59 80 31
59 81 73
59 82 27
59 83 243
59 84 142
59 85 53
59 86 40
59 87 103
59 88 218
59 89 171
59 90 11
59 91 287
59 92 58
59 93 143
59 94 48
59 95 229
59 96 3
59 97 153
59 98 123
59 99 112
59 100 284
60 61 68
60 62 187
60 63 59
60 64 211
60 65 109
60 66 132
60 67 69
60 68 66
60 69 299
60 70 87
60 71 83
60 72 78
60 73 260
60 74 72
60 75 40
60 76 97
60 77 18
60 78 35
60 79 275
60 80 245
60 81 31
60 82 137
60 83 29
60 84 102
60 85 230
60 86 85
60 87 222
60 88 214
60 89 211
60 90 139
60 91 212
60 92 106
60 93 224
60 94 210
60 95 253
60 96 164
60 97 149
60 98 266
60 99 207
60 100 189
61 62 295
61 63 246
61 64 100
61 65 123
61 66 173
61 67 12
61 68 248
61 69 19
61 70 275
61 71 84
61 72 228
61 73 169
61 74 286
61 75 118
61 76 51
61 77 238
61 78 53
61 79 159
61 80 91
61 81 196
61 82 148
61 83 227
61 84 248
61 85 246
61 86 253
61 87 294
61 88 88
61 89 125
61 90 175
61 91 261
61 92 46
61 93 199
61 94 114
61 95 57
61 96 145
61 97 37
61 98 215
61 99 236
61 100 73
62 63 117
62 64 259
62 65 244
62 66 60
62 67 176
62 68 262
62 69 152
62 70 34
62 71 241
62 72 295
62 73 18
62 74 191
62 75 74
62 76 238
62 77 216
62 78 145
62 79 244
62 80 253
62 81 78
62 82 258
62 83 50
62 84 16
62 85 43
62 86 205
62 87 269
62 88 38
62 89 0
62 90 220
62 91 76
62 92 94
62 93 54
62 94 73
62 95 244
62 96 56
62 97 181
62 98 295
62 99 231
62 100 18
63 64 50
63 65 175
63 66 182
63 67 131
63 68 11
63 69 52
63 70 168
63 71 270
63 72 225
63 73 269
63 74 174
63 75 133
63 76 189
63 77 142
63 78 77
63 79 193
63 80 76
63 81 104
63 82 297
63 83 241
63 84 112
63 85 30
63 86 227
63 87 160
63 88 199
63 89 3
63 90 69
63 91 296
63 92 291
63 93 15
63 94 8
63 95 245
63 96 162
63 97 162
63 98 85
63 99 2
63 100 45
64 65 186
64 66 136
64 67 172
64 68 5
64 69 108
64 70 9
64 71 297
64 72 178
64 73 201
64 74 62
64 75 263
64 76 32
64 77 76
64 78 141
64 79 1
64 80 288
64 81 155
64 82 265
64 83 292
64 84 7
64 85 11
64 86 89
64 87 127
64 88 36
64 89 76
64 90 63
64 91 104
64 92 151
64 93 32
64 94 207
64 95 75
64 96 201
64 97 190
64 98 273
64 99 193
64 100 5
65 66 228
65 67 59
65 68 172
65 69 248
65 70 220
65 71 29
65 72 181
65 73 105
65 74 273
65 75 12
65 76 245
65 77 180
65 78 19
65 79 60
65 80 57
65 81 127
65 82 189
65 83 288
65 84 188
65 85 198
65 86 247
65 87 73
65 88 243
65 89 278
65 90 15
65 91 27
65 92 279
65 93 247
65 94 26
65 95 139
65 96 188
65 97 30
65 98 189
65 99 201
65 100 44
66 67 208
66 68 192
66 69 122
66 70 17
66 71 268
66 72 38
66 73 37
66 74 244
66 75 299
66 76 13
66 77 43
66 78 252
66 79 246
66 80 155
66 81 174
66 82 132
66 83 98
66 84 159
66 85 110
66 86 41
66 87 224
66 88 54
66 89 87
66 90 167
66 91 292
66 92 144
66 93 113
66 94 153
66 95 113
66 96 267
66 97 78
66 98 299
66 99 122
66 100 279
67 68 161
67 69 174
67 70 25
67 71 94
67 72 109
67 73 281
67 74 293
67 75 262
67 76 22
67 77 29
67 78 83
67 79 159
67 80 87
67 81 271
67 82 106
67 83 122
67 84 211
67 85 237
67 86 214
67 87 15
67 88 6
67 89 257
67 90 8
67 91 267
67 92 108
67 93 262
67 94 232
67 95 239
67 96 64
67 97 154
67 98 91
67 99 241
67 100 264
68 69 146
68 70 231
68 71 108
68 72 133
68 73 45
68 74 2
68 75 280
68 76 185
68 77 295
68 78 237
68 79 51
68 80 9
68 81 165
68 82 69
68 83 271
68 84 66
68 85 165
68 86 22
68 87 18
68 88 107
68 89 290
68 90 168
68 91 52
68 92 152
68 93 49
68 94 134
68 95 160
68 96 140
68 97 58
68 98 160
68 99 238
68 100 183
69 70 160
69 71 271
69 72 114
69 73 59
69 74 184
69 75 286
69 76 27
69 77 276
69 78 166
69 79 192
69 80 61
69 81 87
69 82 67
69 83 69
69 84 66
69 85 271
69 86 94
69 87 241
69 88 155
69 89 221
69 90 238
69 91 207
69 92 244
69 93 36
69 94 279
69 95 97
69 96 137
69 97 86
69 98 75
69 99 133
69 100 69
70 71 170
70 72 289
70 73 227
70 74 204
70 75 276
70 76 129
70 77 227
70 78 77
70 79 102
70 80 213
70 81 50
70 82 16
70 83 1
70 84 117
70 85 110
70 86 243
70 87 105
70 88 57
70 89 118
70 90 278
70 91 293
70 92 206
70 93 218
70 94 128
70 95 114
70 96 80
70 97 135
70 98 188
70 99 23
70 100 268
71 72 126
71 73 271
71 74 251
71 75 264
71 76 2
71 77 145
71 78 103
71 79 15
71 80 281
71 81 51
71 82 283
71 83 207
71 84 260
71 85 139
71 86 238
71 87 36
71 88 149
71 89 246
71 90 254
71 91 9
71 92 90
71 93 277
71 94 12
71 95 45
71 96 97
71 97 236
71 98 284
71 99 167
71 100 2
72 73 47
72 74 198
72 75 18
72 76 242
72 77 92
72 78 47
72 79 38
72 80 207
72 81 75
72 82 146
72 83 177
72 84 191
72 85 198
72 86 182
72 87 170
72 88 41
72 89 20
72 90 110
72 91 256
72 92 295
72 93 149
72 94 86
72 95 51
72 96 113
72 97 230
72 98 3
72 99 8
72 100 108
73 74 129
73 75 9
73 76 247
73 77 189
73 78 280
73 79 37
73 80 107
73 81 70
73 82 179
73 83 106
73 84 274
73 85 173
73 86 78
73 87 108
73 88 50
73 89 277
73 90 221
73 91 118
73 92 120
73 93 70
73 94 204
73 95 208
73 96 36
73 97 196
73 98 164
73 99 107
73 100 204
74 75 239
74 76 276
74 77 258
74 78 117
74 79 125
74 80 119
74 81 102
74 82 292
74 83 45
74 84 14
74 85 280
74 86 199
74 87 286
74 88 108
74 89 267
74 90 178
74 91 72
74 92 196
74 93 234
74 94 79
74 95 126
74 96 62
74 97 82
74 98 35
74 99 140
74 100 209
75 76 159
75 77 70
75 78 258
75 79 85
75 80 153
75 81 244
75 82 152
75 83 180
75 84 164
75 85 257
75 86 89
75 87 62
75 88 194
75 89 298
75 90 182
75 91 156
75 92 23
75 93 137
75 94 118
75 95 118
75 96 8
75 97 248
75 98 93
75 99 173
75 100 127
76 77 242
76 78 273
76 79 103
76 80 110
76 81 177
76 82 170
76 83 85
76 84 235
76 85 186
76 86 225
76 87 149
76 88 154
76 89 90
76 90 186
76 91 198
76 92 283
76 93 131
76 94 31
76 95 266
76 96 53
76 97 171
76 98 152
76 99 22
76 100 127
77 78 15
77 79 250
77 80 279
77 81 54
77 82 58
77 83 66
77 84 143
77 85 154
77 86 119
77 87 152
77 88 154
77 89 172
77 90 237
77 91 80
77 92 81
77 93 128
77 94 161
77 95 123
77 96 274
77 97 60
77 98 261
77 99 244
77 100 142
78 79 25
78 80 54
78 81 146
78 82 212
78 83 249
78 84 172
78 85 223
78 86 176
78 87 266
78 88 90
78 89 238
78 90 46
78 91 72
78 92 284
78 93 75
78 94 131
78 95 180
78 96 33
78 97 81
78 98 183
78 99 124
78 100 90
79 80 229
79 81 121
79 82 103
79 83 19
79 84 11
79 85 123
79 86 259
79 87 167
79 88 30
79 89 22
79 90 114
79 91 255
79 92 35
79 93 253
79 94 174
79 95 239
79 96 236
79 97 60
79 98 131
79 99 150
79 100 287
80 81 10
80 82 55
80 83 146
80 84 215
80 85 271
80 86 217
80 87 54
80 88 178
80 89 77
80 90 55
80 91 253
80 92 194
80 93 164
80 94 190
80 95 101
80 96 269
80 97 193
80 98 235
80 99 115
80 100 52
81 82 220
81 83 219
81 84 226
81 85 12
81 86 181
81 87 48
81 88 126
81 89 20
81 90 76
81 91 99
81 92 37
81 93 271
81 94 260
81 95 244
81 96 264
81 97 36
81 98 66
81 99 146
81 100 227
82 83 172
82 84 157
82 85 96
82 86 73
82 87 261
82 88 129
82 89 249
82 90 166
82 91 245
82 92 117
82 93 160
82 94 70
82 95 3
82 96 12
82 97 11
82 98 269
82 99 156
82 100 131
83 84 109
83 85 225
83 86 284
83 87 202
83 88 118
83 89 15
83 90 297
83 91 141
83 92 101
83 93 129
83 94 51
83 95 204
83 96 137
83 97 7
83 98 283
83 99 5
83 100 174
84 85 206
84 86 69
84 87 109
84 88 178
84 89 60
84 90 107
84 91 155
84 92 172
84 93 117
84 94 253
84 95 171
84 96 280
84 97 18
84 98 207
84 99 128
84 100 46
85 86 19
85 87 230
85 88 70
85 89 34
85 90 62
85 91 137
85 92 132
85 93 62
85 94 48
85 95 174
85 96 48
85 97 90
85 98 10
85 99 116
85 100 281
86 87 264
86 88 64
86 89 130
86 90 72
86 91 192
86 92 73
86 93 194
86 94 287
86 95 193
86 96 235
86 97 64
86 98 245
86 99 113
86 100 173
87 88 221
87 89 22
87 90 253
87 91 54
87 92 233
87 93 280
87 94 279
87 95 113
87 96 154
87 97 33
87 98 222
87 99 142
87 100 38
88 89 191
88 90 6
88 91 142
88 92 299
88 93 207
88 94 296
88 95 277
88 96 224
88 97 278
88 98 176
88 99 293
88 100 212
89 90 194
89 91 56
89 92 216
89 93 100
89 94 109
89 95 20
89 96 26
89 97 199
89 98 231
89 99 202
89 100 110
90 91 282
90 92 261
90 93 75
90 94 195
90 95 15
90 96 280
90 97 282
90 98 105
90 99 257
90 100 104
91 92 277
91 93 78
91 94 218
91 95 74
91 96 87
91 97 63
91 98 126
91 99 156
91 100 58
92 93 91
92 94 268
92 95 8
92 96 26
92 97 131
92 98 4
92 99 290
92 100 135
93 94 75
93 95 19
93 96 68
93 97 27
93 98 120
93 99 87
93 100 107
94 95 5
94 96 128
94 97 210
94 98 44
94 99 182
94 100 88
95 96 119
95 97 195
95 98 157
95 99 109
95 100 292
96 97 167
96 98 53
96 99 191
96 100 117
97 98 272
97 99 223
97 100 231
98 99 71
98 100 21
99 100 250
