80 3160
1 2 82
1 3 176
1 4 74
1 5 16
1 6 230
1 7 98
1 8 153
1 9 236
1 10 186
1 11 227
1 12 154
1 13 126
1 14 194
1 15 174
1 16 182
1 17 229
1 18 205
1 19 74
1 20 73
1 21 75
1 22 52
1 23 2
1 24 160
1 25 147
1 26 149
1 27 147
1 28 139
1 29 214
1 30 75
1 31 1
1 32 146
1 33 24
1 34 156
1 35 11
1 36 40
1 37 76
1 38 58
1 39 22
1 40 34
1 41 180
1 42 117
1 43 231
1 44 227
1 45 133
1 46 120
1 47 179
1 48 122
1 49 88
1 50 213
1 51 49
1 52 24
1 53 113
1 54 173
1 55 71
1 56 135
1 57 123
1 58 6
1 59 207
1 60 86
1 61 166
1 62 211
1 63 112
1 64 138
1 65 24
1 66 109
1 67 22
1 68 61
1 69 190
1 70 164
1 71 222
1 72 147
1 73 5
1 74 0
1 75 85
1 76 175
1 77 217
1 78 173
1 79 41
1 80 99
2 3 130
2 4 81
2 5 156
2 6 59
2 7 72
2 8 165
2 9 141
2 10 47
2 11 133
2 12 59
2 13 25
2 14 113
2 15 193
2 16 144
2 17 26
2 18 199
2 19 59
2 20 154
2 21 53
2 22 121
2 23 239
2 24 164
2 25 227
2 26 22
2 27 225
2 28 195
2 29 57
2 30 50
2 31 113
2 32 35
2 33 20
2 34 176
2 35 164
2 36 188
2 37 235
2 38 190
2 39 4
2 40 91
2 41 134
2 42 237
2 43 189
2 44 83
2 45 171
2 46 3
2 47 25
2 48 16
2 49 164
2 50 29
2 51 153
2 52 137
2 53 178
2 54 194
2 55 210
2 56 201
2 57 234
2 58 156
2 59 167
2 60 24
2 61 191
2 62 202
2 63 113
2 64 156
2 65 55
2 66 233
2 67 56
2 68 104
2 69 105
2 70 219
2 71 47
2 72 204
2 73 111
2 74 48
2 75 195
2 76 132
2 77 87
2 78 88
2 79 113
2 80 77
3 4 45
3 5 122
3 6 182
3 7 232
3 8 27
3 9 116
3 10 223
3 11 31
3 12 1
3 13 176
3 14 208
3 15 103
3 16 14
3 17 89
3 18 230
3 19 122
3 20 45
3 21 94
3 22 49
3 23 190
3 24 239
3 25 223
3 26 50
3 27 8
3 28 102
3 29 102
3 30 21
3 31 2
3 32 129
3 33 190
3 34 186
3 35 37
3 36 6
3 37 95
3 38 223
3 39 104
3 40 173
3 41 174
3 42 69
3 43 44
3 44 166
3 45 108
3 46 182
3 47 104
3 48 209
3 49 211
3 50 59
3 51 96
3 52 72
3 53 146
3 54 115
3 55 26
3 56 19
3 57 76
3 58 233
3 59 176
3 60 145
3 61 188
3 62 171
3 63 72
3 64 190
3 65 16
3 66 69
3 67 96
3 68 117
3 69 228
3 70 156
3 71 168
3 72 175
3 73 156
3 74 15
3 75 124
3 76 32
3 77 141
3 78 166
3 79 209
3 80 138
4 5 89
4 6 95
4 7 143
4 8 206
4 9 221
4 10 219
4 11 123
4 12 20
4 13 45
4 14 209
4 15 167
4 16 175
4 17 175
4 18 203
4 19 225
4 20 184
4 21 159
4 22 201
4 23 184
4 24 204
4 25 168
4 26 145
4 27 6
4 28 170
4 29 216
4 30 22
4 31 150
4 32 187
4 33 38
4 34 123
4 35 93
4 36 88
4 37 64
4 38 194
4 39 142
4 40 24
4 41 39
4 42 181
4 43 28
4 44 212
4 45 213
4 46 98
4 47 47
4 48 123
4 49 175
4 50 193
4 51 238
4 52 161
4 53 178
4 54 201
4 55 60
4 56 234
4 57 86
4 58 85
4 59 164
4 60 198
4 61 138
4 62 4
4 63 47
4 64 234
4 65 126
4 66 40
4 67 64
4 68 116
4 69 175
4 70 157
4 71 95
4 72 239
4 73 87
4 74 103
4 75 128
4 76 45
4 77 143
4 78 220
4 79 138
4 80 145
5 6 130
5 7 77
5 8 36
5 9 17
5 10 95
5 11 86
5 12 172
5 13 206
5 14 129
5 15 5
5 16 14
5 17 223
5 18 146
5 19 42
5 20 26
5 21 63
5 22 26
5 23 25
5 24 55
5 25 190
5 26 74
5 27 1
5 28 103
5 29 223
5 30 64
5 31 31
5 32 194
5 33 38
5 34 185
5 35 84
5 36 108
5 37 43
5 38 32
5 39 70
5 40 164
5 41 104
5 42 52
5 43 172
5 44 166
5 45 23
5 46 166
5 47 121
5 48 32
5 49 41
5 50 70
5 51 14
5 52 148
5 53 167
5 54 56
5 55 36
5 56 28
5 57 150
5 58 235
5 59 23
5 60 117
5 61 70
5 62 10
5 63 129
5 64 187
5 65 108
5 66 164
5 67 89
5 68 173
5 69 212
5 70 153
5 71 53
5 72 231
5 73 213
5 74 68
5 75 80
5 76 199
5 77 83
5 78 218
5 79 62
5 80 216
6 7 91
6 8 55
6 9 128
6 10 131
6 11 222
6 12 127
6 13 158
6 14 115
6 15 43
6 16 52
6 17 225
6 18 9
6 19 3
6 20 34
6 21 48
6 22 56
6 23 181
6 24 163
6 25 60
6 26 121
6 27 57
6 28 46
6 29 148
6 30 86
6 31 99
6 32 120
6 33 207
6 34 68
6 35 205
6 36 124
6 37 163
6 38 126
6 39 120
6 40 109
6 41 23
6 42 43
6 43 54
6 44 50
6 45 87
6 46 92
6 47 150
6 48 221
6 49 124
6 50 175
6 51 117
6 52 82
6 53 42
6 54 193
6 55 143
6 56 19
6 57 36
6 58 41
6 59 228
6 60 112
6 61 10
6 62 11
6 63 228
6 64 41
6 65 174
6 66 174
6 67 14
6 68 138
6 69 23
6 70 122
6 71 201
6 72 224
6 73 225
6 74 230
6 75 56
6 76 47
6 77 137
6 78 202
6 79 89
6 80 232
7 8 166
7 9 100
7 10 88
7 11 171
7 12 141
7 13 211
7 14 75
7 15 36
7 16 25
7 17 22
7 18 119
7 19 185
7 20 154
7 21 62
7 22 153
7 23 211
7 24 238
7 25 131
7 26 56
7 27 74
7 28 109
7 29 17
7 30 53
7 31 223
7 32 169
7 33 173
7 34 6
7 35 92
7 36 32
7 37 175
7 38 55
7 39 37
7 40 180
7 41 145
7 42 236
7 43 221
7 44 152
7 45 122
7 46 162
7 47 54
7 48 121
7 49 143
7 50 120
7 51 110
7 52 194
7 53 47
7 54 231
7 55 13
7 56 97
7 57 61
7 58 169
7 59 103
7 60 88
7 61 237
7 62 11
7 63 129
7 64 13
7 65 86
7 66 45
7 67 79
7 68 182
7 69 10
7 70 72
7 71 73
7 72 182
7 73 110
7 74 180
7 75 18
7 76 72
7 77 229
7 78 14
7 79 140
7 80 66
8 9 112
8 10 191
8 11 51
8 12 51
8 13 236
8 14 127
8 15 172
8 16 206
8 17 218
8 18 180
8 19 146
8 20 112
8 21 197
8 22 88
8 23 158
8 24 53
8 25 73
8 26 28
8 27 104
8 28 89
8 29 174
8 30 90
8 31 168
8 32 222
8 33 197
8 34 87
8 35 121
8 36 78
8 37 167
8 38 82
8 39 163
8 40 84
8 41 191
8 42 54
8 43 148
8 44 5
8 45 132
8 46 206
8 47 171
8 48 1
8 49 177
8 50 102
8 51 15
8 52 12
8 53 86
8 54 24
8 55 88
8 56 122
8 57 234
8 58 19
8 59 16
8 60 166
8 61 190
8 62 57
8 63 201
8 64 223
8 65 2
8 66 68
8 67 171
8 68 109
8 69 24
8 70 134
8 71 116
8 72 190
8 73 15
8 74 183
8 75 80
8 76 72
8 77 41
8 78 142
8 79 96
8 80 35
9 10 59
9 11 223
9 12 46
9 13 21
9 14 67
9 15 155
9 16 160
9 17 59
9 18 165
9 19 148
9 20 236
9 21 119
9 22 151
9 23 207
9 24 238
9 25 34
9 26 105
9 27 20
9 28 92
9 29 103
9 30 170
9 31 11
9 32 183
9 33 126
9 34 223
9 35 143
9 36 193
9 37 162
9 38 24
9 39 187
9 40 126
9 41 97
9 42 27
9 43 97
9 44 222
9 45 55
9 46 113
9 47 223
9 48 12
9 49 123
9 50 100
9 51 170
9 52 180
9 53 146
9 54 34
9 55 125
9 56 195
9 57 130
9 58 120
9 59 114
9 60 50
9 61 234
9 62 211
9 63 182
9 64 201
9 65 53
9 66 188
9 67 130
9 68 164
9 69 199
9 70 129
9 71 130
9 72 118
9 73 207
9 74 214
9 75 223
9 76 229
9 77 53
9 78 74
9 79 232
9 80 232
10 11 5
10 12 96
10 13 107
10 14 134
10 15 45
10 16 227
10 17 152
10 18 78
10 19 204
10 20 143
10 21 165
10 22 22
10 23 147
10 24 32
10 25 162
10 26 46
10 27 55
10 28 179
10 29 232
10 30 7
10 31 178
10 32 188
10 33 146
10 34 45
10 35 88
10 36 158
10 37 90
10 38 186
10 39 93
10 40 55
10 41 30
10 42 75
10 43 38
10 44 8
10 45 84
10 46 148
10 47 89
10 48 175
10 49 49
10 50 82
10 51 34
10 52 226
10 53 180
10 54 220
10 55 229
10 56 219
10 57 91
10 58 177
10 59 210
10 60 19
10 61 230
10 62 142
10 63 238
10 64 161
10 65 229
10 66 7
10 67 117
10 68 177
10 69 217
10 70 209
10 71 226
10 72 27
10 73 153
10 74 209
10 75 57
10 76 79
10 77 198
10 78 67
10 79 119
10 80 9
11 12 89
11 13 69
11 14 96
11 15 124
11 16 147
11 17 64
11 18 26
11 19 208
11 20 209
11 21 193
11 22 175
11 23 174
11 24 174
11 25 41
11 26 155
11 27 146
11 28 68
11 29 110
11 30 220
11 31 155
11 32 228
11 33 143
11 34 34
11 35 230
11 36 178
11 37 13
11 38 198
11 39 41
11 40 126
11 41 131
11 42 20
11 43 95
11 44 84
11 45 175
11 46 62
11 47 102
11 48 9
11 49 7
11 50 67
11 51 39
11 52 191
11 53 92
11 54 100
11 55 88
11 56 193
11 57 176
11 58 54
11 59 16
11 60 171
11 61 36
11 62 171
11 63 227
11 64 218
11 65 154
11 66 71
11 67 61
11 68 231
11 69 166
11 70 2
11 71 228
11 72 45
11 73 207
11 74 105
11 75 121
11 76 170
11 77 182
11 78 116
11 79 76
11 80 74
12 13 221
12 14 98
12 15 32
12 16 129
12 17 63
12 18 52
12 19 99
12 20 45
12 21 112
12 22 182
12 23 55
12 24 33
12 25 144
12 26 77
12 27 231
12 28 40
12 29 188
12 30 29
12 31 102
12 32 69
12 33 61
12 34 118
12 35 234
12 36 164
12 37 59
12 38 92
12 39 133
12 40 221
12 41 205
12 42 26
12 43 131
12 44 22
12 45 193
12 46 36
12 47 231
12 48 106
12 49 123
12 50 1
12 51 111
12 52 8
12 53 97
12 54 20
12 55 180
12 56 3
12 57 153
12 58 202
12 59 39
12 60 232
12 61 80
12 62 173
12 63 212
12 64 187
12 65 106
12 66 171
12 67 28
12 68 68
12 69 7
12 70 24
12 71 7
12 72 99
12 73 1
12 74 146
12 75 199
12 76 67
12 77 117
12 78 192
12 79 205
12 80 36
13 14 83
13 15 87
13 16 59
13 17 25
13 18 139
13 19 141
13 20 26
13 21 140
13 22 126
13 23 148
13 24 2
13 25 6
13 26 68
13 27 143
13 28 33
13 29 6
13 30 154
13 31 163
13 32 64
13 33 77
13 34 17
13 35 160
13 36 7
13 37 56
13 38 150
13 39 43
13 40 203
13 41 175
13 42 53
13 43 237
13 44 74
13 45 159
13 46 43
13 47 76
13 48 54
13 49 151
13 50 81
13 51 130
13 52 235
13 53 53
13 54 150
13 55 167
13 56 92
13 57 45
13 58 57
13 59 151
13 60 86
13 61 208
13 62 69
13 63 45
13 64 69
13 65 91
13 66 176
13 67 96
13 68 100
13 69 34
13 70 57
13 71 8
13 72 62
13 73 231
13 74 203
13 75 120
13 76 160
13 77 179
13 78 111
13 79 19
13 80 31
14 15 107
14 16 138
14 17 69
14 18 13
14 19 151
14 20 157
14 21 190
14 22 184
14 23 232
14 24 157
14 25 47
14 26 37
14 27 0
14 28 80
14 29 117
14 30 56
14 31 168
14 32 115
14 33 5
14 34 124
14 35 92
14 36 191
14 37 155
14 38 235
14 39 205
14 40 145
14 41 166
14 42 163
14 43 191
14 44 146
14 45 147
14 46 104
14 47 120
14 48 209
14 49 213
14 50 172
14 51 143
14 52 27
14 53 140
14 54 17
14 55 156
14 56 167
14 57 134
14 58 143
14 59 230
14 60 223
14 61 137
14 62 136
14 63 158
14 64 127
14 65 101
14 66 156
14 67 62
14 68 207
14 69 208
14 70 176
14 71 235
14 72 208
14 73 44
14 74 86
14 75 180
14 76 186
14 77 183
14 78 14
14 79 134
14 80 234
15 16 175
15 17 113
15 18 229
15 19 74
15 20 223
15 21 180
15 22 133
15 23 104
15 24 24
15 25 95
15 26 116
15 27 44
15 28 64
15 29 66
15 30 155
15 31 222
15 32 106
15 33 215
15 34 50
15 35 42
15 36 121
15 37 127
15 38 163
15 39 71
15 40 121
15 41 160
15 42 180
15 43 206
15 44 147
15 45 157
15 46 104
15 47 126
15 48 236
15 49 227
15 50 111
15 51 112
15 52 5
15 53 200
15 54 143
15 55 94
15 56 3
15 57 24
15 58 136
15 59 168
15 60 101
15 61 103
15 62 134
15 63 167
15 64 173
15 65 102
15 66 1
15 67 211
15 68 132
15 69 103
15 70 163
15 71 135
15 72 73
15 73 118
15 74 173
15 75 4
15 76 3
15 77 24
15 78 180
15 79 18
15 80 82
16 17 113
16 18 80
16 19 143
16 20 125
16 21 162
16 22 73
16 23 228
16 24 222
16 25 121
16 26 64
16 27 232
16 28 1
16 29 6
16 30 128
16 31 16
16 32 184
16 33 174
16 34 67
16 35 45
16 36 235
16 37 14
16 38 10
16 39 126
16 40 155
16 41 200
16 42 96
16 43 65
16 44 239
16 45 141
16 46 210
16 47 107
16 48 87
16 49 222
16 50 93
16 51 38
16 52 149
16 53 1
16 54 38
16 55 30
16 56 61
16 57 105
16 58 199
16 59 8
16 60 164
16 61 180
16 62 59
16 63 216
16 64 190
16 65 132
16 66 215
16 67 51
16 68 9
16 69 77
16 70 68
16 71 124
16 72 217
16 73 47
16 74 221
16 75 130
16 76 199
16 77 21
16 78 25
16 79 85
16 80 76
17 18 201
17 19 36
17 20 8
17 21 236
17 22 231
17 23 62
17 24 171
17 25 165
17 26 24
17 27 165
17 28 165
17 29 84
17 30 131
17 31 120
17 32 58
17 33 38
17 34 58
17 35 151
17 36 46
17 37 30
17 38 152
17 39 124
17 40 145
17 41 167
17 42 156
17 43 60
17 44 38
17 45 114
17 46 44
17 47 165
17 48 208
17 49 43
17 50 132
17 51 75
17 52 194
17 53 99
17 54 206
17 55 91
17 56 79
17 57 49
17 58 133
17 59 134
17 60 44
17 61 15
17 62 191
17 63 117
17 64 196
17 65 6
17 66 43
17 67 107
17 68 19
17 69 89
17 70 211
17 71 217
17 72 5
17 73 156
17 74 209
17 75 188
17 76 166
17 77 138
17 78 224
17 79 199
17 80 146
18 19 224
18 20 83
18 21 21
18 22 51
18 23 180
18 24 165
18 25 50
18 26 55
18 27 234
18 28 47
18 29 114
18 30 232
18 31 27
18 32 177
18 33 105
18 34 115
18 35 139
18 36 123
18 37 119
18 38 218
18 39 34
18 40 176
18 41 211
18 42 135
18 43 101
18 44 167
18 45 19
18 46 81
18 47 1
18 48 18
18 49 227
18 50 150
18 51 6
18 52 36
18 53 82
18 54 219
18 55 110
18 56 75
18 57 76
18 58 67
18 59 215
18 60 98
18 61 24
18 62 62
18 63 190
18 64 8
18 65 17
18 66 40
18 67 24
18 68 172
18 69 47
18 70 2
18 71 132
18 72 41
18 73 58
18 74 213
18 75 19
18 76 106
18 77 92
18 78 66
18 79 123
18 80 27
19 20 172
19 21 8
19 22 105
19 23 163
19 24 127
19 25 179
19 26 51
19 27 116
19 28 174
19 29 140
19 30 57
19 31 102
19 32 47
19 33 132
19 34 95
19 35 129
19 36 170
19 37 87
19 38 229
19 39 82
19 40 235
19 41 53
19 42 168
19 43 111
19 44 188
19 45 109
19 46 181
19 47 152
19 48 154
19 49 105
19 50 99
19 51 181
19 52 42
19 53 184
19 54 139
19 55 145
19 56 154
19 57 206
19 58 128
19 59 202
19 60 129
19 61 45
19 62 139
19 63 10
19 64 20
19 65 225
19 66 206
19 67 216
19 68 119
19 69 98
19 70 233
19 71 171
19 72 34
19 73 54
19 74 199
19 75 145
19 76 106
19 77 26
19 78 180
19 79 163
19 80 122
20 21 102
20 22 105
20 23 87
20 24 211
20 25 146
20 26 149
20 27 46
20 28 212
20 29 5
20 30 42
20 31 118
20 32 72
20 33 123
20 34 114
20 35 99
20 36 204
20 37 2
20 38 114
20 39 9
20 40 29
20 41 198
20 42 198
20 43 187
20 44 50
20 45 169
20 46 172
20 47 97
20 48 161
20 49 93
20 50 196
20 51 21
20 52 191
20 53 209
20 54 85
20 55 144
20 56 79
20 57 202
20 58 168
20 59 77
20 60 82
20 61 200
20 62 191
20 63 78
20 64 204
20 65 88
20 66 87
20 67 127
20 68 223
20 69 61
20 70 113
20 71 171
20 72 57
20 73 74
20 74 230
20 75 136
20 76 105
20 77 238
20 78 173
20 79 64
20 80 124
21 22 215
21 23 80
21 24 218
21 25 165
21 26 181
21 27 99
21 28 127
21 29 132
21 30 220
21 31 150
21 32 209
21 33 36
21 34 171
21 35 134
21 36 46
21 37 63
21 38 5
21 39 72
21 40 172
21 41 26
21 42 136
21 43 48
21 44 239
21 45 227
21 46 141
21 47 22
21 48 184
21 49 214
21 50 74
21 51 191
21 52 63
21 53 186
21 54 21
21 55 4
21 56 25
21 57 172
21 58 108
21 59 119
21 60 226
21 61 187
21 62 231
21 63 150
21 64 221
21 65 234
21 66 105
21 67 116
21 68 138
21 69 18
21 70 221
21 71 128
21 72 94
21 73 149
21 74 202
21 75 42
21 76 86
21 77 172
21 78 41
21 79 9
21 80 101
22 23 91
22 24 125
22 25 120
22 26 120
22 27 166
22 28 120
22 29 18
22 30 55
22 31 31
22 32 231
22 33 90
22 34 36
22 35 8
22 36 187
22 37 148
22 38 55
22 39 19
22 40 216
22 41 108
22 42 221
22 43 32
22 44 66
22 45 19
22 46 21
22 47 221
22 48 234
22 49 155
22 50 239
22 51 219
22 52 172
22 53 118
22 54 29
22 55 129
22 56 154
22 57 53
22 58 174
22 59 152
22 60 81
22 61 130
22 62 143
22 63 147
22 64 237
22 65 180
22 66 72
22 67 163
22 68 57
22 69 160
22 70 6
22 71 118
22 72 42
22 73 76
22 74 62
22 75 27
22 76 196
22 77 26
22 78 100
22 79 74
22 80 1
23 24 184
23 25 208
23 26 67
23 27 158
23 28 124
23 29 26
23 30 124
23 31 153
23 32 165
23 33 89
23 34 57
23 35 230
23 36 219
23 37 93
23 38 94
23 39 79
23 40 82
23 41 14
23 42 157
23 43 140
23 44 80
23 45 75
23 46 65
23 47 161
23 48 138
23 49 135
23 50 115
23 51 114
23 52 12
23 53 56
23 54 225
23 55 94
23 56 148
23 57 166
23 58 62
23 59 128
23 60 115
23 61 39
23 62 137
23 63 85
23 64 68
23 65 121
23 66 0
23 67 108
23 68 235
23 69 119
23 70 98
23 71 135
23 72 37
23 73 52
23 74 79
23 75 76
23 76 173
23 77 98
23 78 100
23 79 121
23 80 35
24 25 213
24 26 7
24 27 192
24 28 77
24 29 154
24 30 97
24 31 5
24 32 57
24 33 211
24 34 166
24 35 47
24 36 177
24 37 219
24 38 101
24 39 87
24 40 125
24 41 79
24 42 216
24 43 58
24 44 122
24 45 174
24 46 182
24 47 60
24 48 36
24 49 104
24 50 217
24 51 0
24 52 48
24 53 199
24 54 228
24 55 134
24 56 159
24 57 152
24 58 112
24 59 86
24 60 161
24 61 223
24 62 44
24 63 195
24 64 118
24 65 90
24 66 183
24 67 109
24 68 42
24 69 203
24 70 230
24 71 6
24 72 144
24 73 90
24 74 79
24 75 123
24 76 9
24 77 29
24 78 143
24 79 42
24 80 75
25 26 196
25 27 175
25 28 101
25 29 138
25 30 42
25 31 76
25 32 106
25 33 16
25 34 207
25 35 86
25 36 15
25 37 142
25 38 70
25 39 109
25 40 88
25 41 60
25 42 80
25 43 71
25 44 19
25 45 59
25 46 60
25 47 68
25 48 174
25 49 37
25 50 222
25 51 24
25 52 152
25 53 122
25 54 9
25 55 75
25 56 94
25 57 114
25 58 182
25 59 204
25 60 159
25 61 226
25 62 1
25 63 131
25 64 62
25 65 66
25 66 158
25 67 216
25 68 199
25 69 78
25 70 130
25 71 204
25 72 154
25 73 191
25 74 59
25 75 73
25 76 2
25 77 28
25 78 65
25 79 216
25 80 227
26 27 23
26 28 233
26 29 165
26 30 17
26 31 213
26 32 158
26 33 171
26 34 185
26 35 15
26 36 62
26 37 96
26 38 157
26 39 191
26 40 82
26 41 206
26 42 82
26 43 42
26 44 40
26 45 56
26 46 38
26 47 34
26 48 199
26 49 191
26 50 45
26 51 130
26 52 137
26 53 123
26 54 12
26 55 231
26 56 162
26 57 116
26 58 129
26 59 110
26 60 50
26 61 26
26 62 109
26 63 66
26 64 84
26 65 48
26 66 3
26 67 60
26 68 145
26 69 176
26 70 70
26 71 26
26 72 13
26 73 124
26 74 20
26 75 1
26 76 115
26 77 88
26 78 110
26 79 59
26 80 110
27 28 26
27 29 49
27 30 190
27 31 10
27 32 0
27 33 4
27 34 232
27 35 198
27 36 138
27 37 170
27 38 2
27 39 57
27 40 106
27 41 91
27 42 99
27 43 234
27 44 5
27 45 120
27 46 100
27 47 209
27 48 118
27 49 95
27 50 143
27 51 52
27 52 183
27 53 86
27 54 88
27 55 234
27 56 68
27 57 171
27 58 179
27 59 17
27 60 92
27 61 180
27 62 72
27 63 226
27 64 112
27 65 54
27 66 186
27 67 68
27 68 134
27 69 9
27 70 88
27 71 70
27 72 178
27 73 213
27 74 181
27 75 135
27 76 167
27 77 10
27 78 72
27 79 123
27 80 56
28 29 195
28 30 49
28 31 3
28 32 220
28 33 124
28 34 135
28 35 155
28 36 58
28 37 121
28 38 126
28 39 226
28 40 27
28 41 133
28 42 2
28 43 96
28 44 22
28 45 44
28 46 178
28 47 159
28 48 198
28 49 35
28 50 47
28 51 51
28 52 133
28 53 145
28 54 183
28 55 151
28 56 204
28 57 49
28 58 215
28 59 149
28 60 66
28 61 222
28 62 165
28 63 147
28 64 160
28 65 186
28 66 175
28 67 116
28 68 153
28 69 22
28 70 220
28 71 128
28 72 13
28 73 154
28 74 99
28 75 145
28 76 56
28 77 168
28 78 212
28 79 184
28 80 67
29 30 83
29 31 102
29 32 202
29 33 75
29 34 4
29 35 99
29 36 206
29 37 174
29 38 99
29 39 6
29 40 217
29 41 131
29 42 84
29 43 193
29 44 180
29 45 237
29 46 33
29 47 31
29 48 75
29 49 205
29 50 215
29 51 168
29 52 100
29 53 192
29 54 64
29 55 101
29 56 52
29 57 238
29 58 79
29 59 42
29 60 81
29 61 120
29 62 103
29 63 235
29 64 182
29 65 115
29 66 159
29 67 164
29 68 181
29 69 178
29 70 222
29 71 25
29 72 153
29 73 198
29 74 80
29 75 105
29 76 2
29 77 75
29 78 10
29 79 90
29 80 17
30 31 174
30 32 111
30 33 123
30 34 173
30 35 40
30 36 159
30 37 47
30 38 51
30 39 69
30 40 19
30 41 17
30 42 209
30 43 27
30 44 149
30 45 123
30 46 78
30 47 156
30 48 39
30 49 227
30 50 38
30 51 78
30 52 150
30 53 173
30 54 62
30 55 12
30 56 207
30 57 154
30 58 121
30 59 104
30 60 128
30 61 47
30 62 46
30 63 207
30 64 81
30 65 150
30 66 94
30 67 147
30 68 135
30 69 72
30 70 60
30 71 69
30 72 135
30 73 96
30 74 182
30 75 188
30 76 187
30 77 15
30 78 157
30 79 126
30 80 213
31 32 95
31 33 89
31 34 80
31 35 203
31 36 179
31 37 42
31 38 208
31 39 138
31 40 176
31 41 45
31 42 171
31 43 62
31 44 223
31 45 16
31 46 122
31 47 105
31 48 152
31 49 86
31 50 226
31 51 195
31 52 189
31 53 100
31 54 225
31 55 123
31 56 197
31 57 43
31 58 158
31 59 32
31 60 96
31 61 225
31 62 20
31 63 58
31 64 7
31 65 66
31 66 98
31 67 80
31 68 159
31 69 209
31 70 187
31 71 18
31 72 189
31 73 205
31 74 66
31 75 155
31 76 194
31 77 155
31 78 7
31 79 58
31 80 29
32 33 61
32 34 40
32 35 150
32 36 3
32 37 175
32 38 164
32 39 196
32 40 40
32 41 178
32 42 199
32 43 144
32 44 84
32 45 223
32 46 190
32 47 219
32 48 165
32 49 188
32 50 18
32 51 179
32 52 111
32 53 114
32 54 146
32 55 83
32 56 139
32 57 204
32 58 222
32 59 157
32 60 89
32 61 27
32 62 17
32 63 186
32 64 114
32 65 79
32 66 211
32 67 202
32 68 234
32 69 102
32 70 193
32 71 119
32 72 156
32 73 58
32 74 87
32 75 120
32 76 61
32 77 222
32 78 48
32 79 218
32 80 99
33 34 138
33 35 46
33 36 203
33 37 215
33 38 81
33 39 156
33 40 226
33 41 239
33 42 189
33 43 143
33 44 31
33 45 233
33 46 103
33 47 201
33 48 12
33 49 148
33 50 86
33 51 32
33 52 112
33 53 80
33 54 209
33 55 58
33 56 6
33 57 222
33 58 194
33 59 136
33 60 65
33 61 54
33 62 211
33 63 57
33 64 87
33 65 123
33 66 233
33 67 40
33 68 74
33 69 162
33 70 24
33 71 42
33 72 137
33 73 6
33 74 97
33 75 122
33 76 164
33 77 180
33 78 132
33 79 232
33 80 160
34 35 75
34 36 84
34 37 234
34 38 207
34 39 18
34 40 163
34 41 63
34 42 20
34 43 7
34 44 10
34 45 95
34 46 152
34 47 235
34 48 128
34 49 147
34 50 108
34 51 28
34 52 54
34 53 234
34 54 234
34 55 114
34 56 130
34 57 198
34 58 106
34 59 33
34 60 127
34 61 63
34 62 105
34 63 236
34 64 143
34 65 80
34 66 28
34 67 111
34 68 11
34 69 97
34 70 126
34 71 168
34 72 165
34 73 96
34 74 217
34 75 213
34 76 50
34 77 229
34 78 186
34 79 219
34 80 20
35 36 121
35 37 55
35 38 191
35 39 197
35 40 92
35 41 31
35 42 200
35 43 38
35 44 203
35 45 182
35 46 209
35 47 32
35 48 114
35 49 53
35 50 23
35 51 222
35 52 138
35 53 72
35 54 70
35 55 111
35 56 199
35 57 175
35 58 18
35 59 175
35 60 105
35 61 114
35 62 168
35 63 44
35 64 189
35 65 179
35 66 235
35 67 86
35 68 80
35 69 208
35 70 233
35 71 22
35 72 110
35 73 106
35 74 99
35 75 23
35 76 157
35 77 41
35 78 174
35 79 140
35 80 237
36 37 17
36 38 38
36 39 224
36 40 45
36 41 8
36 42 102
36 43 33
36 44 47
36 45 62
36 46 168
36 47 136
36 48 6
36 49 191
36 50 26
36 51 30
36 52 59
36 53 196
36 54 61
36 55 58
36 56 57
36 57 1
36 58 143
36 59 174
36 60 20
36 61 87
36 62 118
36 63 45
36 64 56
36 65 220
36 66 168
36 67 51
36 68 200
36 69 205
36 70 120
36 71 58
36 72 226
36 73 96
36 74 191
36 75 3
36 76 14
36 77 185
36 78 214
36 79 155
36 80 18
37 38 16
37 39 65
37 40 60
37 41 225
37 42 97
37 43 175
37 44 22
37 45 15
37 46 25
37 47 169
37 48 229
37 49 213
37 50 121
37 51 208
37 52 4
37 53 176
37 54 31
37 55 141
37 56 219
37 57 82
37 58 169
37 59 47
37 60 139
37 61 4
37 62 105
37 63 29
37 64 218
37 65 193
37 66 113
37 67 125
37 68 4
37 69 5
37 70 173
37 71 49
37 72 3
37 73 54
37 74 137
37 75 212
37 76 201
37 77 219
37 78 90
37 79 9
37 80 164
38 39 38
38 40 18
38 41 144
38 42 51
38 43 2
38 44 80
38 45 232
38 46 4
38 47 165
38 48 98
38 49 185
38 50 215
38 51 104
38 52 33
38 53 31
38 54 206
38 55 60
38 56 123
38 57 101
38 58 20
38 59 7
38 60 4
38 61 235
38 62 169
38 63 49
38 64 175
38 65 186
38 66 174
38 67 88
38 68 2
38 69 206
38 70 214
38 71 13
38 72 173
38 73 82
38 74 113
38 75 77
38 76 141
38 77 122
38 78 53
38 79 118
38 80 21
39 40 49
39 41 210
39 42 90
39 43 113
39 44 39
39 45 50
39 46 181
39 47 162
39 48 215
39 49 37
39 50 179
39 51 112
39 52 137
39 53 90
39 54 132
39 55 31
39 56 26
39 57 114
39 58 151
39 59 19
39 60 231
39 61 163
39 62 164
39 63 174
39 64 141
39 65 218
39 66 32
39 67 220
39 68 60
39 69 148
39 70 61
39 71 64
39 72 51
39 73 100
39 74 194
39 75 234
39 76 158
39 77 87
39 78 59
39 79 235
39 80 166
40 41 211
40 42 207
40 43 229
40 44 43
40 45 210
40 46 116
40 47 139
40 48 87
40 49 96
40 50 11
40 51 72
40 52 91
40 53 134
40 54 68
40 55 145
40 56 13
40 57 120
40 58 156
40 59 195
40 60 45
40 61 117
40 62 71
40 63 176
40 64 2
40 65 109
40 66 193
40 67 53
40 68 222
40 69 73
40 70 181
40 71 27
40 72 40
40 73 115
40 74 172
40 75 184
40 76 223
40 77 4
40 78 2
40 79 118
40 80 20
41 42 149
41 43 60
41 44 100
41 45 108
41 46 167
41 47 229
41 48 82
41 49 184
41 50 40
41 51 26
41 52 198
41 53 116
41 54 101
41 55 131
41 56 206
41 57 152
41 58 4
41 59 204
41 60 212
41 61 123
41 62 194
41 63 23
41 64 19
41 65 168
41 66 234
41 67 34
41 68 196
41 69 87
41 70 176
41 71 40
41 72 230
41 73 68
41 74 109
41 75 67
41 76 91
41 77 64
41 78 80
41 79 125
41 80 234
42 43 65
42 44 101
42 45 16
42 46 63
42 47 121
42 48 228
42 49 71
42 50 204
42 51 110
42 52 30
42 53 207
42 54 149
42 55 94
42 56 196
42 57 20
42 58 158
42 59 75
42 60 172
42 61 67
42 62 1
42 63 0
42 64 18
42 65 44
42 66 103
42 67 3
42 68 4
42 69 223
42 70 34
42 71 165
42 72 110
42 73 138
42 74 181
42 75 136
42 76 226
42 77 106
42 78 196
42 79 121
42 80 53
43 44 80
43 45 229
43 46 223
43 47 101
43 48 68
43 49 1
43 50 176
43 51 173
43 52 198
43 53 117
43 54 156
43 55 46
43 56 36
43 57 91
43 58 188
43 59 46
43 60 177
43 61 160
43 62 237
43 63 43
43 64 238
43 65 20
43 66 81
43 67 93
43 68 106
43 69 109
43 70 17
43 71 18
43 72 40
43 73 124
43 74 169
43 75 194
43 76 66
43 77 45
43 78 2
43 79 54
43 80 61
44 45 41
44 46 106
44 47 80
44 48 189
44 49 149
44 50 69
44 51 136
44 52 237
44 53 63
44 54 109
44 55 15
44 56 199
44 57 40
44 58 156
44 59 168
44 60 0
44 61 183
44 62 144
44 63 67
44 64 159
44 65 23
44 66 199
44 67 90
44 68 189
44 69 39
44 70 165
44 71 155
44 72 85
44 73 153
44 74 235
44 75 88
44 76 52
44 77 17
44 78 40
44 79 157
44 80 54
45 46 21
45 47 20
45 48 217
45 49 24
45 50 180
45 51 64
45 52 30
45 53 239
45 54 154
45 55 125
45 56 114
45 57 145
45 58 66
45 59 66
45 60 59
45 61 190
45 62 112
45 63 154
45 64 111
45 65 192
45 66 194
45 67 95
45 68 76
45 69 179
45 70 110
45 71 1
45 72 153
45 73 10
45 74 238
45 75 81
45 76 10
45 77 124
45 78 110
45 79 124
45 80 179
46 47 2
46 48 5
46 49 30
46 50 94
46 51 88
46 52 176
46 53 104
46 54 112
46 55 30
46 56 188
46 57 101
46 58 99
46 59 23
46 60 136
46 61 116
46 62 0
46 63 166
46 64 65
46 65 166
46 66 196
46 67 128
46 68 207
46 69 161
46 70 91
46 71 159
46 72 51
46 73 68
46 74 147
46 75 96
46 76 159
46 77 119
46 78 230
46 79 213
46 80 132
47 48 101
47 49 11
47 50 174
47 51 135
47 52 194
47 53 197
47 54 226
47 55 173
47 56 42
47 57 74
47 58 136
47 59 82
47 60 3
47 61 196
47 62 69
47 63 197
47 64 229
47 65 224
47 66 34
47 67 78
47 68 161
47 69 154
47 70 0
47 71 82
47 72 222
47 73 105
47 74 72
47 75 12
47 76 145
47 77 64
47 78 238
47 79 114
47 80 104
48 49 21
48 50 48
48 51 143
48 52 37
48 53 125
48 54 89
48 55 179
48 56 111
48 57 0
48 58 80
48 59 105
48 60 184
48 61 212
48 62 70
48 63 170
48 64 6
48 65 16
48 66 92
48 67 88
48 68 154
48 69 140
48 70 111
48 71 201
48 72 46
48 73 215
48 74 176
48 75 112
48 76 196
48 77 145
48 78 228
48 79 97
48 80 40
49 50 24
49 51 18
49 52 88
49 53 208
49 54 59
49 55 172
49 56 177
49 57 191
49 58 1
49 59 104
49 60 146
49 61 121
49 62 72
49 63 103
49 64 131
49 65 28
49 66 163
49 67 116
49 68 110
49 69 7
49 70 140
49 71 129
49 72 69
49 73 130
49 74 18
49 75 76
49 76 118
49 77 222
49 78 32
49 79 154
49 80 172
50 51 170
50 52 150
50 53 54
50 54 170
50 55 7
50 56 115
50 57 151
50 58 182
50 59 196
50 60 198
50 61 173
50 62 58
50 63 83
50 64 231
50 65 82
50 66 17
50 67 215
50 68 227
50 69 39
50 70 79
50 71 220
50 72 212
50 73 196
50 74 76
50 75 81
50 76 7
50 77 26
50 78 218
50 79 225
50 80 76
51 52 221
51 53 96
51 54 161
51 55 157
51 56 15
51 57 35
51 58 79
51 59 93
51 60 214
51 61 47
51 62 180
51 63 65
51 64 47
51 65 217
51 66 107
51 67 62
51 68 217
51 69 193
51 70 202
51 71 9
51 72 207
51 73 24
51 74 44
51 75 165
51 76 192
51 77 114
51 78 78
51 79 40
51 80 100
52 53 94
52 54 203
52 55 130
52 56 165
52 57 5
52 58 211
52 59 82
52 60 48
52 61 53
52 62 180
52 63 32
52 64 13
52 65 157
52 66 54
52 67 151
52 68 102
52 69 233
52 70 21
52 71 102
52 72 197
52 73 98
52 74 82
52 75 73
52 76 32
52 77 194
52 78 132
52 79 58
52 80 21
53 54 172
53 55 227
53 56 204
53 57 114
53 58 189
53 59 132
53 60 151
53 61 143
53 62 29
53 63 8
53 64 150
53 65 220
53 66 129
53 67 223
53 68 198
53 69 105
53 70 79
53 71 107
53 72 142
53 73 41
53 74 131
53 75 66
53 76 115
53 77 228
53 78 235
53 79 98
53 80 17
54 55 47
54 56 54
54 57 146
54 58 200
54 59 103
54 60 121
54 61 214
54 62 26
54 63 5
54 64 47
54 65 187
54 66 130
54 67 53
54 68 171
54 69 126
54 70 32
54 71 158
54 72 5
54 73 183
54 74 4
54 75 18
54 76 117
54 77 107
54 78 71
54 79 238
54 80 132
55 56 223
55 57 24
55 58 175
55 59 208
55 60 32
55 61 138
55 62 127
55 63 45
55 64 62
55 65 92
55 66 80
55 67 77
55 68 9
55 69 64
55 70 65
55 71 163
55 72 80
55 73 119
55 74 127
55 75 26
55 76 184
55 77 57
55 78 69
55 79 219
55 80 232
56 57 19
56 58 174
56 59 154
56 60 124
56 61 138
56 62 170
56 63 119
56 64 75
56 65 14
56 66 64
56 67 156
56 68 5
56 69 53
56 70 113
56 71 28
56 72 139
56 73 205
56 74 106
56 75 132
56 76 190
56 77 102
56 78 1
56 79 149
56 80 70
57 58 179
57 59 192
57 60 92
57 61 101
57 62 48
57 63 87
57 64 130
57 65 178
57 66 238
57 67 124
57 68 126
57 69 170
57 70 180
57 71 232
57 72 103
57 73 219
57 74 50
57 75 80
57 76 215
57 77 232
57 78 85
57 79 145
57 80 161
58 59 114
58 60 6
58 61 205
58 62 104
58 63 115
58 64 112
58 65 141
58 66 233
58 67 228
58 68 197
58 69 95
58 70 229
58 71 69
58 72 184
58 73 13
58 74 74
58 75 101
58 76 236
58 77 212
58 78 165
58 79 184
58 80 117
59 60 106
59 61 190
59 62 37
59 63 104
59 64 54
59 65 118
59 66 23
59 67 41
59 68 169
59 69 230
59 70 193
59 71 94
59 72 202
59 73 35
59 74 126
59 75 200
59 76 201
59 77 89
59 78 31
59 79 61
59 80 81
60 61 160
60 62 195
60 63 142
60 64 179
60 65 168
60 66 127
60 67 5
60 68 201
60 69 142
60 70 164
60 71 123
60 72 139
60 73 71
60 74 222
60 75 115
60 76 62
60 77 52
60 78 118
60 79 205
60 80 88
61 62 201
61 63 212
61 64 199
61 65 180
61 66 130
61 67 222
61 68 176
61 69 205
61 70 69
61 71 237
61 72 108
61 73 61
61 74 83
61 75 120
61 76 17
61 77 194
61 78 48
61 79 44
61 80 5
62 63 190
62 64 183
62 65 73
62 66 133
62 67 0
62 68 103
62 69 0
62 70 181
62 71 49
62 72 70
62 73 149
62 74 123
62 75 172
62 76 119
62 77 220
62 78 37
62 79 179
62 80 206
63 64 116
63 65 104
63 66 51
63 67 40
63 68 3
63 69 111
63 70 138
63 71 237
63 72 142
63 73 119
63 74 81
63 75 132
63 76 65
63 77 113
63 78 114
63 79 75
63 80 61
64 65 230
64 66 126
64 67 92
64 68 67
64 69 102
64 70 64
64 71 133
64 72 19
64 73 212
64 74 232
64 75 133
64 76 184
64 77 130
64 78 50
64 79 138
64 80 154
65 66 231
65 67 109
65 68 201
65 69 34
65 70 104
65 71 188
65 72 51
65 73 226
65 74 219
65 75 168
65 76 149
65 77 36
65 78 29
65 79 215
65 80 227
66 67 42
66 68 220
66 69 46
66 70 16
66 71 212
66 72 57
66 73 200
66 74 17
66 75 158
66 76 43
66 77 46
66 78 1
66 79 22
66 80 0
67 68 194
67 69 238
67 70 1
67 71 31
67 72 107
67 73 18
67 74 85
67 75 207
67 76 72
67 77 50
67 78 216
67 79 176
67 80 170
68 69 180
68 70 190
68 71 168
68 72 125
68 73 0
68 74 41
68 75 223
68 76 67
68 77 13
68 78 17
68 79 71
68 80 239
69 70 212
69 71 138
69 72 9
69 73 108
69 74 190
69 75 2
69 76 144
69 77 65
69 78 134
69 79 128
69 80 234
70 71 43
70 72 195
70 73 94
70 74 23
70 75 35
70 76 146
70 77 199
70 78 228
70 79 233
70 80 196
71 72 11
71 73 28
71 74 237
71 75 210
71 76 93
71 77 107
71 78 45
71 79 146
71 80 212
72 73 39
72 74 221
72 75 4
72 76 186
72 77 148
72 78 169
72 79 200
72 80 1
73 74 162
73 75 173
73 76 130
73 77 144
73 78 115
73 79 201
73 80 214
74 75 210
74 76 158
74 77 52
74 78 164
74 79 53
74 80 123
75 76 134
75 77 49
75 78 228
75 79 169
75 80 75
76 77 159
76 78 86
76 79 233
76 80 96
77 78 214
77 79 210
77 80 60
78 79 160
78 80 85
79 80 118
