80 3160
1 2 107
1 3 88
1 4 12
1 5 150
1 6 71
1 7 102
1 8 234
1 9 156
1 10 138
1 11 208
1 12 61
1 13 232
1 14 109
1 15 154
1 16 25
1 17 215
1 18 235
1 19 32
1 20 4
1 21 205
1 22 138
1 23 138
1 24 0
1 25 214
1 26 84
1 27 133
1 28 37
1 29 120
1 30 101
1 31 41
1 32 232
1 33 231
1 34 67
1 35 207
1 36 68
1 37 205
1 38 173
1 39 123
1 40 17
1 41 128
1 42 159
1 43 9
1 44 187
1 45 27
1 46 218
1 47 43
1 48 1
1 49 124
1 50 71
1 51 104
1 52 191
1 53 138
1 54 45
1 55 239
1 56 30
1 57 147
1 58 65
1 59 57
1 60 75
1 61 205
1 62 81
1 63 101
1 64 13
1 65 184
1 66 79
1 67 169
1 68 127
1 69 21
1 70 13
1 71 67
1 72 61
1 73 74
1 74 238
1 75 185
1 76 206
1 77 92
1 78 238
1 79 188
1 80 9
2 3 78
2 4 132
2 5 178
2 6 144
2 7 229
2 8 52
2 9 1
2 10 139
2 11 228
2 12 113
2 13 131
2 14 97
2 15 12
2 16 156
2 17 85
2 18 232
2 19 145
2 20 83
2 21 119
2 22 48
2 23 163
2 24 32
2 25 103
2 26 209
2 27 138
2 28 52
2 29 62
2 30 213
2 31 52
2 32 67
2 33 56
2 34 230
2 35 48
2 36 72
2 37 237
2 38 180
2 39 99
2 40 86
2 41 214
2 42 184
2 43 12
2 44 50
2 45 59
2 46 76
2 47 107
2 48 55
2 49 33
2 50 237
2 51 208
2 52 191
2 53 4
2 54 75
2 55 95
2 56 184
2 57 123
2 58 154
2 59 177
2 60 28
2 61 38
2 62 136
2 63 98
2 64 123
2 65 101
2 66 156
2 67 65
2 68 207
2 69 34
2 70 0
2 71 218
2 72 176
2 73 155
2 74 171
2 75 43
2 76 67
2 77 19
2 78 19
2 79 219
2 80 206
3 4 166
3 5 202
3 6 78
3 7 232
3 8 110
3 9 157
3 10 42
3 11 162
3 12 162
3 13 206
3 14 36
3 15 199
3 16 167
3 17 101
3 18 109
3 19 22
3 20 73
3 21 30
3 22 109
3 23 83
3 24 200
3 25 92
3 26 149
3 27 210
3 28 61
3 29 2
3 30 233
3 31 195
3 32 83
3 33 164
3 34 55
3 35 36
3 36 181
3 37 167
3 38 9
3 39 19
3 40 28
3 41 68
3 42 195
3 43 227
3 44 109
3 45 89
3 46 114
3 47 220
3 48 122
3 49 37
3 50 50
3 51 174
3 52 93
3 53 118
3 54 63
3 55 126
3 56 7
3 57 128
3 58 58
3 59 53
3 60 48
3 61 84
3 62 4
3 63 78
3 64 235
3 65 217
3 66 209
3 67 32
3 68 235
3 69 118
3 70 30
3 71 238
3 72 99
3 73 199
3 74 159
3 75 95
3 76 46
3 77 41
3 78 108
3 79 54
3 80 86
4 5 142
4 6 82
4 7 218
4 8 126
4 9 129
4 10 221
4 11 215
4 12 57
4 13 90
4 14 107
4 15 177
4 16 162
4 17 48
4 18 10
4 19 77
4 20 35
4 21 27
4 22 89
4 23 159
4 24 7
4 25 80
4 26 93
4 27 179
4 28 126
4 29 233
4 30 191
4 31 86
4 32 187
4 33 16
4 34 26
4 35 118
4 36 47
4 37 30
4 38 204
4 39 65
4 40 134
4 41 95
4 42 230
4 43 128
4 44 72
4 45 199
4 46 114
4 47 43
4 48 18
4 49 162
4 50 199
4 51 164
4 52 218
4 53 162
4 54 226
4 55 199
4 56 105
4 57 57
4 58 83
4 59 201
4 60 96
4 61 204
4 62 175
4 63 76
4 64 239
4 65 152
4 66 147
4 67 211
4 68 15
4 69 167
4 70 46
4 71 186
4 72 169
4 73 157
4 74 144
4 75 182
4 76 231
4 77 168
4 78 119
4 79 67
4 80 200
5 6 171
5 7 224
5 8 100
5 9 135
5 10 204
5 11 17
5 12 167
5 13 200
5 14 181
5 15 129
5 16 4
5 17 41
5 18 39
5 19 103
5 20 11
5 21 148
5 22 7
5 23 193
5 24 76
5 25 64
5 26 161
5 27 29
5 28 196
5 29 235
5 30 64
5 31 139
5 32 170
5 33 19
5 34 66
5 35 178
5 36 66
5 37 169
5 38 64
5 39 192
5 40 87
5 41 8
5 42 128
5 43 209
5 44 64
5 45 192
5 46 88
5 47 170
5 48 232
5 49 76
5 50 57
5 51 74
5 52 166
5 53 223
5 54 23
5 55 15
5 56 128
5 57 182
5 58 68
5 59 56
5 60 216
5 61 227
5 62 63
5 63 175
5 64 121
5 65 26
5 66 54
5 67 46
5 68 158
5 69 176
5 70 18
5 71 71
5 72 239
5 73 228
5 74 184
5 75 86
5 76 24
5 77 51
5 78 40
5 79 207
5 80 194
6 7 239
6 8 61
6 9 224
6 10 101
6 11 146
6 12 29
6 13 207
6 14 119
6 15 139
6 16 94
6 17 64
6 18 144
6 19 149
6 20 223
6 21 222
6 22 145
6 23 17
6 24 184
6 25 143
6 26 28
6 27 157
6 28 104
6 29 152
6 30 35
6 31 109
6 32 67
6 33 174
6 34 236
6 35 53
6 36 211
6 37 123
6 38 105
6 39 75
6 40 168
6 41 17
6 42 11
6 43 120
6 44 158
6 45 11
6 46 124
6 47 157
6 48 54
6 49 171
6 50 91
6 51 152
6 52 133
6 53 110
6 54 95
6 55 31
6 56 225
6 57 176
6 58 190
6 59 154
6 60 39
6 61 228
6 62 12
6 63 97
6 64 144
6 65 7
6 66 113
6 67 131
6 68 214
6 69 238
6 70 155
6 71 198
6 72 203
6 73 40
6 74 85
6 75 46
6 76 3
6 77 31
6 78 191
6 79 79
6 80 107
7 8 61
7 9 136
7 10 39
7 11 94
7 12 16
7 13 184
7 14 105
7 15 125
7 16 138
7 17 85
7 18 29
7 19 194
7 20 94
7 21 170
7 22 22
7 23 180
7 24 77
7 25 80
7 26 120
7 27 190
7 28 19
7 29 215
7 30 96
7 31 113
7 32 74
7 33 16
7 34 210
7 35 149
7 36 13
7 37 62
7 38 43
7 39 3
7 40 215
7 41 236
7 42 190
7 43 217
7 44 238
7 45 6
7 46 123
7 47 207
7 48 11
7 49 195
7 50 68
7 51 45
7 52 81
7 53 195
7 54 136
7 55 130
7 56 3
7 57 86
7 58 86
7 59 59
7 60 119
7 61 101
7 62 215
7 63 145
7 64 79
7 65 79
7 66 23
7 67 227
7 68 231
7 69 27
7 70 84
7 71 210
7 72 139
7 73 125
7 74 202
7 75 82
7 76 203
7 77 35
7 78 150
7 79 48
7 80 157
8 9 214
8 10 91
8 11 221
8 12 219
8 13 101
8 14 76
8 15 143
8 16 56
8 17 42
8 18 146
8 19 93
8 20 4
8 21 0
8 22 174
8 23 45
8 24 82
8 25 113
8 26 49
8 27 223
8 28 143
8 29 144
8 30 60
8 31 28
8 32 230
8 33 218
8 34 220
8 35 98
8 36 214
8 37 156
8 38 230
8 39 225
8 40 165
8 41 205
8 42 177
8 43 237
8 44 213
8 45 95
8 46 181
8 47 91
8 48 110
8 49 129
8 50 196
8 51 190
8 52 174
8 53 48
8 54 60
8 55 158
8 56 18
8 57 175
8 58 78
8 59 133
8 60 143
8 61 238
8 62 69
8 63 151
8 64 63
8 65 162
8 66 157
8 67 91
8 68 183
8 69 88
8 70 200
8 71 237
8 72 34
8 73 236
8 74 197
8 75 59
8 76 127
8 77 6
8 78 134
8 79 17
8 80 2
9 10 63
9 11 93
9 12 67
9 13 230
9 14 171
9 15 227
9 16 23
9 17 138
9 18 225
9 19 122
9 20 19
9 21 80
9 22 127
9 23 211
9 24 29
9 25 69
9 26 157
9 27 171
9 28 19
9 29 15
9 30 65
9 31 15
9 32 150
9 33 39
9 34 21
9 35 180
9 36 130
9 37 7
9 38 141
9 39 156
9 40 146
9 41 188
9 42 138
9 43 135
9 44 144
9 45 194
9 46 127
9 47 77
9 48 46
9 49 203
9 50 16
9 51 149
9 52 26
9 53 86
9 54 145
9 55 111
9 56 177
9 57 30
9 58 73
9 59 199
9 60 15
9 61 130
9 62 168
9 63 59
9 64 153
9 65 28
9 66 43
9 67 170
9 68 230
9 69 190
9 70 4
9 71 175
9 72 231
9 73 11
9 74 172
9 75 238
9 76 165
9 77 42
9 78 227
9 79 222
9 80 21
10 11 209
10 12 113
10 13 35
10 14 213
10 15 3
10 16 45
10 17 97
10 18 142
10 19 139
10 20 105
10 21 121
10 22 37
10 23 101
10 24 70
10 25 97
10 26 174
10 27 15
10 28 32
10 29 33
10 30 229
10 31 21
10 32 198
10 33 191
10 34 82
10 35 228
10 36 28
10 37 46
10 38 121
10 39 14
10 40 31
10 41 198
10 42 232
10 43 19
10 44 35
10 45 164
10 46 205
10 47 98
10 48 199
10 49 185
10 50 99
10 51 50
10 52 177
10 53 8
10 54 182
10 55 39
10 56 207
10 57 123
10 58 227
10 59 11
10 60 156
10 61 67
10 62 213
10 63 158
10 64 90
10 65 16
10 66 0
10 67 98
10 68 19
10 69 53
10 70 197
10 71 98
10 72 178
10 73 46
10 74 74
10 75 40
10 76 86
10 77 109
10 78 41
10 79 238
10 80 66
11 12 126
11 13 41
11 14 104
11 15 141
11 16 163
11 17 141
11 18 166
11 19 171
11 20 28
11 21 63
11 22 171
11 23 206
11 24 29
11 25 124
11 26 144
11 27 40
11 28 69
11 29 34
11 30 109
11 31 11
11 32 74
11 33 75
11 34 88
11 35 96
11 36 38
11 37 216
11 38 92
11 39 73
11 40 118
11 41 174
11 42 2
11 43 174
11 44 140
11 45 217
11 46 233
11 47 107
11 48 202
11 49 73
11 50 52
11 51 145
11 52 185
11 53 191
11 54 229
11 55 47
11 56 220
11 57 13
11 58 67
11 59 5
11 60 227
11 61 189
11 62 20
11 63 146
11 64 234
11 65 233
11 66 190
11 67 216
11 68 6
11 69 4
11 70 188
11 71 220
11 72 209
11 73 125
11 74 215
11 75 204
11 76 200
11 77 90
11 78 74
11 79 156
11 80 10
12 13 138
12 14 156
12 15 105
12 16 169
12 17 107
12 18 206
12 19 37
12 20 68
12 21 111
12 22 14
12 23 49
12 24 167
12 25 103
12 26 190
12 27 163
12 28 11
12 29 72
12 30 103
12 31 48
12 32 162
12 33 210
12 34 133
12 35 112
12 36 213
12 37 64
12 38 25
12 39 107
12 40 119
12 41 188
12 42 57
12 43 230
12 44 63
12 45 103
12 46 66
12 47 27
12 48 201
12 49 86
12 50 123
12 51 47
12 52 120
12 53 182
12 54 156
12 55 114
12 56 220
12 57 67
12 58 35
12 59 159
12 60 29
12 61 52
12 62 130
12 63 145
12 64 128
12 65 152
12 66 91
12 67 47
12 68 113
12 69 150
12 70 135
12 71 208
12 72 83
12 73 194
12 74 142
12 75 63
12 76 198
12 77 155
12 78 212
12 79 60
12 80 169
13 14 211
13 15 48
13 16 190
13 17 85
13 18 33
13 19 57
13 20 68
13 21 223
13 22 73
13 23 131
13 24 168
13 25 176
13 26 202
13 27 8
13 28 74
13 29 10
13 30 219
13 31 179
13 32 81
13 33 86
13 34 46
13 35 225
13 36 72
13 37 214
13 38 163
13 39 226
13 40 12
13 41 204
13 42 51
13 43 165
13 44 118
13 45 32
13 46 67
13 47 86
13 48 176
13 49 159
13 50 68
13 51 160
13 52 100
13 53 127
13 54 152
13 55 27
13 56 142
13 57 32
13 58 239
13 59 10
13 60 182
13 61 198
13 62 184
13 63 160
13 64 219
13 65 10
13 66 35
13 67 73
13 68 35
13 69 67
13 70 192
13 71 66
13 72 150
13 73 95
13 74 64
13 75 171
13 76 52
13 77 193
13 78 49
13 79 99
13 80 93
14 15 220
14 16 88
14 17 96
14 18 116
14 19 134
14 20 182
14 21 100
14 22 140
14 23 162
14 24 84
14 25 7
14 26 89
14 27 175
14 28 87
14 29 224
14 30 218
14 31 160
14 32 176
14 33 236
14 34 10
14 35 63
14 36 211
14 37 198
14 38 21
14 39 56
14 40 230
14 41 124
14 42 171
14 43 73
14 44 109
14 45 120
14 46 171
14 47 191
14 48 80
14 49 140
14 50 212
14 51 114
14 52 168
14 53 149
14 54 195
14 55 60
14 56 48
14 57 21
14 58 77
14 59 58
14 60 143
14 61 90
14 62 69
14 63 32
14 64 151
14 65 82
14 66 103
14 67 175
14 68 73
14 69 14
14 70 159
14 71 78
14 72 78
14 73 50
14 74 108
14 75 66
14 76 28
14 77 56
14 78 126
14 79 227
14 80 138
15 16 229
15 17 48
15 18 170
15 19 10
15 20 166
15 21 1
15 22 48
15 23 36
15 24 165
15 25 42
15 26 151
15 27 213
15 28 0
15 29 152
15 30 2
15 31 143
15 32 66
15 33 5
15 34 231
15 35 131
15 36 229
15 37 138
15 38 31
15 39 0
15 40 9
15 41 81
15 42 117
15 43 149
15 44 204
15 45 66
15 46 227
15 47 91
15 48 58
15 49 234
15 50 224
15 51 71
15 52 132
15 53 7
15 54 190
15 55 89
15 56 124
15 57 222
15 58 139
15 59 150
15 60 107
15 61 0
15 62 178
15 63 36
15 64 38
15 65 237
15 66 143
15 67 183
15 68 69
15 69 138
15 70 214
15 71 177
15 72 78
15 73 166
15 74 101
15 75 158
15 76 14
15 77 197
15 78 201
15 79 41
15 80 104
16 17 214
16 18 32
16 19 3
16 20 120
16 21 112
16 22 188
16 23 134
16 24 0
16 25 198
16 26 190
16 27 109
16 28 229
16 29 101
16 30 46
16 31 128
16 32 202
16 33 223
16 34 138
16 35 17
16 36 52
16 37 90
16 38 75
16 39 179
16 40 146
16 41 211
16 42 239
16 43 208
16 44 150
16 45 52
16 46 214
16 47 194
16 48 222
16 49 187
16 50 31
16 51 102
16 52 162
16 53 123
16 54 22
16 55 176
16 56 77
16 57 55
16 58 18
16 59 39
16 60 128
16 61 47
16 62 88
16 63 162
16 64 76
16 65 141
16 66 169
16 67 26
16 68 178
16 69 60
16 70 140
16 71 64
16 72 116
16 73 208
16 74 226
16 75 228
16 76 181
16 77 25
16 78 207
16 79 55
16 80 5
17 18 87
17 19 190
17 20 19
17 21 183
17 22 83
17 23 179
17 24 175
17 25 239
17 26 20
17 27 163
17 28 104
17 29 41
17 30 34
17 31 4
17 32 55
17 33 160
17 34 221
17 35 223
17 36 120
17 37 229
17 38 23
17 39 15
17 40 86
17 41 36
17 42 180
17 43 167
17 44 85
17 45 66
17 46 34
17 47 176
17 48 84
17 49 67
17 50 175
17 51 59
17 52 18
17 53 76
17 54 57
17 55 164
17 56 27
17 57 110
17 58 127
17 59 73
17 60 5
17 61 79
17 62 131
17 63 140
17 64 58
17 65 197
17 66 114
17 67 2
17 68 164
17 69 211
17 70 96
17 71 187
17 72 144
17 73 56
17 74 178
17 75 142
17 76 136
17 77 105
17 78 231
17 79 6
17 80 42
18 19 160
18 20 236
18 21 99
18 22 74
18 23 60
18 24 142
18 25 117
18 26 36
18 27 86
18 28 111
18 29 137
18 30 179
18 31 40
18 32 50
18 33 135
18 34 4
18 35 123
18 36 96
18 37 150
18 38 119
18 39 233
18 40 26
18 41 69
18 42 190
18 43 36
18 44 174
18 45 129
18 46 180
18 47 207
18 48 175
18 49 136
18 50 162
18 51 60
18 52 116
18 53 53
18 54 157
18 55 228
18 56 112
18 57 224
18 58 65
18 59 44
18 60 225
18 61 69
18 62 104
18 63 133
18 64 185
18 65 117
18 66 147
18 67 66
18 68 32
18 69 43
18 70 50
18 71 142
18 72 171
18 73 172
18 74 200
18 75 70
18 76 93
18 77 234
18 78 233
18 79 110
18 80 219
19 20 84
19 21 22
19 22 82
19 23 65
19 24 141
19 25 126
19 26 159
19 27 216
19 28 145
19 29 163
19 30 39
19 31 114
19 32 52
19 33 96
19 34 32
19 35 186
19 36 44
19 37 125
19 38 219
19 39 113
19 40 96
19 41 126
19 42 101
19 43 91
19 44 6
19 45 215
19 46 51
19 47 197
19 48 235
19 49 181
19 50 6
19 51 27
19 52 78
19 53 17
19 54 134
19 55 54
19 56 194
19 57 185
19 58 7
19 59 46
19 60 49
19 61 134
19 62 70
19 63 194
19 64 180
19 65 59
19 66 152
19 67 228
19 68 172
19 69 210
19 70 113
19 71 3
19 72 217
19 73 193
19 74 67
19 75 110
19 76 48
19 77 104
19 78 14
19 79 139
19 80 191
20 21 121
20 22 100
20 23 227
20 24 202
20 25 182
20 26 222
20 27 238
20 28 168
20 29 61
20 30 56
20 31 56
20 32 203
20 33 3
20 34 215
20 35 211
20 36 148
20 37 239
20 38 188
20 39 130
20 40 158
20 41 210
20 42 86
20 43 47
20 44 94
20 45 43
20 46 203
20 47 161
20 48 48
20 49 10
20 50 145
20 51 154
20 52 237
20 53 87
20 54 53
20 55 37
20 56 217
20 57 190
20 58 46
20 59 43
20 60 193
20 61 124
20 62 172
20 63 180
20 64 218
20 65 153
20 66 31
20 67 20
20 68 212
20 69 152
20 70 132
20 71 163
20 72 106
20 73 186
20 74 20
20 75 38
20 76 177
20 77 32
20 78 73
20 79 116
20 80 141
21 22 237
21 23 66
21 24 152
21 25 65
21 26 88
21 27 11
21 28 39
21 29 157
21 30 90
21 31 160
21 32 178
21 33 213
21 34 29
21 35 116
21 36 168
21 37 62
21 38 95
21 39 162
21 40 59
21 41 205
21 42 137
21 43 47
21 44 233
21 45 236
21 46 29
21 47 193
21 48 143
21 49 176
21 50 35
21 51 80
21 52 65
21 53 154
21 54 11
21 55 21
21 56 111
21 57 17
21 58 227
21 59 211
21 60 185
21 61 30
21 62 151
21 63 70
21 64 190
21 65 164
21 66 122
21 67 4
21 68 10
21 69 223
21 70 134
21 71 166
21 72 87
21 73 139
21 74 42
21 75 119
21 76 208
21 77 220
21 78 71
21 79 159
21 80 162
22 23 216
22 24 85
22 25 70
22 26 18
22 27 58
22 28 40
22 29 56
22 30 162
22 31 119
22 32 58
22 33 4
22 34 85
22 35 49
22 36 189
22 37 208
22 38 99
22 39 122
22 40 73
22 41 18
22 42 58
22 43 89
22 44 97
22 45 44
22 46 8
22 47 82
22 48 193
22 49 207
22 50 82
22 51 104
22 52 79
22 53 15
22 54 92
22 55 50
22 56 174
22 57 219
22 58 87
22 59 69
22 60 181
22 61 6
22 62 190
22 63 219
22 64 60
22 65 1
22 66 77
22 67 123
22 68 205
22 69 42
22 70 210
22 71 69
22 72 84
22 73 175
22 74 68
22 75 124
22 76 161
22 77 140
22 78 72
22 79 169
22 80 136
23 24 182
23 25 161
23 26 48
23 27 135
23 28 95
23 29 54
23 30 87
23 31 225
23 32 186
23 33 42
23 34 97
23 35 132
23 36 196
23 37 48
23 38 212
23 39 210
23 40 99
23 41 70
23 42 113
23 43 45
23 44 161
23 45 115
23 46 96
23 47 50
23 48 75
23 49 212
23 50 185
23 51 83
23 52 193
23 53 31
23 54 237
23 55 121
23 56 169
23 57 32
23 58 96
23 59 90
23 60 72
23 61 67
23 62 83
23 63 104
23 64 185
23 65 231
23 66 195
23 67 93
23 68 21
23 69 72
23 70 21
23 71 108
23 72 1
23 73 45
23 74 13
23 75 142
23 76 136
23 77 120
23 78 163
23 79 106
23 80 232
24 25 86
24 26 26
24 27 165
24 28 140
24 29 33
24 30 52
24 31 62
24 32 82
24 33 148
24 34 119
24 35 73
24 36 109
24 37 85
24 38 194
24 39 168
24 40 25
24 41 17
24 42 10
24 43 74
24 44 123
24 45 127
24 46 202
24 47 87
24 48 146
24 49 167
24 50 44
24 51 134
24 52 113
24 53 105
24 54 144
24 55 11
24 56 12
24 57 57
24 58 155
24 59 59
24 60 120
24 61 223
24 62 125
24 63 45
24 64 145
24 65 4
24 66 160
24 67 223
24 68 176
24 69 155
24 70 159
24 71 125
24 72 89
24 73 94
24 74 105
24 75 43
24 76 54
24 77 11
24 78 99
24 79 219
24 80 59
25 26 148
25 27 102
25 28 53
25 29 127
25 30 110
25 31 192
25 32 183
25 33 224
25 34 50
25 35 217
25 36 84
25 37 88
25 38 46
25 39 61
25 40 214
25 41 236
25 42 164
25 43 207
25 44 87
25 45 88
25 46 6
25 47 143
25 48 69
25 49 198
25 50 47
25 51 59
25 52 85
25 53 111
25 54 133
25 55 182
25 56 7
25 57 221
25 58 172
25 59 56
25 60 143
25 61 213
25 62 149
25 63 49
25 64 83
25 65 69
25 66 146
25 67 97
25 68 53
25 69 33
25 70 106
25 71 95
25 72 194
25 73 84
25 74 174
25 75 104
25 76 184
25 77 7
25 78 25
25 79 17
25 80 104
26 27 60
26 28 6
26 29 223
26 30 183
26 31 34
26 32 50
26 33 87
26 34 101
26 35 75
26 36 17
26 37 92
26 38 24
26 39 118
26 40 48
26 41 50
26 42 228
26 43 149
26 44 47
26 45 188
26 46 130
26 47 97
26 48 150
26 49 153
26 50 156
26 51 187
26 52 59
26 53 217
26 54 148
26 55 42
26 56 62
26 57 30
26 58 120
26 59 7
26 60 68
26 61 136
26 62 83
26 63 214
26 64 149
26 65 29
26 66 89
26 67 174
26 68 131
26 69 18
26 70 122
26 71 5
26 72 36
26 73 21
26 74 237
26 75 144
26 76 135
26 77 146
26 78 142
26 79 63
26 80 187
27 28 87
27 29 225
27 30 16
27 31 178
27 32 239
27 33 176
27 34 140
27 35 66
27 36 179
27 37 121
27 38 218
27 39 164
27 40 16
27 41 72
27 42 35
27 43 61
27 44 231
27 45 233
27 46 13
27 47 152
27 48 229
27 49 78
27 50 74
27 51 90
27 52 52
27 53 200
27 54 171
27 55 149
27 56 2
27 57 34
27 58 44
27 59 149
27 60 21
27 61 9
27 62 207
27 63 174
27 64 138
27 65 61
27 66 173
27 67 126
27 68 144
27 69 172
27 70 210
27 71 149
27 72 218
27 73 173
27 74 208
27 75 51
27 76 235
27 77 200
27 78 189
27 79 202
27 80 64
28 29 168
28 30 177
28 31 231
28 32 83
28 33 112
28 34 229
28 35 174
28 36 239
28 37 10
28 38 237
28 39 71
28 40 12
28 41 179
28 42 209
28 43 99
28 44 91
28 45 77
28 46 191
28 47 200
28 48 105
28 49 117
28 50 210
28 51 53
28 52 7
28 53 188
28 54 220
28 55 21
28 56 161
28 57 94
28 58 220
28 59 21
28 60 26
28 61 116
28 62 170
28 63 208
28 64 99
28 65 189
28 66 171
28 67 178
28 68 22
28 69 171
28 70 180
28 71 77
28 72 98
28 73 87
28 74 172
28 75 142
28 76 2
28 77 97
28 78 88
28 79 118
28 80 189
29 30 77
29 31 167
29 32 110
29 33 209
29 34 189
29 35 76
29 36 194
29 37 72
29 38 175
29 39 235
29 40 197
29 41 69
29 42 198
29 43 74
29 44 58
29 45 139
29 46 58
29 47 67
29 48 129
29 49 73
29 50 100
29 51 234
29 52 228
29 53 222
29 54 147
29 55 35
29 56 227
29 57 32
29 58 48
29 59 214
29 60 7
29 61 41
29 62 70
29 63 183
29 64 225
29 65 167
29 66 23
29 67 239
29 68 122
29 69 54
29 70 118
29 71 80
29 72 72
29 73 147
29 74 115
29 75 215
29 76 135
29 77 42
29 78 58
29 79 11
29 80 239
30 31 31
30 32 44
30 33 128
30 34 23
30 35 28
30 36 44
30 37 186
30 38 92
30 39 210
30 40 156
30 41 82
30 42 172
30 43 38
30 44 110
30 45 174
30 46 57
30 47 23
30 48 164
30 49 27
30 50 50
30 51 79
30 52 206
30 53 56
30 54 48
30 55 104
30 56 154
30 57 79
30 58 239
30 59 90
30 60 103
30 61 114
30 62 233
30 63 206
30 64 127
30 65 198
30 66 163
30 67 173
30 68 126
30 69 236
30 70 179
30 71 91
30 72 122
30 73 184
30 74 96
30 75 101
30 76 86
30 77 19
30 78 92
30 79 48
30 80 158
31 32 193
31 33 94
31 34 13
31 35 146
31 36 43
31 37 177
31 38 4
31 39 2
31 40 185
31 41 46
31 42 199
31 43 18
31 44 155
31 45 152
31 46 40
31 47 38
31 48 182
31 49 156
31 50 48
31 51 167
31 52 38
31 53 37
31 54 223
31 55 47
31 56 5
31 57 26
31 58 156
31 59 160
31 60 34
31 61 53
31 62 51
31 63 68
31 64 55
31 65 239
31 66 4
31 67 197
31 68 115
31 69 38
31 70 173
31 71 231
31 72 116
31 73 22
31 74 213
31 75 184
31 76 197
31 77 191
31 78 90
31 79 226
31 80 48
32 33 7
32 34 175
32 35 130
32 36 72
32 37 178
32 38 65
32 39 89
32 40 68
32 41 119
32 42 128
32 43 29
32 44 165
32 45 57
32 46 126
32 47 22
32 48 159
32 49 239
32 50 76
32 51 45
32 52 2
32 53 173
32 54 126
32 55 230
32 56 227
32 57 220
32 58 104
32 59 0
32 60 182
32 61 116
32 62 138
32 63 214
32 64 94
32 65 7
32 66 61
32 67 97
32 68 215
32 69 189
32 70 114
32 71 89
32 72 186
32 73 219
32 74 180
32 75 33
32 76 192
32 77 114
32 78 68
32 79 145
32 80 94
33 34 196
33 35 214
33 36 141
33 37 2
33 38 66
33 39 66
33 40 239
33 41 122
33 42 117
33 43 179
33 44 66
33 45 147
33 46 221
33 47 49
33 48 187
33 49 157
33 50 127
33 51 191
33 52 238
33 53 102
33 54 45
33 55 36
33 56 15
33 57 201
33 58 207
33 59 197
33 60 25
33 61 49
33 62 40
33 63 92
33 64 22
33 65 15
33 66 148
33 67 69
33 68 59
33 69 80
33 70 174
33 71 135
33 72 186
33 73 236
33 74 40
33 75 22
33 76 88
33 77 108
33 78 210
33 79 200
33 80 168
34 35 154
34 36 54
34 37 107
34 38 75
34 39 7
34 40 16
34 41 212
34 42 214
34 43 158
34 44 157
34 45 42
34 46 230
34 47 10
34 48 137
34 49 227
34 50 176
34 51 227
34 52 68
34 53 211
34 54 156
34 55 135
34 56 140
34 57 79
34 58 0
34 59 204
34 60 76
34 61 68
34 62 145
34 63 197
34 64 88
34 65 98
34 66 169
34 67 198
34 68 129
34 69 46
34 70 89
34 71 184
34 72 206
34 73 75
34 74 109
34 75 108
34 76 206
34 77 196
34 78 152
34 79 231
34 80 195
35 36 168
35 37 90
35 38 23
35 39 27
35 40 225
35 41 202
35 42 161
35 43 205
35 44 156
35 45 221
35 46 112
35 47 101
35 48 223
35 49 192
35 50 99
35 51 187
35 52 180
35 53 22
35 54 52
35 55 126
35 56 52
35 57 208
35 58 64
35 59 223
35 60 79
35 61 223
35 62 188
35 63 131
35 64 33
35 65 78
35 66 141
35 67 80
35 68 121
35 69 120
35 70 165
35 71 36
35 72 230
35 73 48
35 74 179
35 75 38
35 76 200
35 77 146
35 78 239
35 79 91
35 80 85
36 37 181
36 38 14
36 39 179
36 40 35
36 41 5
36 42 141
36 43 148
36 44 130
36 45 22
36 46 160
36 47 220
36 48 218
36 49 211
36 50 118
36 51 133
36 52 101
36 53 188
36 54 219
36 55 205
36 56 49
36 57 40
36 58 193
36 59 211
36 60 147
36 61 100
36 62 56
36 63 28
36 64 4
36 65 48
36 66 128
36 67 80
36 68 209
36 69 214
36 70 178
36 71 191
36 72 61
36 73 149
36 74 214
36 75 127
36 76 103
36 77 33
36 78 71
36 79 201
36 80 79
37 38 183
37 39 223
37 40 235
37 41 26
37 42 88
37 43 88
37 44 55
37 45 131
37 46 174
37 47 136
37 48 17
37 49 54
37 50 124
37 51 110
37 52 174
37 53 210
37 54 113
37 55 226
37 56 188
37 57 180
37 58 100
37 59 114
37 60 10
37 61 43
37 62 110
37 63 90
37 64 200
37 65 37
37 66 92
37 67 179
37 68 133
37 69 87
37 70 46
37 71 222
37 72 126
37 73 143
37 74 59
37 75 141
37 76 6
37 77 187
37 78 126
37 79 70
37 80 215
38 39 223
38 40 58
38 41 88
38 42 67
38 43 174
38 44 159
38 45 168
38 46 195
38 47 85
38 48 85
38 49 46
38 50 7
38 51 237
38 52 106
38 53 216
38 54 57
38 55 71
38 56 60
38 57 152
38 58 182
38 59 179
38 60 34
38 61 148
38 62 170
38 63 204
38 64 46
38 65 108
38 66 78
38 67 46
38 68 153
38 69 132
38 70 114
38 71 20
38 72 198
38 73 95
38 74 11
38 75 187
38 76 104
38 77 41
38 78 140
38 79 91
38 80 35
39 40 2
39 41 55
39 42 83
39 43 65
39 44 25
39 45 235
39 46 145
39 47 142
39 48 138
39 49 131
39 50 49
39 51 162
39 52 226
39 53 38
39 54 179
39 55 150
39 56 53
39 57 230
39 58 175
39 59 205
39 60 154
39 61 117
39 62 106
39 63 217
39 64 231
39 65 99
39 66 64
39 67 89
39 68 128
39 69 194
39 70 214
39 71 1
39 72 137
39 73 41
39 74 53
39 75 105
39 76 173
39 77 55
39 78 160
39 79 238
39 80 231
40 41 118
40 42 110
40 43 172
40 44 83
40 45 52
40 46 110
40 47 116
40 48 225
40 49 169
40 50 80
40 51 162
40 52 42
40 53 140
40 54 48
40 55 172
40 56 40
40 57 117
40 58 138
40 59 104
40 60 61
40 61 122
40 62 66
40 63 76
40 64 24
40 65 203
40 66 136
40 67 232
40 68 184
40 69 11
40 70 30
40 71 48
40 72 108
40 73 41
40 74 68
40 75 97
40 76 204
40 77 63
40 78 195
40 79 121
40 80 110
41 42 90
41 43 126
41 44 156
41 45 157
41 46 188
41 47 128
41 48 38
41 49 107
41 50 121
41 51 233
41 52 139
41 53 106
41 54 11
41 55 119
41 56 182
41 57 187
41 58 171
41 59 217
41 60 90
41 61 34
41 62 128
41 63 74
41 64 7
41 65 144
41 66 226
41 67 131
41 68 171
41 69 16
41 70 34
41 71 197
41 72 168
41 73 224
41 74 221
41 75 65
41 76 21
41 77 148
41 78 199
41 79 160
41 80 231
42 43 104
42 44 17
42 45 140
42 46 192
42 47 237
42 48 37
42 49 112
42 50 58
42 51 109
42 52 72
42 53 175
42 54 232
42 55 145
42 56 150
42 57 162
42 58 63
42 59 114
42 60 141
42 61 209
42 62 31
42 63 80
42 64 237
42 65 239
42 66 209
42 67 72
42 68 168
42 69 41
42 70 69
42 71 183
42 72 1
42 73 193
42 74 40
42 75 18
42 76 107
42 77 55
42 78 78
42 79 46
42 80 230
43 44 186
43 45 191
43 46 167
43 47 80
43 48 117
43 49 12
43 50 155
43 51 98
43 52 234
43 53 98
43 54 82
43 55 31
43 56 233
43 57 233
43 58 46
43 59 142
43 60 202
43 61 52
43 62 89
43 63 68
43 64 174
43 65 179
43 66 144
43 67 167
43 68 119
43 69 14
43 70 208
43 71 69
43 72 17
43 73 15
43 74 88
43 75 39
43 76 113
43 77 13
43 78 138
43 79 72
43 80 211
44 45 186
44 46 219
44 47 93
44 48 199
44 49 197
44 50 77
44 51 165
44 52 125
44 53 13
44 54 105
44 55 133
44 56 113
44 57 23
44 58 110
44 59 172
44 60 144
44 61 148
44 62 183
44 63 129
44 64 104
44 65 74
44 66 71
44 67 170
44 68 73
44 69 176
44 70 60
44 71 188
44 72 105
44 73 141
44 74 96
44 75 83
44 76 203
44 77 115
44 78 81
44 79 227
44 80 102
45 46 222
45 47 90
45 48 29
45 49 50
45 50 89
45 51 175
45 52 29
45 53 232
45 54 60
45 55 103
45 56 86
45 57 100
45 58 212
45 59 3
45 60 2
45 61 68
45 62 202
45 63 195
45 64 145
45 65 115
45 66 236
45 67 131
45 68 109
45 69 140
45 70 141
45 71 26
45 72 81
45 73 199
45 74 18
45 75 153
45 76 21
45 77 31
45 78 69
45 79 80
45 80 74
46 47 35
46 48 194
46 49 75
46 50 132
46 51 201
46 52 175
46 53 62
46 54 66
46 55 4
46 56 177
46 57 99
46 58 186
46 59 27
46 60 16
46 61 95
46 62 67
46 63 37
46 64 198
46 65 171
46 66 109
46 67 94
46 68 105
46 69 35
46 70 188
46 71 74
46 72 120
46 73 37
46 74 69
46 75 149
46 76 104
46 77 237
46 78 136
46 79 140
46 80 53
47 48 200
47 49 38
47 50 104
47 51 71
47 52 128
47 53 25
47 54 91
47 55 175
47 56 25
47 57 169
47 58 228
47 59 72
47 60 199
47 61 65
47 62 118
47 63 39
47 64 79
47 65 144
47 66 33
47 67 122
47 68 86
47 69 103
47 70 47
47 71 230
47 72 236
47 73 57
47 74 208
47 75 118
47 76 29
47 77 19
47 78 47
47 79 214
47 80 79
48 49 4
48 50 160
48 51 126
48 52 103
48 53 92
48 54 41
48 55 14
48 56 168
48 57 5
48 58 88
48 59 64
48 60 174
48 61 146
48 62 42
48 63 5
48 64 227
48 65 125
48 66 161
48 67 34
48 68 115
48 69 107
48 70 96
48 71 224
48 72 164
48 73 232
48 74 84
48 75 56
48 76 235
48 77 187
48 78 203
48 79 190
48 80 94
49 50 66
49 51 179
49 52 78
49 53 224
49 54 7
49 55 74
49 56 200
49 57 13
49 58 182
49 59 204
49 60 208
49 61 12
49 62 185
49 63 61
49 64 19
49 65 224
49 66 42
49 67 95
49 68 112
49 69 233
49 70 0
49 71 9
49 72 42
49 73 148
49 74 34
49 75 189
49 76 171
49 77 204
49 78 199
49 79 46
49 80 88
50 51 7
50 52 15
50 53 45
50 54 156
50 55 95
50 56 74
50 57 118
50 58 152
50 59 173
50 60 32
50 61 237
50 62 97
50 63 191
50 64 224
50 65 188
50 66 9
50 67 200
50 68 182
50 69 230
50 70 29
50 71 184
50 72 13
50 73 28
50 74 149
50 75 120
50 76 63
50 77 126
50 78 69
50 79 218
50 80 162
51 52 110
51 53 13
51 54 173
51 55 78
51 56 210
51 57 32
51 58 91
51 59 161
51 60 120
51 61 130
51 62 18
51 63 195
51 64 201
51 65 87
51 66 88
51 67 181
51 68 11
51 69 231
51 70 51
51 71 166
51 72 35
51 73 3
51 74 222
51 75 77
51 76 194
51 77 67
51 78 96
51 79 169
51 80 133
52 53 197
52 54 53
52 55 208
52 56 221
52 57 201
52 58 171
52 59 203
52 60 52
52 61 206
52 62 111
52 63 123
52 64 15
52 65 34
52 66 225
52 67 124
52 68 45
52 69 61
52 70 93
52 71 30
52 72 192
52 73 106
52 74 99
52 75 130
52 76 30
52 77 165
52 78 203
52 79 7
52 80 96
53 54 203
53 55 136
53 56 119
53 57 202
53 58 126
53 59 6
53 60 135
53 61 25
53 62 34
53 63 71
53 64 207
53 65 10
53 66 193
53 67 233
53 68 104
53 69 40
53 70 82
53 71 85
53 72 218
53 73 80
53 74 187
53 75 134
53 76 84
53 77 219
53 78 134
53 79 8
53 80 115
54 55 61
54 56 72
54 57 84
54 58 160
54 59 87
54 60 44
54 61 28
54 62 67
54 63 229
54 64 69
54 65 146
54 66 234
54 67 25
54 68 27
54 69 124
54 70 163
54 71 149
54 72 168
54 73 228
54 74 202
54 75 40
54 76 9
54 77 81
54 78 165
54 79 35
54 80 92
55 56 165
55 57 22
55 58 62
55 59 66
55 60 215
55 61 126
55 62 5
55 63 93
55 64 154
55 65 222
55 66 36
55 67 7
55 68 85
55 69 73
55 70 29
55 71 99
55 72 118
55 73 109
55 74 79
55 75 165
55 76 182
55 77 91
55 78 140
55 79 103
55 80 34
56 57 121
56 58 66
56 59 174
56 60 142
56 61 105
56 62 63
56 63 136
56 64 133
56 65 74
56 66 197
56 67 170
56 68 60
56 69 147
56 70 231
56 71 200
56 72 185
56 73 31
56 74 175
56 75 203
56 76 91
56 77 27
56 78 57
56 79 175
56 80 139
57 58 146
57 59 224
57 60 150
57 61 78
57 62 30
57 63 233
57 64 112
57 65 179
57 66 204
57 67 88
57 68 228
57 69 53
57 70 51
57 71 97
57 72 90
57 73 182
57 74 153
57 75 186
57 76 195
57 77 103
57 78 137
57 79 216
57 80 19
58 59 188
58 60 196
58 61 45
58 62 167
58 63 95
58 64 28
58 65 49
58 66 53
58 67 221
58 68 122
58 69 225
58 70 115
58 71 91
58 72 75
58 73 112
58 74 238
58 75 191
58 76 194
58 77 93
58 78 137
58 79 29
58 80 0
59 60 103
59 61 33
59 62 162
59 63 0
59 64 126
59 65 132
59 66 125
59 67 153
59 68 81
59 69 67
59 70 228
59 71 232
59 72 27
59 73 60
59 74 69
59 75 118
59 76 203
59 77 61
59 78 109
59 79 172
59 80 118
60 61 17
60 62 149
60 63 125
60 64 166
60 65 78
60 66 34
60 67 233
60 68 174
60 69 105
60 70 199
60 71 146
60 72 77
60 73 171
60 74 208
60 75 93
60 76 20
60 77 184
60 78 52
60 79 201
60 80 190
61 62 124
61 63 112
61 64 145
61 65 210
61 66 143
61 67 40
61 68 143
61 69 29
61 70 55
61 71 80
61 72 84
61 73 226
61 74 13
61 75 234
61 76 177
61 77 88
61 78 140
61 79 192
61 80 172
62 63 119
62 64 216
62 65 50
62 66 42
62 67 63
62 68 132
62 69 16
62 70 11
62 71 10
62 72 200
62 73 187
62 74 147
62 75 128
62 76 157
62 77 221
62 78 8
62 79 125
62 80 115
63 64 89
63 65 165
63 66 169
63 67 123
63 68 221
63 69 94
63 70 97
63 71 123
63 72 106
63 73 186
63 74 227
63 75 52
63 76 186
63 77 43
63 78 143
63 79 146
63 80 159
64 65 158
64 66 157
64 67 187
64 68 21
64 69 53
64 70 161
64 71 66
64 72 153
64 73 152
64 74 224
64 75 62
64 76 147
64 77 135
64 78 27
64 79 42
64 80 216
65 66 51
65 67 130
65 68 68
65 69 131
65 70 58
65 71 125
65 72 127
65 73 10
65 74 169
65 75 155
65 76 174
65 77 89
65 78 216
65 79 37
65 80 165
66 67 238
66 68 77
66 69 233
66 70 198
66 71 148
66 72 147
66 73 15
66 74 174
66 75 146
66 76 72
66 77 79
66 78 111
66 79 106
66 80 228
67 68 113
67 69 71
67 70 26
67 71 230
67 72 37
67 73 213
67 74 107
67 75 190
67 76 9
67 77 93
67 78 205
67 79 232
67 80 229
68 69 157
68 70 30
68 71 174
68 72 8
68 73 26
68 74 21
68 75 13
68 76 232
68 77 53
68 78 168
68 79 19
68 80 187
69 70 144
69 71 48
69 72 39
69 73 77
69 74 65
69 75 136
69 76 105
69 77 41
69 78 111
69 79 66
69 80 62
70 71 61
70 72 184
70 73 29
70 74 113
70 75 177
70 76 158
70 77 87
70 78 221
70 79 204
70 80 224
71 72 14
71 73 173
71 74 90
71 75 239
71 76 181
71 77 154
71 78 105
71 79 138
71 80 70
72 73 201
72 74 235
72 75 183
72 76 5
72 77 129
72 78 84
72 79 219
72 80 8
73 74 172
73 75 207
73 76 72
73 77 165
73 78 91
73 79 18
73 80 188
74 75 192
74 76 77
74 77 89
74 78 126
74 79 131
74 80 68
75 76 179
75 77 19
75 78 75
75 79 97
75 80 89
76 77 98
76 78 29
76 79 182
76 80 3
77 78 28
77 79 93
77 80 129
78 79 60
78 80 9
79 80 33
