90 4005
1 2 265
1 3 125
1 4 15
1 5 123
1 6 156
1 7 221
1 8 8
1 9 73
1 10 256
1 11 40
1 12 16
1 13 239
1 14 54
1 15 122
1 16 62
1 17 33
1 18 200
1 19 177
1 20 179
1 21 54
1 22 77
1 23 13
1 24 243
1 25 141
1 26 158
1 27 89
1 28 140
1 29 31
1 30 18
1 31 93
1 32 77
1 33 94
1 34 248
1 35 156
1 36 74
1 37 216
1 38 15
1 39 18
1 40 118
1 41 71
1 42 145
1 43 135
1 44 203
1 45 250
1 46 44
1 47 133
1 48 4
1 49 71
1 50 182
1 51 143
1 52 134
1 53 246
1 54 85
1 55 234
1 56 150
1 57 11
1 58 112
1 59 268
1 60 220
1 61 62
1 62 185
1 63 79
1 64 232
1 65 42
1 66 237
1 67 235
1 68 45
1 69 201
1 70 165
1 71 128
1 72 23
1 73 3
1 74 112
1 75 14
1 76 51
1 77 79
1 78 243
1 79 178
1 80 53
1 81 234
1 82 233
1 83 41
1 84 90
1 85 268
1 86 209
1 87 144
1 88 128
1 89 159
1 90 201
2 3 244
2 4 254
2 5 22
2 6 96
2 7 67
2 8 95
2 9 82
2 10 62
2 11 246
2 12 77
2 13 48
2 14 237
2 15 115
2 16 267
2 17 95
2 18 171
2 19 224
2 20 229
2 21 73
2 22 168
2 23 235
2 24 71
2 25 136
2 26 213
2 27 255
2 28 30
2 29 123
2 30 153
2 31 206
2 32 213
2 33 13
2 34 169
2 35 4
2 36 215
2 37 28
2 38 39
2 39 103
2 40 265
2 41 263
2 42 150
2 43 32
2 44 259
2 45 9
2 46 180
2 47 196
2 48 158
2 49 137
2 50 258
2 51 115
2 52 141
2 53 133
2 54 221
2 55 162
2 56 168
2 57 46
2 58 86
2 59 186
2 60 18
2 61 44
2 62 205
2 63 18
2 64 83
2 65 165
2 66 103
2 67 143
2 68 55
2 69 9
2 70 0
2 71 44
2 72 117
2 73 42
2 74 201
2 75 44
2 76 251
2 77 40
2 78 144
2 79 209
2 80 39
2 81 49
2 82 127
2 83 206
2 84 21
2 85 3
2 86 204
2 87 145
2 88 178
2 89 51
2 90 148
3 4 5
3 5 247
3 6 198
3 7 189
3 8 232
3 9 202
3 10 132
3 11 85
3 12 201
3 13 120
3 14 112
3 15 267
3 16 41
3 17 19
3 18 189
3 19 36
3 20 0
3 21 251
3 22 158
3 23 85
3 24 104
3 25 269
3 26 246
3 27 224
3 28 165
3 29 207
3 30 187
3 31 20
3 32 89
3 33 124
3 34 256
3 35 63
3 36 258
3 37 30
3 38 17
3 39 198
3 40 86
3 41 29
3 42 106
3 43 199
3 44 128
3 45 251
3 46 87
3 47 250
3 48 208
3 49 2
3 50 162
3 51 58
3 52 138
3 53 79
3 54 248
3 55 219
3 56 144
3 57 5
3 58 63
3 59 170
3 60 185
3 61 135
3 62 224
3 63 38
3 64 48
3 65 155
3 66 177
3 67 265
3 68 113
3 69 23
3 70 147
3 71 48
3 72 225
3 73 75
3 74 93
3 75 156
3 76 101
3 77 212
3 78 149
3 79 212
3 80 227
3 81 174
3 82 148
3 83 130
3 84 226
3 85 268
3 86 205
3 87 66
3 88 37
3 89 159
3 90 209
4 5 55
4 6 74
4 7 248
4 8 15
4 9 38
4 10 49
4 11 130
4 12 225
4 13 29
4 14 25
4 15 15
4 16 182
4 17 99
4 18 184
4 19 41
4 20 26
4 21 8
4 22 160
4 23 214
4 24 14
4 25 111
4 26 165
4 27 111
4 28 62
4 29 67
4 30 14
4 31 165
4 32 108
4 33 178
4 34 14
4 35 81
4 36 10
4 37 129
4 38 28
4 39 58
4 40 266
4 41 247
4 42 11
4 43 210
4 44 162
4 45 119
4 46 139
4 47 46
4 48 164
4 49 63
4 50 247
4 51 3
4 52 59
4 53 249
4 54 162
4 55 149
4 56 146
4 57 61
4 58 182
4 59 122
4 60 83
4 61 71
4 62 144
4 63 166
4 64 155
4 65 215
4 66 98
4 67 89
4 68 245
4 69 241
4 70 144
4 71 82
4 72 147
4 73 241
4 74 114
4 75 50
4 76 136
4 77 117
4 78 200
4 79 88
4 80 232
4 81 154
4 82 118
4 83 154
4 84 129
4 85 216
4 86 141
4 87 189
4 88 111
4 89 81
4 90 70
5 6 253
5 7 107
5 8 229
5 9 258
5 10 95
5 11 238
5 12 4
5 13 58
5 14 128
5 15 109
5 16 236
5 17 231
5 18 133
5 19 257
5 20 227
5 21 86
5 22 0
5 23 199
5 24 0
5 25 26
5 26 29
5 27 257
5 28 156
5 29 243
5 30 114
5 31 259
5 32 228
5 33 98
5 34 91
5 35 54
5 36 136
5 37 10
5 38 105
5 39 185
5 40 215
5 41 72
5 42 48
5 43 170
5 44 21
5 45 215
5 46 110
5 47 229
5 48 227
5 49 160
5 50 151
5 51 215
5 52 224
5 53 96
5 54 125
5 55 130
5 56 15
5 57 97
5 58 51
5 59 69
5 60 164
5 61 202
5 62 28
5 63 200
5 64 3
5 65 76
5 66 186
5 67 65
5 68 82
5 69 24
5 70 115
5 71 21
5 72 182
5 73 147
5 74 3
5 75 111
5 76 98
5 77 169
5 78 14
5 79 201
5 80 71
5 81 166
5 82 112
5 83 97
5 84 47
5 85 159
5 86 98
5 87 220
5 88 20
5 89 265
5 90 165
6 7 98
6 8 262
6 9 158
6 10 67
6 11 198
6 12 184
6 13 269
6 14 266
6 15 60
6 16 127
6 17 126
6 18 33
6 19 128
6 20 56
6 21 164
6 22 102
6 23 5
6 24 183
6 25 257
6 26 201
6 27 141
6 28 7
6 29 10
6 30 238
6 31 254
6 32 166
6 33 265
6 34 186
6 35 161
6 36 67
6 37 254
6 38 175
6 39 231
6 40 258
6 41 108
6 42 23
6 43 237
6 44 56
6 45 87
6 46 132
6 47 78
6 48 99
6 49 214
6 50 103
6 51 260
6 52 215
6 53 255
6 54 59
6 55 35
6 56 66
6 57 185
6 58 186
6 59 256
6 60 180
6 61 135
6 62 122
6 63 157
6 64 42
6 65 242
6 66 208
6 67 242
6 68 7
6 69 160
6 70 84
6 71 268
6 72 80
6 73 245
6 74 102
6 75 100
6 76 37
6 77 72
6 78 237
6 79 30
6 80 69
6 81 167
6 82 96
6 83 185
6 84 263
6 85 19
6 86 119
6 87 15
6 88 214
6 89 116
6 90 161
7 8 254
7 9 66
7 10 152
7 11 83
7 12 19
7 13 63
7 14 197
7 15 117
7 16 123
7 17 35
7 18 94
7 19 246
7 20 251
7 21 260
7 22 127
7 23 140
7 24 90
7 25 58
7 26 252
7 27 190
7 28 170
7 29 38
7 30 174
7 31 18
7 32 259
7 33 33
7 34 73
7 35 36
7 36 169
7 37 119
7 38 259
7 39 231
7 40 12
7 41 110
7 42 49
7 43 221
7 44 57
7 45 48
7 46 117
7 47 194
7 48 118
7 49 192
7 50 229
7 51 66
7 52 8
7 53 77
7 54 182
7 55 21
7 56 193
7 57 240
7 58 39
7 59 42
7 60 116
7 61 33
7 62 248
7 63 14
7 64 235
7 65 76
7 66 9
7 67 156
7 68 34
7 69 204
7 70 201
7 71 163
7 72 85
7 73 199
7 74 137
7 75 12
7 76 5
7 77 72
7 78 184
7 79 37
7 80 246
7 81 262
7 82 49
7 83 65
7 84 181
7 85 97
7 86 221
7 87 114
7 88 176
7 89 216
7 90 130
8 9 156
8 10 175
8 11 19
8 12 258
8 13 115
8 14 202
8 15 245
8 16 163
8 17 135
8 18 200
8 19 92
8 20 62
8 21 187
8 22 54
8 23 23
8 24 134
8 25 138
8 26 197
8 27 57
8 28 144
8 29 100
8 30 238
8 31 147
8 32 118
8 33 231
8 34 19
8 35 68
8 36 141
8 37 149
8 38 171
8 39 111
8 40 195
8 41 216
8 42 170
8 43 132
8 44 51
8 45 53
8 46 206
8 47 237
8 48 14
8 49 233
8 50 199
8 51 45
8 52 116
8 53 118
8 54 3
8 55 193
8 56 10
8 57 62
8 58 99
8 59 54
8 60 147
8 61 223
8 62 243
8 63 73
8 64 99
8 65 250
8 66 116
8 67 1
8 68 224
8 69 8
8 70 242
8 71 88
8 72 132
8 73 75
8 74 205
8 75 249
8 76 178
8 77 253
8 78 79
8 79 247
8 80 70
8 81 183
8 82 140
8 83 150
8 84 236
8 85 215
8 86 101
8 87 175
8 88 122
8 89 198
8 90 135
9 10 59
9 11 155
9 12 140
9 13 164
9 14 42
9 15 95
9 16 236
9 17 257
9 18 153
9 19 235
9 20 159
9 21 78
9 22 133
9 23 14
9 24 115
9 25 146
9 26 240
9 27 37
9 28 262
9 29 111
9 30 158
9 31 239
9 32 249
9 33 169
9 34 140
9 35 231
9 36 57
9 37 23
9 38 9
9 39 82
9 40 91
9 41 90
9 42 8
9 43 196
9 44 226
9 45 91
9 46 6
9 47 105
9 48 238
9 49 84
9 50 176
9 51 206
9 52 236
9 53 236
9 54 73
9 55 106
9 56 34
9 57 255
9 58 141
9 59 213
9 60 136
9 61 13
9 62 122
9 63 215
9 64 199
9 65 160
9 66 135
9 67 180
9 68 204
9 69 30
9 70 116
9 71 76
9 72 26
9 73 113
9 74 197
9 75 268
9 76 224
9 77 221
9 78 256
9 79 51
9 80 248
9 81 38
9 82 184
9 83 173
9 84 140
9 85 107
9 86 108
9 87 55
9 88 15
9 89 41
9 90 167
10 11 264
10 12 237
10 13 152
10 14 20
10 15 144
10 16 166
10 17 92
10 18 40
10 19 161
10 20 128
10 21 206
10 22 206
10 23 52
10 24 194
10 25 50
10 26 30
10 27 111
10 28 182
10 29 187
10 30 192
10 31 257
10 32 211
10 33 200
10 34 116
10 35 3
10 36 164
10 37 129
10 38 133
10 39 42
10 40 24
10 41 207
10 42 26
10 43 36
10 44 197
10 45 177
10 46 210
10 47 232
10 48 210
10 49 122
10 50 15
10 51 251
10 52 36
10 53 186
10 54 157
10 55 170
10 56 138
10 57 80
10 58 42
10 59 178
10 60 256
10 61 30
10 62 215
10 63 66
10 64 85
10 65 229
10 66 1
10 67 88
10 68 172
10 69 2
10 70 151
10 71 14
10 72 152
10 73 230
10 74 49
10 75 164
10 76 22
10 77 59
10 78 49
10 79 20
10 80 91
10 81 111
10 82 4
10 83 57
10 84 22
10 85 98
10 86 210
10 87 100
10 88 40
10 89 24
10 90 104
11 12 259
11 13 60
11 14 137
11 15 83
11 16 208
11 17 3
11 18 156
11 19 47
11 20 160
11 21 51
11 22 259
11 23 174
11 24 192
11 25 242
11 26 200
11 27 172
11 28 122
11 29 37
11 30 13
11 31 157
11 32 46
11 33 68
11 34 147
11 35 139
11 36 54
11 37 170
11 38 100
11 39 177
11 40 216
11 41 14
11 42 76
11 43 154
11 44 40
11 45 227
11 46 251
11 47 138
11 48 211
11 49 250
11 50 51
11 51 8
11 52 134
11 53 110
11 54 88
11 55 72
11 56 121
11 57 9
11 58 187
11 59 104
11 60 226
11 61 202
11 62 161
11 63 103
11 64 142
11 65 179
11 66 78
11 67 122
11 68 268
11 69 103
11 70 266
11 71 188
11 72 206
11 73 141
11 74 39
11 75 241
11 76 256
11 77 83
11 78 3
11 79 178
11 80 61
11 81 118
11 82 23
11 83 223
11 84 127
11 85 181
11 86 198
11 87 57
11 88 161
11 89 199
11 90 137
12 13 33
12 14 32
12 15 159
12 16 258
12 17 214
12 18 200
12 19 21
12 20 103
12 21 209
12 22 39
12 23 177
12 24 93
12 25 149
12 26 129
12 27 222
12 28 50
12 29 261
12 30 254
12 31 73
12 32 93
12 33 265
12 34 11
12 35 159
12 36 157
12 37 259
12 38 152
12 39 238
12 40 114
12 41 147
12 42 3
12 43 237
12 44 68
12 45 194
12 46 47
12 47 155
12 48 228
12 49 247
12 50 228
12 51 9
12 52 43
12 53 240
12 54 94
12 55 132
12 56 245
12 57 76
12 58 79
12 59 176
12 60 229
12 61 252
12 62 13
12 63 59
12 64 175
12 65 269
12 66 139
12 67 124
12 68 187
12 69 118
12 70 137
12 71 236
12 72 161
12 73 49
12 74 237
12 75 163
12 76 128
12 77 20
12 78 28
12 79 71
12 80 68
12 81 112
12 82 150
12 83 71
12 84 180
12 85 80
12 86 39
12 87 152
12 88 73
12 89 169
12 90 181
13 14 62
13 15 111
13 16 196
13 17 22
13 18 257
13 19 210
13 20 99
13 21 232
13 22 137
13 23 190
13 24 122
13 25 45
13 26 185
13 27 80
13 28 32
13 29 29
13 30 179
13 31 179
13 32 246
13 33 75
13 34 83
13 35 169
13 36 43
13 37 214
13 38 52
13 39 206
13 40 16
13 41 53
13 42 18
13 43 156
13 44 83
13 45 121
13 46 204
13 47 266
13 48 19
13 49 162
13 50 144
13 51 187
13 52 119
13 53 153
13 54 145
13 55 234
13 56 86
13 57 146
13 58 128
13 59 117
13 60 257
13 61 75
13 62 171
13 63 150
13 64 109
13 65 250
13 66 164
13 67 223
13 68 111
13 69 157
13 70 193
13 71 62
13 72 151
13 73 161
13 74 218
13 75 6
13 76 158
13 77 7
13 78 241
13 79 13
13 80 127
13 81 251
13 82 105
13 83 63
13 84 226
13 85 198
13 86 133
13 87 63
13 88 54
13 89 119
13 90 118
14 15 110
14 16 124
14 17 63
14 18 229
14 19 7
14 20 203
14 21 243
14 22 186
14 23 264
14 24 201
14 25 257
14 26 30
14 27 127
14 28 49
14 29 140
14 30 20
14 31 255
14 32 234
14 33 198
14 34 83
14 35 166
14 36 40
14 37 228
14 38 118
14 39 82
14 40 268
14 41 85
14 42 241
14 43 106
14 44 38
14 45 251
14 46 224
14 47 260
14 48 222
14 49 124
14 50 46
14 51 51
14 52 249
14 53 241
14 54 170
14 55 7
14 56 200
14 57 193
14 58 71
14 59 23
14 60 154
14 61 178
14 62 16
14 63 107
14 64 73
14 65 71
14 66 87
14 67 146
14 68 65
14 69 171
14 70 157
14 71 89
14 72 227
14 73 34
14 74 231
14 75 53
14 76 13
14 77 5
14 78 109
14 79 126
14 80 38
14 81 2
14 82 231
14 83 9
14 84 178
14 85 133
14 86 71
14 87 112
14 88 218
14 89 256
14 90 125
15 16 215
15 17 86
15 18 194
15 19 65
15 20 216
15 21 86
15 22 57
15 23 268
15 24 157
15 25 15
15 26 188
15 27 2
15 28 187
15 29 135
15 30 255
15 31 243
15 32 32
15 33 17
15 34 98
15 35 73
15 36 28
15 37 137
15 38 223
15 39 107
15 40 161
15 41 11
15 42 6
15 43 215
15 44 59
15 45 168
15 46 131
15 47 214
15 48 225
15 49 259
15 50 91
15 51 132
15 52 161
15 53 51
15 54 229
15 55 250
15 56 68
15 57 148
15 58 161
15 59 114
15 60 137
15 61 93
15 62 100
15 63 21
15 64 142
15 65 220
15 66 2
15 67 204
15 68 178
15 69 92
15 70 21
15 71 152
15 72 204
15 73 2
15 74 244
15 75 221
15 76 205
15 77 62
15 78 21
15 79 214
15 80 92
15 81 241
15 82 251
15 83 267
15 84 253
15 85 222
15 86 52
15 87 102
15 88 1
15 89 106
15 90 192
16 17 0
16 18 48
16 19 193
16 20 242
16 21 56
16 22 59
16 23 139
16 24 237
16 25 79
16 26 198
16 27 200
16 28 124
16 29 170
16 30 47
16 31 74
16 32 156
16 33 161
16 34 268
16 35 159
16 36 218
16 37 128
16 38 205
16 39 84
16 40 228
16 41 81
16 42 159
16 43 129
16 44 164
16 45 242
16 46 221
16 47 45
16 48 106
16 49 206
16 50 148
16 51 106
16 52 0
16 53 118
16 54 51
16 55 178
16 56 228
16 57 114
16 58 112
16 59 229
16 60 38
16 61 4
16 62 45
16 63 267
16 64 64
16 65 235
16 66 123
16 67 164
16 68 86
16 69 24
16 70 236
16 71 213
16 72 38
16 73 61
16 74 6
16 75 220
16 76 103
16 77 51
16 78 87
16 79 143
16 80 87
16 81 29
16 82 65
16 83 206
16 84 169
16 85 156
16 86 262
16 87 88
16 88 60
16 89 101
16 90 123
17 18 211
17 19 122
17 20 261
17 21 251
17 22 192
17 23 131
17 24 64
17 25 231
17 26 95
17 27 218
17 28 237
17 29 268
17 30 148
17 31 267
17 32 229
17 33 167
17 34 101
17 35 50
17 36 165
17 37 116
17 38 109
17 39 31
17 40 24
17 41 61
17 42 149
17 43 239
17 44 108
17 45 255
17 46 1
17 47 86
17 48 185
17 49 82
17 50 186
17 51 249
17 52 226
17 53 107
17 54 244
17 55 254
17 56 150
17 57 6
17 58 165
17 59 5
17 60 84
17 61 234
17 62 118
17 63 233
17 64 268
17 65 2
17 66 2
17 67 86
17 68 2
17 69 184
17 70 60
17 71 141
17 72 11
17 73 91
17 74 38
17 75 242
17 76 201
17 77 123
17 78 227
17 79 101
17 80 239
17 81 185
17 82 127
17 83 190
17 84 154
17 85 255
17 86 83
17 87 226
17 88 82
17 89 62
17 90 89
18 19 165
18 20 13
18 21 120
18 22 266
18 23 79
18 24 157
18 25 227
18 26 238
18 27 117
18 28 62
18 29 95
18 30 83
18 31 23
18 32 82
18 33 232
18 34 100
18 35 14
18 36 206
18 37 260
18 38 138
18 39 52
18 40 234
18 41 149
18 42 186
18 43 24
18 44 6
18 45 238
18 46 147
18 47 25
18 48 146
18 49 261
18 50 221
18 51 82
18 52 260
18 53 45
18 54 55
18 55 107
18 56 162
18 57 109
18 58 229
18 59 73
18 60 3
18 61 81
18 62 46
18 63 9
18 64 265
18 65 38
18 66 10
18 67 101
18 68 127
18 69 84
18 70 142
18 71 12
18 72 155
18 73 30
18 74 244
18 75 2
18 76 67
18 77 99
18 78 54
18 79 72
18 80 126
18 81 101
18 82 26
18 83 64
18 84 7
18 85 180
18 86 34
18 87 171
18 88 67
18 89 85
18 90 40
19 20 37
19 21 259
19 22 186
19 23 35
19 24 118
19 25 258
19 26 266
19 27 66
19 28 144
19 29 217
19 30 1
19 31 81
19 32 246
19 33 247
19 34 187
19 35 256
19 36 198
19 37 202
19 38 167
19 39 36
19 40 6
19 41 21
19 42 135
19 43 125
19 44 205
19 45 157
19 46 209
19 47 39
19 48 186
19 49 19
19 50 109
19 51 23
19 52 69
19 53 93
19 54 177
19 55 201
19 56 32
19 57 99
19 58 158
19 59 204
19 60 88
19 61 220
19 62 158
19 63 61
19 64 44
19 65 57
19 66 217
19 67 43
19 68 120
19 69 206
19 70 4
19 71 108
19 72 11
19 73 181
19 74 162
19 75 162
19 76 94
19 77 247
19 78 32
19 79 82
19 80 29
19 81 133
19 82 243
19 83 65
19 84 8
19 85 248
19 86 220
19 87 71
19 88 26
19 89 221
19 90 8
20 21 73
20 22 9
20 23 113
20 24 208
20 25 204
20 26 259
20 27 30
20 28 213
20 29 100
20 30 89
20 31 238
20 32 24
20 33 60
20 34 238
20 35 205
20 36 203
20 37 194
20 38 159
20 39 30
20 40 212
20 41 242
20 42 109
20 43 260
20 44 74
20 45 9
20 46 134
20 47 222
20 48 84
20 49 257
20 50 258
20 51 149
20 52 10
20 53 227
20 54 188
20 55 106
20 56 106
20 57 244
20 58 148
20 59 146
20 60 257
20 61 248
20 62 41
20 63 227
20 64 104
20 65 128
20 66 44
20 67 184
20 68 99
20 69 6
20 70 23
20 71 122
20 72 186
20 73 12
20 74 157
20 75 163
20 76 253
20 77 194
20 78 200
20 79 12
20 80 119
20 81 203
20 82 131
20 83 140
20 84 44
20 85 211
20 86 251
20 87 124
20 88 94
20 89 100
20 90 209
21 22 159
21 23 185
21 24 198
21 25 63
21 26 257
21 27 199
21 28 252
21 29 5
21 30 50
21 31 120
21 32 90
21 33 144
21 34 227
21 35 187
21 36 217
21 37 15
21 38 170
21 39 63
21 40 17
21 41 257
21 42 120
21 43 11
21 44 228
21 45 86
21 46 41
21 47 144
21 48 75
21 49 111
21 50 233
21 51 112
21 52 170
21 53 146
21 54 34
21 55 173
21 56 17
21 57 153
21 58 203
21 59 18
21 60 48
21 61 55
21 62 71
21 63 131
21 64 243
21 65 211
21 66 109
21 67 14
21 68 196
21 69 112
21 70 120
21 71 232
21 72 215
21 73 39
21 74 60
21 75 85
21 76 130
21 77 127
21 78 234
21 79 158
21 80 77
21 81 265
21 82 211
21 83 24
21 84 89
21 85 103
21 86 72
21 87 123
21 88 208
21 89 201
21 90 266
22 23 89
22 24 143
22 25 116
22 26 70
22 27 113
22 28 51
22 29 4
22 30 158
22 31 93
22 32 78
22 33 242
22 34 138
22 35 164
22 36 118
22 37 269
22 38 153
22 39 131
22 40 203
22 41 184
22 42 184
22 43 240
22 44 72
22 45 212
22 46 258
22 47 146
22 48 195
22 49 251
22 50 75
22 51 46
22 52 39
22 53 191
22 54 150
22 55 96
22 56 78
22 57 223
22 58 192
22 59 103
22 60 11
22 61 130
22 62 249
22 63 148
22 64 209
22 65 69
22 66 187
22 67 214
22 68 72
22 69 135
22 70 91
22 71 116
22 72 202
22 73 46
22 74 26
22 75 83
22 76 209
22 77 41
22 78 44
22 79 1
22 80 21
22 81 69
22 82 160
22 83 33
22 84 7
22 85 135
22 86 72
22 87 221
22 88 68
22 89 172
22 90 180
23 24 258
23 25 4
23 26 22
23 27 19
23 28 86
23 29 193
23 30 123
23 31 59
23 32 261
23 33 112
23 34 202
23 35 62
23 36 19
23 37 244
23 38 262
23 39 177
23 40 77
23 41 155
23 42 23
23 43 135
23 44 255
23 45 49
23 46 117
23 47 269
23 48 21
23 49 254
23 50 78
23 51 51
23 52 112
23 53 201
23 54 154
23 55 117
23 56 184
23 57 13
23 58 166
23 59 69
23 60 74
23 61 75
23 62 41
23 63 50
23 64 184
23 65 14
23 66 135
23 67 259
23 68 10
23 69 129
23 70 11
23 71 64
23 72 151
23 73 78
23 74 227
23 75 207
23 76 175
23 77 265
23 78 51
23 79 39
23 80 71
23 81 214
23 82 210
23 83 73
23 84 202
23 85 202
23 86 43
23 87 49
23 88 76
23 89 192
23 90 79
24 25 198
24 26 61
24 27 46
24 28 244
24 29 227
24 30 197
24 31 147
24 32 115
24 33 64
24 34 183
24 35 157
24 36 62
24 37 74
24 38 12
24 39 167
24 40 96
24 41 170
24 42 43
24 43 195
24 44 32
24 45 207
24 46 129
24 47 25
24 48 215
24 49 46
24 50 185
24 51 48
24 52 149
24 53 33
24 54 171
24 55 46
24 56 177
24 57 173
24 58 77
24 59 100
24 60 141
24 61 259
24 62 25
24 63 255
24 64 239
24 65 169
24 66 159
24 67 4
24 68 54
24 69 168
24 70 99
24 71 220
24 72 184
24 73 251
24 74 249
24 75 97
24 76 114
24 77 227
24 78 257
24 79 262
24 80 240
24 81 242
24 82 224
24 83 153
24 84 122
24 85 42
24 86 15
24 87 231
24 88 213
24 89 6
24 90 121
25 26 139
25 27 87
25 28 160
25 29 160
25 30 77
25 31 87
25 32 189
25 33 213
25 34 58
25 35 47
25 36 187
25 37 65
25 38 119
25 39 187
25 40 206
25 41 152
25 42 31
25 43 149
25 44 251
25 45 222
25 46 104
25 47 256
25 48 142
25 49 254
25 50 49
25 51 70
25 52 192
25 53 30
25 54 234
25 55 163
25 56 239
25 57 83
25 58 258
25 59 149
25 60 114
25 61 153
25 62 243
25 63 66
25 64 18
25 65 14
25 66 32
25 67 151
25 68 137
25 69 32
25 70 71
25 71 75
25 72 156
25 73 56
25 74 159
25 75 67
25 76 133
25 77 266
25 78 49
25 79 94
25 80 140
25 81 236
25 82 165
25 83 152
25 84 49
25 85 135
25 86 127
25 87 262
25 88 55
25 89 153
25 90 15
26 27 156
26 28 204
26 29 190
26 30 197
26 31 242
26 32 107
26 33 181
26 34 160
26 35 142
26 36 157
26 37 130
26 38 30
26 39 198
26 40 209
26 41 80
26 42 248
26 43 111
26 44 255
26 45 182
26 46 245
26 47 0
26 48 224
26 49 187
26 50 205
26 51 157
26 52 223
26 53 97
26 54 238
26 55 167
26 56 19
26 57 71
26 58 52
26 59 248
26 60 26
26 61 199
26 62 173
26 63 63
26 64 145
26 65 231
26 66 221
26 67 128
26 68 13
26 69 20
26 70 115
26 71 269
26 72 146
26 73 92
26 74 94
26 75 261
26 76 226
26 77 169
26 78 82
26 79 122
26 80 251
26 81 161
26 82 55
26 83 119
26 84 139
26 85 36
26 86 48
26 87 42
26 88 178
26 89 22
26 90 5
27 28 26
27 29 86
27 30 10
27 31 225
27 32 17
27 33 205
27 34 111
27 35 141
27 36 214
27 37 139
27 38 171
27 39 9
27 40 16
27 41 179
27 42 21
27 43 251
27 44 223
27 45 187
27 46 220
27 47 56
27 48 134
27 49 236
27 50 27
27 51 89
27 52 118
27 53 123
27 54 64
27 55 126
27 56 229
27 57 130
27 58 238
27 59 128
27 60 154
27 61 211
27 62 81
27 63 257
27 64 91
27 65 267
27 66 78
27 67 15
27 68 167
27 69 68
27 70 218
27 71 81
27 72 205
27 73 135
27 74 224
27 75 129
27 76 132
27 77 14
27 78 223
27 79 63
27 80 103
27 81 239
27 82 52
27 83 268
27 84 90
27 85 192
27 86 214
27 87 105
27 88 257
27 89 164
27 90 204
28 29 208
28 30 104
28 31 106
28 32 111
28 33 144
28 34 103
28 35 147
28 36 223
28 37 100
28 38 110
28 39 206
28 40 127
28 41 151
28 42 175
28 43 140
28 44 12
28 45 249
28 46 247
28 47 115
28 48 54
28 49 113
28 50 234
28 51 8
28 52 240
28 53 22
28 54 184
28 55 141
28 56 206
28 57 84
28 58 33
28 59 123
28 60 190
28 61 218
28 62 220
28 63 180
28 64 54
28 65 200
28 66 57
28 67 39
28 68 191
28 69 254
28 70 188
28 71 265
28 72 67
28 73 196
28 74 10
28 75 234
28 76 110
28 77 9
28 78 116
28 79 233
28 80 40
28 81 153
28 82 223
28 83 126
28 84 155
28 85 64
28 86 250
28 87 49
28 88 61
28 89 88
28 90 55
29 30 203
29 31 221
29 32 174
29 33 36
29 34 178
29 35 261
29 36 239
29 37 187
29 38 46
29 39 47
29 40 100
29 41 32
29 42 198
29 43 171
29 44 205
29 45 123
29 46 102
29 47 233
29 48 110
29 49 238
29 50 169
29 51 206
29 52 135
29 53 269
29 54 123
29 55 82
29 56 256
29 57 194
29 58 155
29 59 165
29 60 111
29 61 21
29 62 81
29 63 189
29 64 100
29 65 265
29 66 183
29 67 100
29 68 120
29 69 57
29 70 247
29 71 21
29 72 34
29 73 86
29 74 44
29 75 107
29 76 191
29 77 73
29 78 168
29 79 208
29 80 196
29 81 226
29 82 51
29 83 38
29 84 137
29 85 232
29 86 161
29 87 131
29 88 182
29 89 53
29 90 200
30 31 70
30 32 35
30 33 66
30 34 28
30 35 196
30 36 231
30 37 137
30 38 45
30 39 268
30 40 257
30 41 85
30 42 90
30 43 248
30 44 22
30 45 30
30 46 201
30 47 134
30 48 107
30 49 171
30 50 180
30 51 92
30 52 243
30 53 151
30 54 147
30 55 55
30 56 162
30 57 95
30 58 186
30 59 226
30 60 93
30 61 15
30 62 168
30 63 182
30 64 136
30 65 268
30 66 89
30 67 85
30 68 103
30 69 210
30 70 218
30 71 55
30 72 69
30 73 186
30 74 186
30 75 191
30 76 48
30 77 2
30 78 204
30 79 189
30 80 131
30 81 149
30 82 149
30 83 39
30 84 70
30 85 11
30 86 192
30 87 144
30 88 19
30 89 162
30 90 55
31 32 212
31 33 163
31 34 146
31 35 177
31 36 39
31 37 64
31 38 8
31 39 156
31 40 31
31 41 174
31 42 109
31 43 78
31 44 125
31 45 45
31 46 249
31 47 175
31 48 4
31 49 191
31 50 213
31 51 158
31 52 146
31 53 102
31 54 153
31 55 90
31 56 50
31 57 16
31 58 203
31 59 190
31 60 230
31 61 148
31 62 220
31 63 209
31 64 71
31 65 156
31 66 152
31 67 267
31 68 28
31 69 184
31 70 34
31 71 60
31 72 211
31 73 205
31 74 246
31 75 228
31 76 36
31 77 166
31 78 241
31 79 250
31 80 245
31 81 86
31 82 98
31 83 82
31 84 251
31 85 232
31 86 81
31 87 250
31 88 242
31 89 248
31 90 135
32 33 254
32 34 245
32 35 116
32 36 40
32 37 255
32 38 268
32 39 24
32 40 131
32 41 67
32 42 102
32 43 61
32 44 163
32 45 6
32 46 11
32 47 170
32 48 256
32 49 22
32 50 47
32 51 241
32 52 67
32 53 6
32 54 31
32 55 95
32 56 63
32 57 196
32 58 192
32 59 76
32 60 96
32 61 142
32 62 204
32 63 256
32 64 2
32 65 20
32 66 62
32 67 214
32 68 258
32 69 252
32 70 224
32 71 132
32 72 260
32 73 252
32 74 11
32 75 194
32 76 169
32 77 81
32 78 83
32 79 161
32 80 142
32 81 81
32 82 208
32 83 228
32 84 141
32 85 245
32 86 207
32 87 10
32 88 7
32 89 133
32 90 174
33 34 184
33 35 94
33 36 94
33 37 52
33 38 161
33 39 123
33 40 94
33 41 190
33 42 151
33 43 204
33 44 231
33 45 260
33 46 151
33 47 210
33 48 226
33 49 267
33 50 94
33 51 63
33 52 243
33 53 220
33 54 196
33 55 179
33 56 224
33 57 110
33 58 135
33 59 265
33 60 165
33 61 49
33 62 208
33 63 34
33 64 171
33 65 144
33 66 71
33 67 266
33 68 52
33 69 137
33 70 151
33 71 208
33 72 108
33 73 98
33 74 143
33 75 116
33 76 255
33 77 68
33 78 256
33 79 95
33 80 175
33 81 146
33 82 21
33 83 152
33 84 260
33 85 37
33 86 160
33 87 37
33 88 265
33 89 239
33 90 127
34 35 115
34 36 159
34 37 249
34 38 189
34 39 23
34 40 100
34 41 223
34 42 138
34 43 33
34 44 46
34 45 118
34 46 8
34 47 119
34 48 226
34 49 255
34 50 114
34 51 84
34 52 263
34 53 28
34 54 62
34 55 267
34 56 233
34 57 45
34 58 213
34 59 61
34 60 114
34 61 269
34 62 0
34 63 67
34 64 108
34 65 212
34 66 214
34 67 252
34 68 258
34 69 99
34 70 62
34 71 8
34 72 219
34 73 54
34 74 115
34 75 226
34 76 146
34 77 264
34 78 16
34 79 257
34 80 91
34 81 200
34 82 33
34 83 197
34 84 119
34 85 111
34 86 134
34 87 112
34 88 197
34 89 211
34 90 216
35 36 117
35 37 217
35 38 12
35 39 191
35 40 8
35 41 232
35 42 159
35 43 151
35 44 213
35 45 78
35 46 27
35 47 181
35 48 181
35 49 24
35 50 178
35 51 55
35 52 82
35 53 90
35 54 119
35 55 167
35 56 58
35 57 150
35 58 234
35 59 130
35 60 59
35 61 44
35 62 30
35 63 205
35 64 107
35 65 173
35 66 233
35 67 202
35 68 152
35 69 245
35 70 107
35 71 164
35 72 22
35 73 74
35 74 121
35 75 203
35 76 244
35 77 237
35 78 72
35 79 128
35 80 223
35 81 259
35 82 214
35 83 259
35 84 229
35 85 75
35 86 22
35 87 40
35 88 117
35 89 183
35 90 100
36 37 223
36 38 204
36 39 30
36 40 264
36 41 163
36 42 264
36 43 45
36 44 23
36 45 249
36 46 206
36 47 30
36 48 25
36 49 113
36 50 189
36 51 15
36 52 217
36 53 5
36 54 229
36 55 65
36 56 121
36 57 165
36 58 164
36 59 247
36 60 57
36 61 43
36 62 56
36 63 79
36 64 177
36 65 117
36 66 96
36 67 104
36 68 262
36 69 27
36 70 265
36 71 228
36 72 63
36 73 124
36 74 45
36 75 204
36 76 72
36 77 227
36 78 26
36 79 9
36 80 29
36 81 230
36 82 61
36 83 233
36 84 192
36 85 152
36 86 124
36 87 118
36 88 31
36 89 236
36 90 48
37 38 223
37 39 120
37 40 257
37 41 195
37 42 202
37 43 126
37 44 202
37 45 88
37 46 111
37 47 143
37 48 104
37 49 191
37 50 251
37 51 252
37 52 162
37 53 219
37 54 79
37 55 126
37 56 48
37 57 62
37 58 214
37 59 134
37 60 83
37 61 142
37 62 68
37 63 249
37 64 80
37 65 253
37 66 142
37 67 112
37 68 181
37 69 213
37 70 35
37 71 0
37 72 75
37 73 246
37 74 28
37 75 97
37 76 187
37 77 166
37 78 232
37 79 264
37 80 169
37 81 203
37 82 210
37 83 103
37 84 12
37 85 107
37 86 152
37 87 258
37 88 38
37 89 175
37 90 266
38 39 201
38 40 51
38 41 214
38 42 130
38 43 183
38 44 206
38 45 204
38 46 181
38 47 44
38 48 82
38 49 7
38 50 67
38 51 228
38 52 161
38 53 227
38 54 173
38 55 34
38 56 21
38 57 18
38 58 266
38 59 248
38 60 11
38 61 150
38 62 73
38 63 5
38 64 198
38 65 238
38 66 266
38 67 186
38 68 263
38 69 90
38 70 95
38 71 259
38 72 71
38 73 145
38 74 178
38 75 207
38 76 248
38 77 6
38 78 269
38 79 14
38 80 33
38 81 130
38 82 58
38 83 171
38 84 50
38 85 155
38 86 55
38 87 112
38 88 190
38 89 106
38 90 211
39 40 97
39 41 28
39 42 102
39 43 201
39 44 87
39 45 228
39 46 211
39 47 189
39 48 24
39 49 185
39 50 212
39 51 98
39 52 269
39 53 175
39 54 106
39 55 75
39 56 44
39 57 50
39 58 42
39 59 216
39 60 7
39 61 0
39 62 61
39 63 230
39 64 266
39 65 217
39 66 9
39 67 41
39 68 14
39 69 153
39 70 153
39 71 196
39 72 30
39 73 50
39 74 31
39 75 120
39 76 57
39 77 112
39 78 125
39 79 32
39 80 203
39 81 155
39 82 149
39 83 140
39 84 56
39 85 174
39 86 30
39 87 54
39 88 122
39 89 1
39 90 79
40 41 214
40 42 30
40 43 92
40 44 263
40 45 231
40 46 217
40 47 34
40 48 101
40 49 204
40 50 190
40 51 209
40 52 85
40 53 3
40 54 179
40 55 178
40 56 84
40 57 6
40 58 236
40 59 75
40 60 33
40 61 173
40 62 106
40 63 116
40 64 99
40 65 167
40 66 268
40 67 19
40 68 220
40 69 234
40 70 200
40 71 56
40 72 134
40 73 122
40 74 70
40 75 239
40 76 70
40 77 61
40 78 54
40 79 130
40 80 174
40 81 243
40 82 125
40 83 259
40 84 239
40 85 254
40 86 259
40 87 196
40 88 59
40 89 234
40 90 27
41 42 249
41 43 109
41 44 134
41 45 142
41 46 83
41 47 236
41 48 245
41 49 179
41 50 142
41 51 169
41 52 2
41 53 57
41 54 267
41 55 190
41 56 209
41 57 204
41 58 101
41 59 1
41 60 172
41 61 1
41 62 82
41 63 19
41 64 34
41 65 248
41 66 82
41 67 197
41 68 48
41 69 210
41 70 240
41 71 123
41 72 150
41 73 182
41 74 127
41 75 130
41 76 49
41 77 169
41 78 116
41 79 33
41 80 76
41 81 137
41 82 11
41 83 210
41 84 199
41 85 217
41 86 218
41 87 67
41 88 169
41 89 268
41 90 104
42 43 223
42 44 13
42 45 226
42 46 135
42 47 184
42 48 57
42 49 11
42 50 140
42 51 81
42 52 269
42 53 112
42 54 228
42 55 92
42 56 38
42 57 74
42 58 209
42 59 44
42 60 145
42 61 187
42 62 208
42 63 105
42 64 41
42 65 162
42 66 116
42 67 195
42 68 84
42 69 108
42 70 226
42 71 63
42 72 187
42 73 117
42 74 265
42 75 167
42 76 249
42 77 124
42 78 210
42 79 209
42 80 16
42 81 124
42 82 15
42 83 140
42 84 190
42 85 196
42 86 86
42 87 125
42 88 40
42 89 87
42 90 68
43 44 231
43 45 89
43 46 61
43 47 38
43 48 154
43 49 130
43 50 182
43 51 66
43 52 58
43 53 177
43 54 230
43 55 55
43 56 221
43 57 118
43 58 129
43 59 163
43 60 107
43 61 5
43 62 198
43 63 145
43 64 101
43 65 211
43 66 171
43 67 161
43 68 79
43 69 74
43 70 223
43 71 229
43 72 215
43 73 269
43 74 32
43 75 193
43 76 216
43 77 60
43 78 24
43 79 77
43 80 51
43 81 27
43 82 184
43 83 33
43 84 207
43 85 151
43 86 124
43 87 233
43 88 182
43 89 89
43 90 8
44 45 173
44 46 44
44 47 65
44 48 131
44 49 14
44 50 186
44 51 40
44 52 58
44 53 241
44 54 57
44 55 140
44 56 28
44 57 256
44 58 200
44 59 144
44 60 130
44 61 125
44 62 99
44 63 218
44 64 8
44 65 208
44 66 172
44 67 101
44 68 76
44 69 196
44 70 72
44 71 71
44 72 49
44 73 233
44 74 204
44 75 107
44 76 71
44 77 207
44 78 216
44 79 156
44 80 210
44 81 258
44 82 94
44 83 153
44 84 136
44 85 28
44 86 200
44 87 21
44 88 105
44 89 62
44 90 68
45 46 157
45 47 211
45 48 197
45 49 259
45 50 172
45 51 126
45 52 104
45 53 157
45 54 115
45 55 222
45 56 126
45 57 12
45 58 19
45 59 269
45 60 162
45 61 2
45 62 212
45 63 27
45 64 262
45 65 59
45 66 149
45 67 189
45 68 163
45 69 84
45 70 138
45 71 170
45 72 242
45 73 90
45 74 247
45 75 122
45 76 14
45 77 34
45 78 242
45 79 157
45 80 61
45 81 111
45 82 261
45 83 178
45 84 29
45 85 123
45 86 53
45 87 225
45 88 229
45 89 153
45 90 176
46 47 112
46 48 187
46 49 182
46 50 35
46 51 115
46 52 160
46 53 47
46 54 221
46 55 78
46 56 0
46 57 199
46 58 130
46 59 74
46 60 166
46 61 72
46 62 37
46 63 13
46 64 29
46 65 2
46 66 175
46 67 151
46 68 46
46 69 95
46 70 112
46 71 172
46 72 191
46 73 102
46 74 105
46 75 10
46 76 178
46 77 255
46 78 198
46 79 145
46 80 265
46 81 210
46 82 139
46 83 234
46 84 138
46 85 10
46 86 37
46 87 52
46 88 152
46 89 1
46 90 128
47 48 29
47 49 221
47 50 124
47 51 168
47 52 220
47 53 187
47 54 201
47 55 27
47 56 157
47 57 183
47 58 53
47 59 6
47 60 217
47 61 152
47 62 254
47 63 118
47 64 155
47 65 142
47 66 170
47 67 2
47 68 98
47 69 5
47 70 236
47 71 267
47 72 21
47 73 52
47 74 257
47 75 249
47 76 242
47 77 59
47 78 167
47 79 144
47 80 45
47 81 55
47 82 159
47 83 14
47 84 11
47 85 64
47 86 37
47 87 266
47 88 191
47 89 122
47 90 19
48 49 119
48 50 255
48 51 83
48 52 231
48 53 232
48 54 75
48 55 236
48 56 158
48 57 202
48 58 205
48 59 69
48 60 257
48 61 38
48 62 7
48 63 172
48 64 94
48 65 38
48 66 258
48 67 73
48 68 160
48 69 221
48 70 131
48 71 235
48 72 113
48 73 229
48 74 158
48 75 84
48 76 44
48 77 92
48 78 100
48 79 2
48 80 247
48 81 200
48 82 77
48 83 251
48 84 155
48 85 21
48 86 191
48 87 14
48 88 163
48 89 227
48 90 195
49 50 36
49 51 249
49 52 228
49 53 96
49 54 0
49 55 214
49 56 165
49 57 254
49 58 114
49 59 18
49 60 173
49 61 153
49 62 82
49 63 137
49 64 33
49 65 203
49 66 225
49 67 236
49 68 7
49 69 221
49 70 260
49 71 137
49 72 144
49 73 127
49 74 218
49 75 62
49 76 246
49 77 158
49 78 234
49 79 48
49 80 86
49 81 226
49 82 123
49 83 257
49 84 152
49 85 116
49 86 178
49 87 232
49 88 209
49 89 171
49 90 55
50 51 56
50 52 231
50 53 125
50 54 58
50 55 191
50 56 188
50 57 269
50 58 267
50 59 173
50 60 216
50 61 150
50 62 91
50 63 251
50 64 25
50 65 188
50 66 125
50 67 18
50 68 93
50 69 153
50 70 221
50 71 78
50 72 26
50 73 55
50 74 68
50 75 39
50 76 252
50 77 10
50 78 221
50 79 245
50 80 89
50 81 113
50 82 208
50 83 199
50 84 244
50 85 238
50 86 162
50 87 18
50 88 198
50 89 130
50 90 215
51 52 52
51 53 23
51 54 180
51 55 35
51 56 14
51 57 22
51 58 263
51 59 60
51 60 90
51 61 132
51 62 177
51 63 194
51 64 13
51 65 176
51 66 20
51 67 111
51 68 89
51 69 236
51 70 187
51 71 112
51 72 144
51 73 154
51 74 51
51 75 253
51 76 211
51 77 200
51 78 39
51 79 4
51 80 221
51 81 211
51 82 226
51 83 78
51 84 197
51 85 30
51 86 151
51 87 124
51 88 73
51 89 185
51 90 106
52 53 86
52 54 63
52 55 154
52 56 147
52 57 22
52 58 186
52 59 209
52 60 243
52 61 243
52 62 10
52 63 195
52 64 153
52 65 59
52 66 173
52 67 156
52 68 263
52 69 51
52 70 105
52 71 240
52 72 263
52 73 39
52 74 163
52 75 122
52 76 86
52 77 203
52 78 139
52 79 191
52 80 268
52 81 225
52 82 113
52 83 1
52 84 145
52 85 7
52 86 159
52 87 225
52 88 175
52 89 172
52 90 61
53 54 96
53 55 268
53 56 51
53 57 5
53 58 165
53 59 109
53 60 180
53 61 92
53 62 250
53 63 225
53 64 205
53 65 154
53 66 164
53 67 241
53 68 131
53 69 236
53 70 173
53 71 92
53 72 139
53 73 233
53 74 150
53 75 215
53 76 8
53 77 219
53 78 149
53 79 174
53 80 250
53 81 8
53 82 50
53 83 247
53 84 62
53 85 78
53 86 17
53 87 63
53 88 204
53 89 39
53 90 148
54 55 26
54 56 106
54 57 44
54 58 258
54 59 263
54 60 198
54 61 3
54 62 123
54 63 64
54 64 82
54 65 239
54 66 130
54 67 0
54 68 223
54 69 96
54 70 170
54 71 244
54 72 152
54 73 234
54 74 235
54 75 35
54 76 216
54 77 266
54 78 234
54 79 112
54 80 251
54 81 173
54 82 67
54 83 259
54 84 56
54 85 144
54 86 56
54 87 262
54 88 214
54 89 224
54 90 77
55 56 96
55 57 168
55 58 174
55 59 32
55 60 114
55 61 162
55 62 84
55 63 114
55 64 256
55 65 4
55 66 211
55 67 99
55 68 253
55 69 179
55 70 213
55 71 141
55 72 231
55 73 21
55 74 64
55 75 232
55 76 99
55 77 73
55 78 196
55 79 80
55 80 183
55 81 109
55 82 184
55 83 130
55 84 210
55 85 114
55 86 119
55 87 213
55 88 230
55 89 260
55 90 103
56 57 183
56 58 177
56 59 228
56 60 59
56 61 266
56 62 131
56 63 115
56 64 116
56 65 24
56 66 62
56 67 200
56 68 129
56 69 113
56 70 188
56 71 195
56 72 33
56 73 68
56 74 208
56 75 212
56 76 45
56 77 112
56 78 71
56 79 0
56 80 78
56 81 237
56 82 106
56 83 158
56 84 211
56 85 47
56 86 122
56 87 91
56 88 62
56 89 239
56 90 258
57 58 233
57 59 73
57 60 102
57 61 231
57 62 33
57 63 110
57 64 242
57 65 8
57 66 204
57 67 111
57 68 231
57 69 119
57 70 173
57 71 169
57 72 33
57 73 234
57 74 199
57 75 73
57 76 210
57 77 151
57 78 188
57 79 66
57 80 73
57 81 209
57 82 243
57 83 225
57 84 27
57 85 137
57 86 92
57 87 11
57 88 252
57 89 227
57 90 71
58 59 172
58 60 53
58 61 195
58 62 28
58 63 82
58 64 98
58 65 94
58 66 132
58 67 242
58 68 259
58 69 268
58 70 173
58 71 200
58 72 227
58 73 29
58 74 39
58 75 27
58 76 193
58 77 171
58 78 203
58 79 163
58 80 59
58 81 217
58 82 73
58 83 262
58 84 11
58 85 12
58 86 56
58 87 117
58 88 215
58 89 185
58 90 48
59 60 161
59 61 219
59 62 252
59 63 268
59 64 155
59 65 223
59 66 236
59 67 84
59 68 156
59 69 224
59 70 238
59 71 131
59 72 110
59 73 236
59 74 187
59 75 121
59 76 239
59 77 19
59 78 257
59 79 183
59 80 73
59 81 60
59 82 93
59 83 256
59 84 201
59 85 186
59 86 114
59 87 89
59 88 69
59 89 86
59 90 192
60 61 163
60 62 69
60 63 74
60 64 5
60 65 49
60 66 237
60 67 5
60 68 223
60 69 57
60 70 18
60 71 60
60 72 111
60 73 7
60 74 177
60 75 24
60 76 18
60 77 80
60 78 137
60 79 74
60 80 212
60 81 98
60 82 69
60 83 195
60 84 85
60 85 41
60 86 226
60 87 23
60 88 261
60 89 11
60 90 136
61 62 261
61 63 188
61 64 71
61 65 189
61 66 113
61 67 194
61 68 178
61 69 75
61 70 261
61 71 126
61 72 131
61 73 109
61 74 165
61 75 142
61 76 235
61 77 66
61 78 203
61 79 201
61 80 232
61 81 76
61 82 175
61 83 126
61 84 25
61 85 111
61 86 127
61 87 134
61 88 109
61 89 94
61 90 242
62 63 172
62 64 190
62 65 186
62 66 40
62 67 14
62 68 32
62 69 133
62 70 222
62 71 112
62 72 36
62 73 136
62 74 219
62 75 158
62 76 16
62 77 7
62 78 191
62 79 178
62 80 68
62 81 113
62 82 152
62 83 145
62 84 238
62 85 121
62 86 241
62 87 169
62 88 28
62 89 44
62 90 13
63 64 168
63 65 83
63 66 252
63 67 83
63 68 225
63 69 233
63 70 55
63 71 135
63 72 257
63 73 176
63 74 36
63 75 10
63 76 50
63 77 230
63 78 144
63 79 90
63 80 42
63 81 14
63 82 134
63 83 134
63 84 268
63 85 76
63 86 172
63 87 207
63 88 112
63 89 121
63 90 172
64 65 223
64 66 77
64 67 79
64 68 230
64 69 131
64 70 242
64 71 221
64 72 173
64 73 240
64 74 76
64 75 130
64 76 67
64 77 234
64 78 219
64 79 117
64 80 182
64 81 137
64 82 89
64 83 269
64 84 179
64 85 244
64 86 217
64 87 206
64 88 35
64 89 220
64 90 235
65 66 50
65 67 209
65 68 255
65 69 138
65 70 187
65 71 165
65 72 173
65 73 74
65 74 39
65 75 104
65 76 242
65 77 23
65 78 61
65 79 1
65 80 112
65 81 221
65 82 218
65 83 102
65 84 92
65 85 26
65 86 249
65 87 236
65 88 227
65 89 222
65 90 95
66 67 167
66 68 142
66 69 107
66 70 105
66 71 44
66 72 66
66 73 148
66 74 74
66 75 239
66 76 53
66 77 99
66 78 37
66 79 86
66 80 42
66 81 25
66 82 264
66 83 11
66 84 8
66 85 99
66 86 45
66 87 102
66 88 269
66 89 247
66 90 252
67 68 248
67 69 261
67 70 174
67 71 5
67 72 108
67 73 119
67 74 174
67 75 187
67 76 10
67 77 138
67 78 145
67 79 23
67 80 207
67 81 220
67 82 219
67 83 208
67 84 14
67 85 234
67 86 92
67 87 211
67 88 164
67 89 100
67 90 52
68 69 25
68 70 232
68 71 260
68 72 95
68 73 111
68 74 169
68 75 42
68 76 13
68 77 215
68 78 200
68 79 40
68 80 39
68 81 139
68 82 202
68 83 31
68 84 90
68 85 261
68 86 259
68 87 169
68 88 39
68 89 174
68 90 136
69 70 139
69 71 69
69 72 45
69 73 169
69 74 225
69 75 60
69 76 227
69 77 220
69 78 42
69 79 0
69 80 176
69 81 229
69 82 120
69 83 230
69 84 111
69 85 132
69 86 232
69 87 268
69 88 136
69 89 7
69 90 5
70 71 5
70 72 90
70 73 232
70 74 76
70 75 245
70 76 103
70 77 133
70 78 20
70 79 258
70 80 72
70 81 75
70 82 200
70 83 196
70 84 160
70 85 101
70 86 168
70 87 232
70 88 122
70 89 105
70 90 132
71 72 71
71 73 225
71 74 115
71 75 254
71 76 94
71 77 12
71 78 265
71 79 131
71 80 115
71 81 258
71 82 106
71 83 84
71 84 113
71 85 86
71 86 83
71 87 0
71 88 56
71 89 103
71 90 106
72 73 81
72 74 211
72 75 107
72 76 183
72 77 171
72 78 256
72 79 130
72 80 24
72 81 212
72 82 257
72 83 123
72 84 232
72 85 70
72 86 62
72 87 217
72 88 202
72 89 218
72 90 144
73 74 165
73 75 101
73 76 182
73 77 43
73 78 59
73 79 77
73 80 0
73 81 159
73 82 12
73 83 78
73 84 73
73 85 250
73 86 261
73 87 263
73 88 77
73 89 255
73 90 182
74 75 206
74 76 240
74 77 192
74 78 18
74 79 219
74 80 24
74 81 102
74 82 123
74 83 1
74 84 118
74 85 46
74 86 127
74 87 87
74 88 253
74 89 147
74 90 249
75 76 216
75 77 88
75 78 17
75 79 15
75 80 98
75 81 11
75 82 11
75 83 145
75 84 20
75 85 121
75 86 62
75 87 34
75 88 203
75 89 143
75 90 85
76 77 251
76 78 245
76 79 42
76 80 205
76 81 96
76 82 125
76 83 57
76 84 139
76 85 265
76 86 68
76 87 54
76 88 146
76 89 215
76 90 171
77 78 201
77 79 250
77 80 202
77 81 68
77 82 69
77 83 67
77 84 151
77 85 27
77 86 7
77 87 122
77 88 178
77 89 175
77 90 73
78 79 255
78 80 107
78 81 234
78 82 207
78 83 149
78 84 62
78 85 246
78 86 216
78 87 240
78 88 211
78 89 25
78 90 72
79 80 40
79 81 52
79 82 128
79 83 205
79 84 136
79 85 132
79 86 41
79 87 79
79 88 116
79 89 128
79 90 126
80 81 22
80 82 59
80 83 260
80 84 110
80 85 211
80 86 55
80 87 110
80 88 121
80 89 171
80 90 199
81 82 37
81 83 10
81 84 269
81 85 249
81 86 218
81 87 214
81 88 74
81 89 23
81 90 210
82 83 153
82 84 235
82 85 86
82 86 38
82 87 40
82 88 235
82 89 18
82 90 177
83 84 54
83 85 182
83 86 11
83 87 156
83 88 237
83 89 210
83 90 242
84 85 249
84 86 67
84 87 264
84 88 179
84 89 242
84 90 102
85 86 164
85 87 67
85 88 262
85 89 243
85 90 244
86 87 57
86 88 101
86 89 28
86 90 188
87 88 71
87 89 47
87 90 223
88 89 105
88 90 260
89 90 184
