90 4005
1 2 262
1 3 102
1 4 211
1 5 77
1 6 160
1 7 183
1 8 115
1 9 217
1 10 110
1 11 216
1 12 158
1 13 151
1 14 230
1 15 175
1 16 219
1 17 56
1 18 82
1 19 12
1 20 16
1 21 250
1 22 12
1 23 76
1 24 147
1 25 157
1 26 99
1 27 44
1 28 180
1 29 112
1 30 168
1 31 78
1 32 119
1 33 219
1 34 102
1 35 156
1 36 140
1 37 46
1 38 236
1 39 186
1 40 202
1 41 54
1 42 24
1 43 101
1 44 232
1 45 22
1 46 201
1 47 193
1 48 227
1 49 230
1 50 57
1 51 64
1 52 267
1 53 211
1 54 102
1 55 106
1 56 7
1 57 123
1 58 156
1 59 24
1 60 253
1 61 183
1 62 163
1 63 134
1 64 68
1 65 160
1 66 3
1 67 240
1 68 132
1 69 15
1 70 109
1 71 7
1 72 137
1 73 174
1 74 75
1 75 62
1 76 167
1 77 89
1 78 38
1 79 41
1 80 202
1 81 252
1 82 151
1 83 73
1 84 6
1 85 75
1 86 107
1 87 225
1 88 182
1 89 17
1 90 77
2 3 8
2 4 186
2 5 221
2 6 29
2 7 260
2 8 4
2 9 262
2 10 250
2 11 78
2 12 13
2 13 38
2 14 268
2 15 18
2 16 28
2 17 250
2 18 10
2 19 194
2 20 95
2 21 157
2 22 183
2 23 177
2 24 206
2 25 161
2 26 169
2 27 232
2 28 73
2 29 265
2 30 122
2 31 252
2 32 169
2 33 131
2 34 96
2 35 20
2 36 146
2 37 43
2 38 140
2 39 202
2 40 60
2 41 83
2 42 94
2 43 57
2 44 191
2 45 86
2 46 97
2 47 33
2 48 172
2 49 109
2 50 2
2 51 97
2 52 265
2 53 41
2 54 75
2 55 91
2 56 23
2 57 0
2 58 127
2 59 183
2 60 213
2 61 174
2 62 234
2 63 53
2 64 172
2 65 131
2 66 124
2 67 113
2 68 39
2 69 85
2 70 29
2 71 243
2 72 60
2 73 178
2 74 78
2 75 44
2 76 247
2 77 128
2 78 185
2 79 31
2 80 204
2 81 83
2 82 88
2 83 256
2 84 184
2 85 53
2 86 52
2 87 220
2 88 209
2 89 164
2 90 225
3 4 245
3 5 136
3 6 235
3 7 183
3 8 97
3 9 79
3 10 226
3 11 156
3 12 162
3 13 143
3 14 120
3 15 168
3 16 255
3 17 90
3 18 85
3 19 45
3 20 98
3 21 96
3 22 166
3 23 160
3 24 168
3 25 132
3 26 170
3 27 9
3 28 65
3 29 160
3 30 193
3 31 228
3 32 100
3 33 216
3 34 84
3 35 250
3 36 241
3 37 118
3 38 114
3 39 190
3 40 249
3 41 11
3 42 28
3 43 171
3 44 47
3 45 213
3 46 37
3 47 78
3 48 146
3 49 196
3 50 242
3 51 73
3 52 230
3 53 119
3 54 204
3 55 54
3 56 191
3 57 230
3 58 246
3 59 142
3 60 1
3 61 13
3 62 84
3 63 266
3 64 267
3 65 213
3 66 227
3 67 117
3 68 201
3 69 160
3 70 82
3 71 141
3 72 80
3 73 190
3 74 183
3 75 199
3 76 102
3 77 74
3 78 231
3 79 41
3 80 87
3 81 249
3 82 257
3 83 177
3 84 235
3 85 192
3 86 238
3 87 194
3 88 203
3 89 247
3 90 24
4 5 16
4 6 57
4 7 150
4 8 161
4 9 62
4 10 182
4 11 95
4 12 67
4 13 48
4 14 74
4 15 169
4 16 252
4 17 168
4 18 107
4 19 208
4 20 9
4 21 98
4 22 260
4 23 170
4 24 17
4 25 256
4 26 30
4 27 6
4 28 122
4 29 165
4 30 52
4 31 214
4 32 104
4 33 99
4 34 76
4 35 198
4 36 24
4 37 258
4 38 253
4 39 45
4 40 132
4 41 3
4 42 139
4 43 22
4 44 208
4 45 59
4 46 20
4 47 148
4 48 237
4 49 148
4 50 263
4 51 65
4 52 126
4 53 150
4 54 47
4 55 185
4 56 105
4 57 151
4 58 193
4 59 209
4 60 37
4 61 230
4 62 208
4 63 263
4 64 143
4 65 12
4 66 259
4 67 34
4 68 45
4 69 142
4 70 51
4 71 177
4 72 55
4 73 86
4 74 257
4 75 217
4 76 268
4 77 88
4 78 128
4 79 37
4 80 215
4 81 135
4 82 34
4 83 127
4 84 203
4 85 132
4 86 168
4 87 133
4 88 56
4 89 96
4 90 227
5 6 196
5 7 28
5 8 137
5 9 51
5 10 86
5 11 202
5 12 30
5 13 176
5 14 88
5 15 52
5 16 254
5 17 213
5 18 126
5 19 193
5 20 217
5 21 119
5 22 243
5 23 253
5 24 41
5 25 263
5 26 254
5 27 52
5 28 15
5 29 189
5 30 30
5 31 243
5 32 165
5 33 210
5 34 17
5 35 243
5 36 171
5 37 23
5 38 92
5 39 205
5 40 198
5 41 231
5 42 179
5 43 6
5 44 29
5 45 178
5 46 148
5 47 88
5 48 254
5 49 195
5 50 213
5 51 237
5 52 66
5 53 91
5 54 232
5 55 54
5 56 19
5 57 226
5 58 126
5 59 21
5 60 115
5 61 169
5 62 140
5 63 29
5 64 208
5 65 82
5 66 7
5 67 61
5 68 256
5 69 88
5 70 253
5 71 16
5 72 188
5 73 99
5 74 238
5 75 262
5 76 82
5 77 95
5 78 7
5 79 216
5 80 187
5 81 32
5 82 221
5 83 232
5 84 54
5 85 15
5 86 119
5 87 173
5 88 115
5 89 33
5 90 131
6 7 219
6 8 119
6 9 197
6 10 82
6 11 177
6 12 160
6 13 225
6 14 209
6 15 108
6 16 228
6 17 21
6 18 237
6 19 196
6 20 161
6 21 42
6 22 47
6 23 9
6 24 31
6 25 250
6 26 142
6 27 253
6 28 237
6 29 151
6 30 96
6 31 128
6 32 223
6 33 68
6 34 72
6 35 91
6 36 193
6 37 54
6 38 36
6 39 180
6 40 165
6 41 73
6 42 240
6 43 154
6 44 263
6 45 171
6 46 87
6 47 24
6 48 43
6 49 106
6 50 139
6 51 78
6 52 77
6 53 197
6 54 216
6 55 65
6 56 30
6 57 241
6 58 248
6 59 110
6 60 59
6 61 9
6 62 60
6 63 91
6 64 224
6 65 165
6 66 31
6 67 22
6 68 242
6 69 254
6 70 26
6 71 42
6 72 81
6 73 43
6 74 215
6 75 134
6 76 124
6 77 215
6 78 127
6 79 61
6 80 79
6 81 34
6 82 266
6 83 22
6 84 7
6 85 36
6 86 191
6 87 236
6 88 256
6 89 208
6 90 171
7 8 43
7 9 119
7 10 241
7 11 27
7 12 230
7 13 208
7 14 203
7 15 253
7 16 222
7 17 78
7 18 103
7 19 269
7 20 40
7 21 42
7 22 230
7 23 28
7 24 14
7 25 90
7 26 219
7 27 166
7 28 255
7 29 100
7 30 230
7 31 66
7 32 85
7 33 39
7 34 261
7 35 103
7 36 261
7 37 2
7 38 253
7 39 269
7 40 262
7 41 28
7 42 12
7 43 166
7 44 261
7 45 149
7 46 259
7 47 161
7 48 75
7 49 246
7 50 251
7 51 250
7 52 126
7 53 259
7 54 228
7 55 132
7 56 51
7 57 92
7 58 217
7 59 252
7 60 191
7 61 243
7 62 122
7 63 143
7 64 186
7 65 16
7 66 140
7 67 219
7 68 142
7 69 46
7 70 200
7 71 78
7 72 74
7 73 87
7 74 213
7 75 171
7 76 237
7 77 102
7 78 154
7 79 92
7 80 73
7 81 48
7 82 77
7 83 175
7 84 182
7 85 34
7 86 111
7 87 136
7 88 137
7 89 200
7 90 21
8 9 94
8 10 140
8 11 21
8 12 192
8 13 177
8 14 192
8 15 128
8 16 212
8 17 160
8 18 209
8 19 173
8 20 174
8 21 19
8 22 87
8 23 112
8 24 200
8 25 250
8 26 1
8 27 76
8 28 42
8 29 30
8 30 266
8 31 58
8 32 238
8 33 158
8 34 123
8 35 88
8 36 95
8 37 26
8 38 25
8 39 123
8 40 267
8 41 125
8 42 19
8 43 31
8 44 116
8 45 179
8 46 152
8 47 202
8 48 70
8 49 115
8 50 179
8 51 268
8 52 1
8 53 160
8 54 144
8 55 92
8 56 177
8 57 213
8 58 22
8 59 77
8 60 125
8 61 203
8 62 156
8 63 121
8 64 214
8 65 261
8 66 146
8 67 229
8 68 11
8 69 107
8 70 223
8 71 269
8 72 90
8 73 1
8 74 243
8 75 66
8 76 201
8 77 86
8 78 250
8 79 236
8 80 267
8 81 165
8 82 25
8 83 183
8 84 117
8 85 161
8 86 222
8 87 92
8 88 265
8 89 18
8 90 84
9 10 205
9 11 121
9 12 45
9 13 138
9 14 132
9 15 19
9 16 11
9 17 179
9 18 173
9 19 46
9 20 42
9 21 35
9 22 115
9 23 265
9 24 70
9 25 265
9 26 10
9 27 169
9 28 120
9 29 188
9 30 70
9 31 130
9 32 256
9 33 106
9 34 6
9 35 97
9 36 114
9 37 198
9 38 131
9 39 260
9 40 221
9 41 90
9 42 86
9 43 146
9 44 26
9 45 182
9 46 235
9 47 260
9 48 196
9 49 254
9 50 64
9 51 20
9 52 53
9 53 122
9 54 245
9 55 201
9 56 219
9 57 157
9 58 48
9 59 122
9 60 258
9 61 198
9 62 161
9 63 207
9 64 65
9 65 62
9 66 100
9 67 219
9 68 177
9 69 178
9 70 68
9 71 26
9 72 239
9 73 255
9 74 163
9 75 22
9 76 145
9 77 162
9 78 248
9 79 184
9 80 76
9 81 109
9 82 221
9 83 148
9 84 265
9 85 173
9 86 107
9 87 242
9 88 115
9 89 146
9 90 67
10 11 39
10 12 0
10 13 89
10 14 47
10 15 114
10 16 2
10 17 202
10 18 267
10 19 207
10 20 139
10 21 46
10 22 15
10 23 200
10 24 223
10 25 175
10 26 242
10 27 206
10 28 112
10 29 208
10 30 104
10 31 240
10 32 251
10 33 73
10 34 201
10 35 193
10 36 16
10 37 145
10 38 223
10 39 177
10 40 143
10 41 61
10 42 135
10 43 2
10 44 87
10 45 14
10 46 146
10 47 254
10 48 118
10 49 141
10 50 238
10 51 114
10 52 146
10 53 162
10 54 183
10 55 176
10 56 195
10 57 257
10 58 134
10 59 72
10 60 220
10 61 225
10 62 206
10 63 80
10 64 246
10 65 211
10 66 198
10 67 210
10 68 39
10 69 128
10 70 90
10 71 186
10 72 55
10 73 40
10 74 16
10 75 249
10 76 200
10 77 269
10 78 186
10 79 217
10 80 128
10 81 236
10 82 124
10 83 178
10 84 244
10 85 203
10 86 226
10 87 135
10 88 262
10 89 11
10 90 78
11 12 253
11 13 142
11 14 119
11 15 94
11 16 71
11 17 188
11 18 154
11 19 113
11 20 89
11 21 224
11 22 61
11 23 167
11 24 49
11 25 157
11 26 217
11 27 100
11 28 124
11 29 240
11 30 64
11 31 239
11 32 211
11 33 211
11 34 5
11 35 64
11 36 238
11 37 2
11 38 73
11 39 261
11 40 19
11 41 218
11 42 85
11 43 262
11 44 229
11 45 263
11 46 149
11 47 200
11 48 156
11 49 70
11 50 34
11 51 218
11 52 203
11 53 31
11 54 42
11 55 117
11 56 5
11 57 192
11 58 76
11 59 173
11 60 91
11 61 136
11 62 197
11 63 191
11 64 195
11 65 49
11 66 154
11 67 17
11 68 205
11 69 150
11 70 34
11 71 29
11 72 120
11 73 226
11 74 149
11 75 224
11 76 102
11 77 125
11 78 200
11 79 156
11 80 170
11 81 100
11 82 112
11 83 236
11 84 231
11 85 202
11 86 57
11 87 267
11 88 46
11 89 207
11 90 156
12 13 123
12 14 189
12 15 219
12 16 145
12 17 211
12 18 214
12 19 128
12 20 246
12 21 82
12 22 202
12 23 169
12 24 121
12 25 204
12 26 220
12 27 177
12 28 2
12 29 245
12 30 81
12 31 61
12 32 136
12 33 236
12 34 137
12 35 74
12 36 21
12 37 227
12 38 231
12 39 54
12 40 93
12 41 130
12 42 53
12 43 66
12 44 76
12 45 81
12 46 8
12 47 100
12 48 195
12 49 258
12 50 115
12 51 37
12 52 120
12 53 24
12 54 188
12 55 32
12 56 233
12 57 267
12 58 235
12 59 83
12 60 3
12 61 19
12 62 217
12 63 190
12 64 6
12 65 53
12 66 57
12 67 176
12 68 267
12 69 2
12 70 23
12 71 150
12 72 261
12 73 36
12 74 98
12 75 86
12 76 216
12 77 77
12 78 8
12 79 152
12 80 106
12 81 156
12 82 104
12 83 260
12 84 79
12 85 153
12 86 145
12 87 132
12 88 245
12 89 226
12 90 144
13 14 225
13 15 186
13 16 129
13 17 223
13 18 269
13 19 176
13 20 111
13 21 160
13 22 28
13 23 19
13 24 210
13 25 176
13 26 254
13 27 83
13 28 75
13 29 232
13 30 4
13 31 123
13 32 189
13 33 254
13 34 166
13 35 155
13 36 22
13 37 154
13 38 118
13 39 131
13 40 115
13 41 182
13 42 224
13 43 267
13 44 123
13 45 20
13 46 142
13 47 210
13 48 220
13 49 19
13 50 80
13 51 241
13 52 138
13 53 245
13 54 47
13 55 40
13 56 164
13 57 20
13 58 133
13 59 157
13 60 123
13 61 252
13 62 119
13 63 98
13 64 34
13 65 260
13 66 225
13 67 2
13 68 241
13 69 236
13 70 125
13 71 192
13 72 123
13 73 31
13 74 127
13 75 122
13 76 254
13 77 199
13 78 77
13 79 135
13 80 257
13 81 118
13 82 149
13 83 164
13 84 76
13 85 146
13 86 118
13 87 84
13 88 130
13 89 266
13 90 42
14 15 70
14 16 206
14 17 214
14 18 93
14 19 92
14 20 16
14 21 169
14 22 195
14 23 174
14 24 56
14 25 167
14 26 61
14 27 173
14 28 194
14 29 33
14 30 261
14 31 171
14 32 219
14 33 207
14 34 158
14 35 9
14 36 191
14 37 64
14 38 67
14 39 61
14 40 175
14 41 2
14 42 105
14 43 0
14 44 162
14 45 204
14 46 248
14 47 88
14 48 38
14 49 116
14 50 200
14 51 171
14 52 187
14 53 51
14 54 51
14 55 221
14 56 158
14 57 214
14 58 79
14 59 152
14 60 225
14 61 98
14 62 165
14 63 100
14 64 162
14 65 124
14 66 196
14 67 203
14 68 101
14 69 252
14 70 101
14 71 95
14 72 8
14 73 68
14 74 47
14 75 213
14 76 23
14 77 185
14 78 111
14 79 217
14 80 176
14 81 13
14 82 256
14 83 162
14 84 85
14 85 188
14 86 89
14 87 217
14 88 227
14 89 67
14 90 16
15 16 247
15 17 110
15 18 120
15 19 249
15 20 65
15 21 145
15 22 265
15 23 54
15 24 214
15 25 183
15 26 159
15 27 122
15 28 56
15 29 101
15 30 102
15 31 173
15 32 240
15 33 142
15 34 235
15 35 36
15 36 23
15 37 96
15 38 248
15 39 165
15 40 158
15 41 167
15 42 214
15 43 93
15 44 153
15 45 21
15 46 26
15 47 146
15 48 127
15 49 172
15 50 91
15 51 159
15 52 266
15 53 192
15 54 11
15 55 183
15 56 213
15 57 212
15 58 51
15 59 58
15 60 13
15 61 220
15 62 105
15 63 222
15 64 92
15 65 231
15 66 158
15 67 199
15 68 14
15 69 89
15 70 127
15 71 126
15 72 191
15 73 150
15 74 36
15 75 52
15 76 235
15 77 192
15 78 260
15 79 51
15 80 199
15 81 222
15 82 199
15 83 2
15 84 255
15 85 5
15 86 92
15 87 72
15 88 266
15 89 42
15 90 88
16 17 107
16 18 231
16 19 174
16 20 93
16 21 123
16 22 192
16 23 52
16 24 159
16 25 257
16 26 247
16 27 119
16 28 12
16 29 12
16 30 80
16 31 65
16 32 29
16 33 214
16 34 117
16 35 125
16 36 230
16 37 187
16 38 42
16 39 259
16 40 69
16 41 252
16 42 217
16 43 259
16 44 36
16 45 83
16 46 1
16 47 68
16 48 76
16 49 226
16 50 158
16 51 57
16 52 157
16 53 19
16 54 127
16 55 52
16 56 221
16 57 244
16 58 41
16 59 255
16 60 220
16 61 246
16 62 50
16 63 78
16 64 236
16 65 55
16 66 228
16 67 67
16 68 4
16 69 230
16 70 48
16 71 114
16 72 30
16 73 64
16 74 234
16 75 235
16 76 182
16 77 75
16 78 198
16 79 169
16 80 117
16 81 48
16 82 173
16 83 131
16 84 238
16 85 263
16 86 90
16 87 89
16 88 246
16 89 144
16 90 158
17 18 146
17 19 263
17 20 207
17 21 162
17 22 69
17 23 255
17 24 44
17 25 203
17 26 110
17 27 199
17 28 190
17 29 8
17 30 262
17 31 189
17 32 79
17 33 260
17 34 0
17 35 181
17 36 136
17 37 112
17 38 57
17 39 155
17 40 231
17 41 154
17 42 171
17 43 253
17 44 252
17 45 111
17 46 230
17 47 240
17 48 114
17 49 98
17 50 246
17 51 157
17 52 76
17 53 265
17 54 191
17 55 244
17 56 224
17 57 114
17 58 54
17 59 115
17 60 236
17 61 158
17 62 190
17 63 226
17 64 33
17 65 2
17 66 46
17 67 18
17 68 20
17 69 164
17 70 114
17 71 71
17 72 56
17 73 69
17 74 110
17 75 40
17 76 260
17 77 150
17 78 39
17 79 148
17 80 231
17 81 62
17 82 266
17 83 242
17 84 3
17 85 107
17 86 206
17 87 34
17 88 1
17 89 40
17 90 79
18 19 78
18 20 73
18 21 247
18 22 130
18 23 40
18 24 51
18 25 217
18 26 104
18 27 203
18 28 30
18 29 22
18 30 178
18 31 226
18 32 75
18 33 29
18 34 178
18 35 12
18 36 256
18 37 228
18 38 30
18 39 52
18 40 176
18 41 226
18 42 216
18 43 214
18 44 188
18 45 108
18 46 24
18 47 55
18 48 68
18 49 113
18 50 66
18 51 115
18 52 190
18 53 44
18 54 225
18 55 82
18 56 257
18 57 80
18 58 34
18 59 8
18 60 176
18 61 30
18 62 90
18 63 182
18 64 228
18 65 164
18 66 100
18 67 174
18 68 115
18 69 149
18 70 130
18 71 55
18 72 175
18 73 95
18 74 21
18 75 259
18 76 262
18 77 184
18 78 210
18 79 62
18 80 145
18 81 236
18 82 195
18 83 147
18 84 121
18 85 26
18 86 223
18 87 124
18 88 69
18 89 165
18 90 23
19 20 127
19 21 101
19 22 177
19 23 193
19 24 254
19 25 67
19 26 199
19 27 50
19 28 34
19 29 51
19 30 267
19 31 192
19 32 269
19 33 26
19 34 229
19 35 128
19 36 224
19 37 209
19 38 19
19 39 216
19 40 29
19 41 144
19 42 68
19 43 2
19 44 194
19 45 131
19 46 89
19 47 52
19 48 64
19 49 66
19 50 143
19 51 20
19 52 176
19 53 185
19 54 177
19 55 81
19 56 193
19 57 158
19 58 238
19 59 118
19 60 231
19 61 262
19 62 104
19 63 167
19 64 184
19 65 200
19 66 127
19 67 149
19 68 254
19 69 224
19 70 4
19 71 244
19 72 98
19 73 20
19 74 46
19 75 97
19 76 65
19 77 116
19 78 209
19 79 56
19 80 246
19 81 187
19 82 154
19 83 193
19 84 256
19 85 130
19 86 14
19 87 252
19 88 233
19 89 148
19 90 213
20 21 119
20 22 215
20 23 91
20 24 31
20 25 2
20 26 239
20 27 203
20 28 237
20 29 142
20 30 2
20 31 156
20 32 226
20 33 64
20 34 194
20 35 253
20 36 43
20 37 41
20 38 180
20 39 84
20 40 135
20 41 193
20 42 164
20 43 163
20 44 197
20 45 57
20 46 213
20 47 9
20 48 166
20 49 192
20 50 11
20 51 146
20 52 185
20 53 130
20 54 76
20 55 36
20 56 247
20 57 253
20 58 180
20 59 166
20 60 103
20 61 22
20 62 130
20 63 171
20 64 206
20 65 232
20 66 22
20 67 67
20 68 210
20 69 89
20 70 250
20 71 248
20 72 126
20 73 73
20 74 135
20 75 220
20 76 178
20 77 25
20 78 247
20 79 238
20 80 6
20 81 181
20 82 139
20 83 39
20 84 73
20 85 43
20 86 104
20 87 154
20 88 176
20 89 13
20 90 172
21 22 170
21 23 120
21 24 97
21 25 262
21 26 200
21 27 68
21 28 181
21 29 13
21 30 252
21 31 210
21 32 188
21 33 92
21 34 136
21 35 138
21 36 219
21 37 196
21 38 92
21 39 176
21 40 107
21 41 231
21 42 106
21 43 67
21 44 257
21 45 181
21 46 24
21 47 110
21 48 55
21 49 15
21 50 148
21 51 22
21 52 249
21 53 205
21 54 186
21 55 17
21 56 221
21 57 31
21 58 123
21 59 39
21 60 145
21 61 238
21 62 91
21 63 224
21 64 253
21 65 199
21 66 94
21 67 231
21 68 219
21 69 262
21 70 227
21 71 241
21 72 40
21 73 17
21 74 1
21 75 228
21 76 168
21 77 84
21 78 112
21 79 145
21 80 218
21 81 173
21 82 152
21 83 137
21 84 151
21 85 36
21 86 86
21 87 5
21 88 113
21 89 111
21 90 121
22 23 240
22 24 9
22 25 134
22 26 54
22 27 213
22 28 188
22 29 25
22 30 93
22 31 259
22 32 58
22 33 223
22 34 76
22 35 31
22 36 212
22 37 212
22 38 61
22 39 36
22 40 78
22 41 156
22 42 113
22 43 142
22 44 52
22 45 26
22 46 45
22 47 205
22 48 111
22 49 259
22 50 184
22 51 145
22 52 263
22 53 200
22 54 157
22 55 266
22 56 48
22 57 234
22 58 262
22 59 44
22 60 114
22 61 198
22 62 211
22 63 239
22 64 60
22 65 128
22 66 194
22 67 155
22 68 161
22 69 223
22 70 96
22 71 98
22 72 153
22 73 87
22 74 1
22 75 176
22 76 242
22 77 102
22 78 10
22 79 201
22 80 81
22 81 36
22 82 133
22 83 266
22 84 113
22 85 97
22 86 50
22 87 4
22 88 186
22 89 202
22 90 160
23 24 168
23 25 206
23 26 126
23 27 167
23 28 92
23 29 118
23 30 206
23 31 152
23 32 65
23 33 65
23 34 137
23 35 95
23 36 200
23 37 264
23 38 114
23 39 113
23 40 73
23 41 180
23 42 188
23 43 254
23 44 62
23 45 66
23 46 12
23 47 114
23 48 220
23 49 54
23 50 30
23 51 7
23 52 16
23 53 133
23 54 45
23 55 131
23 56 118
23 57 210
23 58 226
23 59 136
23 60 193
23 61 189
23 62 132
23 63 32
23 64 79
23 65 71
23 66 82
23 67 56
23 68 258
23 69 49
23 70 97
23 71 131
23 72 146
23 73 125
23 74 223
23 75 261
23 76 93
23 77 44
23 78 172
23 79 61
23 80 160
23 81 2
23 82 131
23 83 26
23 84 103
23 85 192
23 86 175
23 87 167
23 88 94
23 89 2
23 90 2
24 25 206
24 26 56
24 27 146
24 28 137
24 29 239
24 30 209
24 31 170
24 32 90
24 33 238
24 34 143
24 35 104
24 36 208
24 37 186
24 38 75
24 39 256
24 40 89
24 41 138
24 42 261
24 43 32
24 44 148
24 45 229
24 46 134
24 47 255
24 48 181
24 49 33
24 50 75
24 51 190
24 52 264
24 53 133
24 54 104
24 55 145
24 56 53
24 57 152
24 58 7
24 59 101
24 60 231
24 61 176
24 62 121
24 63 23
24 64 131
24 65 184
24 66 108
24 67 124
24 68 168
24 69 253
24 70 175
24 71 120
24 72 221
24 73 31
24 74 262
24 75 158
24 76 7
24 77 132
24 78 227
24 79 151
24 80 168
24 81 235
24 82 50
24 83 32
24 84 77
24 85 189
24 86 260
24 87 57
24 88 193
24 89 37
24 90 91
25 26 138
25 27 144
25 28 110
25 29 14
25 30 213
25 31 53
25 32 44
25 33 130
25 34 97
25 35 8
25 36 151
25 37 185
25 38 240
25 39 42
25 40 154
25 41 27
25 42 39
25 43 121
25 44 260
25 45 200
25 46 143
25 47 153
25 48 261
25 49 186
25 50 205
25 51 116
25 52 219
25 53 258
25 54 186
25 55 48
25 56 192
25 57 11
25 58 106
25 59 65
25 60 188
25 61 152
25 62 153
25 63 63
25 64 58
25 65 137
25 66 141
25 67 4
25 68 245
25 69 93
25 70 249
25 71 93
25 72 117
25 73 264
25 74 247
25 75 58
25 76 85
25 77 177
25 78 179
25 79 3
25 80 141
25 81 112
25 82 94
25 83 213
25 84 83
25 85 258
25 86 8
25 87 89
25 88 133
25 89 149
25 90 86
26 27 83
26 28 78
26 29 96
26 30 226
26 31 138
26 32 128
26 33 229
26 34 78
26 35 161
26 36 79
26 37 68
26 38 13
26 39 61
26 40 143
26 41 222
26 42 125
26 43 235
26 44 137
26 45 107
26 46 4
26 47 104
26 48 25
26 49 50
26 50 159
26 51 66
26 52 110
26 53 169
26 54 148
26 55 123
26 56 15
26 57 34
26 58 187
26 59 117
26 60 81
26 61 118
26 62 268
26 63 170
26 64 78
26 65 109
26 66 174
26 67 90
26 68 263
26 69 220
26 70 168
26 71 43
26 72 184
26 73 260
26 74 243
26 75 2
26 76 78
26 77 260
26 78 146
26 79 71
26 80 48
26 81 18
26 82 104
26 83 139
26 84 107
26 85 74
26 86 65
26 87 165
26 88 1
26 89 65
26 90 133
27 28 222
27 29 187
27 30 230
27 31 148
27 32 267
27 33 264
27 34 187
27 35 64
27 36 155
27 37 226
27 38 64
27 39 191
27 40 82
27 41 141
27 42 111
27 43 235
27 44 254
27 45 182
27 46 66
27 47 220
27 48 184
27 49 226
27 50 105
27 51 147
27 52 40
27 53 78
27 54 11
27 55 107
27 56 99
27 57 9
27 58 62
27 59 266
27 60 56
27 61 103
27 62 254
27 63 261
27 64 122
27 65 85
27 66 87
27 67 68
27 68 128
27 69 187
27 70 43
27 71 15
27 72 171
27 73 144
27 74 79
27 75 71
27 76 110
27 77 229
27 78 2
27 79 242
27 80 102
27 81 33
27 82 157
27 83 117
27 84 235
27 85 158
27 86 247
27 87 176
27 88 31
27 89 135
27 90 83
28 29 62
28 30 30
28 31 212
28 32 51
28 33 46
28 34 78
28 35 163
28 36 259
28 37 76
28 38 246
28 39 222
28 40 103
28 41 32
28 42 97
28 43 97
28 44 214
28 45 166
28 46 93
28 47 70
28 48 31
28 49 21
28 50 59
28 51 40
28 52 94
28 53 98
28 54 254
28 55 112
28 56 164
28 57 19
28 58 184
28 59 73
28 60 238
28 61 16
28 62 124
28 63 219
28 64 36
28 65 223
28 66 33
28 67 168
28 68 180
28 69 48
28 70 69
28 71 72
28 72 50
28 73 61
28 74 211
28 75 71
28 76 127
28 77 262
28 78 101
28 79 5
28 80 105
28 81 217
28 82 7
28 83 161
28 84 28
28 85 128
28 86 73
28 87 247
28 88 221
28 89 114
28 90 86
29 30 93
29 31 150
29 32 14
29 33 35
29 34 157
29 35 211
29 36 223
29 37 139
29 38 44
29 39 178
29 40 43
29 41 180
29 42 221
29 43 42
29 44 269
29 45 58
29 46 163
29 47 12
29 48 49
29 49 212
29 50 8
29 51 108
29 52 68
29 53 55
29 54 137
29 55 28
29 56 226
29 57 106
29 58 119
29 59 124
29 60 80
29 61 26
29 62 210
29 63 42
29 64 20
29 65 238
29 66 58
29 67 165
29 68 38
29 69 29
29 70 137
29 71 169
29 72 130
29 73 113
29 74 36
29 75 73
29 76 262
29 77 211
29 78 77
29 79 67
29 80 182
29 81 128
29 82 22
29 83 108
29 84 56
29 85 96
29 86 83
29 87 236
29 88 116
29 89 82
29 90 62
30 31 44
30 32 117
30 33 9
30 34 181
30 35 204
30 36 138
30 37 193
30 38 103
30 39 128
30 40 216
30 41 207
30 42 94
30 43 195
30 44 254
30 45 22
30 46 164
30 47 8
30 48 157
30 49 262
30 50 175
30 51 21
30 52 257
30 53 49
30 54 173
30 55 151
30 56 157
30 57 94
30 58 182
30 59 259
30 60 52
30 61 41
30 62 41
30 63 48
30 64 181
30 65 230
30 66 243
30 67 196
30 68 267
30 69 115
30 70 33
30 71 94
30 72 3
30 73 77
30 74 118
30 75 243
30 76 135
30 77 254
30 78 25
30 79 120
30 80 248
30 81 182
30 82 86
30 83 229
30 84 217
30 85 76
30 86 170
30 87 240
30 88 106
30 89 2
30 90 40
31 32 6
31 33 145
31 34 7
31 35 1
31 36 38
31 37 190
31 38 167
31 39 146
31 40 126
31 41 38
31 42 111
31 43 73
31 44 207
31 45 262
31 46 174
31 47 269
31 48 61
31 49 235
31 50 246
31 51 15
31 52 131
31 53 160
31 54 213
31 55 67
31 56 193
31 57 243
31 58 202
31 59 125
31 60 246
31 61 227
31 62 261
31 63 187
31 64 197
31 65 36
31 66 243
31 67 218
31 68 210
31 69 208
31 70 233
31 71 152
31 72 167
31 73 39
31 74 73
31 75 205
31 76 108
31 77 38
31 78 178
31 79 26
31 80 244
31 81 48
31 82 2
31 83 96
31 84 94
31 85 172
31 86 211
31 87 174
31 88 99
31 89 61
31 90 248
32 33 250
32 34 105
32 35 178
32 36 6
32 37 52
32 38 101
32 39 155
32 40 256
32 41 118
32 42 239
32 43 130
32 44 45
32 45 44
32 46 267
32 47 96
32 48 136
32 49 134
32 50 125
32 51 206
32 52 112
32 53 149
32 54 132
32 55 253
32 56 154
32 57 138
32 58 163
32 59 178
32 60 52
32 61 267
32 62 47
32 63 40
32 64 189
32 65 137
32 66 37
32 67 126
32 68 67
32 69 117
32 70 125
32 71 246
32 72 77
32 73 245
32 74 155
32 75 0
32 76 180
32 77 265
32 78 43
32 79 176
32 80 35
32 81 192
32 82 145
32 83 269
32 84 66
32 85 14
32 86 60
32 87 203
32 88 255
32 89 91
32 90 16
33 34 85
33 35 238
33 36 111
33 37 91
33 38 148
33 39 143
33 40 9
33 41 252
33 42 168
33 43 243
33 44 267
33 45 92
33 46 180
33 47 118
33 48 249
33 49 94
33 50 104
33 51 10
33 52 239
33 53 159
33 54 37
33 55 33
33 56 195
33 57 175
33 58 232
33 59 122
33 60 24
33 61 48
33 62 123
33 63 174
33 64 218
33 65 189
33 66 140
33 67 231
33 68 227
33 69 9
33 70 200
33 71 80
33 72 37
33 73 236
33 74 42
33 75 68
33 76 192
33 77 38
33 78 130
33 79 104
33 80 239
33 81 32
33 82 35
33 83 181
33 84 13
33 85 255
33 86 167
33 87 241
33 88 209
33 89 152
33 90 7
34 35 196
34 36 149
34 37 263
34 38 78
34 39 203
34 40 101
34 41 2
34 42 251
34 43 258
34 44 170
34 45 250
34 46 12
34 47 196
34 48 33
34 49 78
34 50 81
34 51 251
34 52 44
34 53 56
34 54 87
34 55 156
34 56 166
34 57 257
34 58 225
34 59 156
34 60 150
34 61 40
34 62 76
34 63 25
34 64 137
34 65 100
34 66 207
34 67 165
34 68 157
34 69 15
34 70 130
34 71 65
34 72 166
34 73 21
34 74 209
34 75 93
34 76 192
34 77 6
34 78 13
34 79 100
34 80 220
34 81 42
34 82 243
34 83 45
34 84 234
34 85 260
34 86 3
34 87 259
34 88 28
34 89 110
34 90 267
35 36 4
35 37 209
35 38 231
35 39 252
35 40 244
35 41 114
35 42 114
35 43 135
35 44 155
35 45 71
35 46 76
35 47 146
35 48 74
35 49 95
35 50 58
35 51 257
35 52 201
35 53 205
35 54 230
35 55 28
35 56 39
35 57 38
35 58 112
35 59 123
35 60 233
35 61 226
35 62 62
35 63 259
35 64 1
35 65 79
35 66 245
35 67 10
35 68 125
35 69 32
35 70 8
35 71 147
35 72 220
35 73 256
35 74 249
35 75 142
35 76 15
35 77 189
35 78 53
35 79 106
35 80 266
35 81 88
35 82 52
35 83 149
35 84 86
35 85 39
35 86 142
35 87 267
35 88 182
35 89 15
35 90 20
36 37 106
36 38 127
36 39 95
36 40 101
36 41 58
36 42 268
36 43 129
36 44 233
36 45 145
36 46 231
36 47 132
36 48 106
36 49 48
36 50 87
36 51 232
36 52 95
36 53 187
36 54 123
36 55 139
36 56 264
36 57 87
36 58 207
36 59 50
36 60 112
36 61 190
36 62 256
36 63 221
36 64 269
36 65 138
36 66 27
36 67 170
36 68 110
36 69 142
36 70 19
36 71 117
36 72 138
36 73 142
36 74 3
36 75 92
36 76 214
36 77 211
36 78 84
36 79 10
36 80 249
36 81 252
36 82 41
36 83 150
36 84 115
36 85 207
36 86 124
36 87 177
36 88 9
36 89 110
36 90 153
37 38 75
37 39 49
37 40 90
37 41 107
37 42 260
37 43 62
37 44 263
37 45 53
37 46 265
37 47 198
37 48 52
37 49 122
37 50 32
37 51 186
37 52 174
37 53 42
37 54 129
37 55 208
37 56 223
37 57 2
37 58 199
37 59 83
37 60 33
37 61 111
37 62 216
37 63 9
37 64 36
37 65 208
37 66 135
37 67 169
37 68 93
37 69 63
37 70 132
37 71 156
37 72 166
37 73 221
37 74 183
37 75 16
37 76 269
37 77 151
37 78 195
37 79 43
37 80 182
37 81 267
37 82 109
37 83 222
37 84 225
37 85 210
37 86 145
37 87 116
37 88 88
37 89 25
37 90 189
38 39 225
38 40 111
38 41 111
38 42 25
38 43 56
38 44 223
38 45 212
38 46 158
38 47 57
38 48 170
38 49 184
38 50 135
38 51 155
38 52 245
38 53 246
38 54 118
38 55 76
38 56 68
38 57 128
38 58 264
38 59 130
38 60 65
38 61 179
38 62 166
38 63 123
38 64 152
38 65 163
38 66 19
38 67 181
38 68 215
38 69 200
38 70 102
38 71 182
38 72 237
38 73 51
38 74 111
38 75 219
38 76 100
38 77 58
38 78 261
38 79 29
38 80 43
38 81 230
38 82 69
38 83 166
38 84 259
38 85 41
38 86 42
38 87 258
38 88 32
38 89 78
38 90 229
39 40 260
39 41 55
39 42 30
39 43 215
39 44 194
39 45 229
39 46 160
39 47 225
39 48 90
39 49 173
39 50 253
39 51 130
39 52 108
39 53 52
39 54 244
39 55 195
39 56 101
39 57 119
39 58 111
39 59 95
39 60 260
39 61 233
39 62 4
39 63 235
39 64 104
39 65 140
39 66 269
39 67 101
39 68 196
39 69 152
39 70 258
39 71 93
39 72 62
39 73 166
39 74 107
39 75 202
39 76 19
39 77 205
39 78 126
39 79 65
39 80 245
39 81 128
39 82 194
39 83 194
39 84 175
39 85 83
39 86 229
39 87 217
39 88 103
39 89 176
39 90 249
40 41 147
40 42 36
40 43 62
40 44 192
40 45 212
40 46 209
40 47 217
40 48 122
40 49 147
40 50 145
40 51 90
40 52 186
40 53 11
40 54 67
40 55 131
40 56 269
40 57 23
40 58 133
40 59 224
40 60 248
40 61 108
40 62 244
40 63 194
40 64 119
40 65 161
40 66 222
40 67 33
40 68 135
40 69 101
40 70 25
40 71 83
40 72 62
40 73 127
40 74 192
40 75 175
40 76 133
40 77 103
40 78 1
40 79 94
40 80 141
40 81 127
40 82 17
40 83 174
40 84 25
40 85 85
40 86 113
40 87 151
40 88 45
40 89 75
40 90 16
41 42 139
41 43 14
41 44 148
41 45 247
41 46 147
41 47 46
41 48 201
41 49 223
41 50 181
41 51 167
41 52 71
41 53 155
41 54 36
41 55 90
41 56 227
41 57 253
41 58 19
41 59 219
41 60 45
41 61 251
41 62 142
41 63 150
41 64 198
41 65 188
41 66 171
41 67 13
41 68 202
41 69 25
41 70 218
41 71 182
41 72 106
41 73 203
41 74 44
41 75 7
41 76 229
41 77 127
41 78 194
41 79 188
41 80 176
41 81 233
41 82 159
41 83 180
41 84 132
41 85 0
41 86 80
41 87 62
41 88 0
41 89 91
41 90 38
42 43 29
42 44 212
42 45 247
42 46 207
42 47 40
42 48 13
42 49 118
42 50 93
42 51 22
42 52 38
42 53 156
42 54 249
42 55 141
42 56 42
42 57 118
42 58 158
42 59 42
42 60 203
42 61 268
42 62 197
42 63 248
42 64 244
42 65 221
42 66 105
42 67 197
42 68 92
42 69 47
42 70 252
42 71 79
42 72 178
42 73 168
42 74 120
42 75 73
42 76 30
42 77 215
42 78 136
42 79 61
42 80 42
42 81 117
42 82 214
42 83 119
42 84 173
42 85 2
42 86 27
42 87 202
42 88 97
42 89 110
42 90 173
43 44 202
43 45 257
43 46 20
43 47 269
43 48 134
43 49 22
43 50 70
43 51 201
43 52 52
43 53 116
43 54 45
43 55 46
43 56 163
43 57 10
43 58 41
43 59 4
43 60 197
43 61 32
43 62 94
43 63 177
43 64 146
43 65 226
43 66 141
43 67 4
43 68 244
43 69 159
43 70 248
43 71 22
43 72 109
43 73 40
43 74 117
43 75 13
43 76 82
43 77 203
43 78 187
43 79 183
43 80 158
43 81 28
43 82 44
43 83 216
43 84 96
43 85 142
43 86 144
43 87 250
43 88 117
43 89 165
43 90 260
44 45 163
44 46 243
44 47 200
44 48 232
44 49 140
44 50 61
44 51 104
44 52 170
44 53 123
44 54 179
44 55 162
44 56 223
44 57 13
44 58 219
44 59 122
44 60 71
44 61 183
44 62 109
44 63 237
44 64 232
44 65 86
44 66 15
44 67 214
44 68 184
44 69 20
44 70 202
44 71 197
44 72 255
44 73 229
44 74 69
44 75 75
44 76 44
44 77 105
44 78 172
44 79 75
44 80 198
44 81 139
44 82 167
44 83 141
44 84 240
44 85 227
44 86 67
44 87 113
44 88 246
44 89 210
44 90 40
45 46 157
45 47 218
45 48 104
45 49 172
45 50 124
45 51 189
45 52 81
45 53 181
45 54 111
45 55 221
45 56 254
45 57 127
45 58 206
45 59 138
45 60 250
45 61 221
45 62 145
45 63 249
45 64 71
45 65 116
45 66 171
45 67 202
45 68 15
45 69 17
45 70 233
45 71 123
45 72 140
45 73 224
45 74 227
45 75 197
45 76 80
45 77 137
45 78 61
45 79 245
45 80 182
45 81 90
45 82 263
45 83 211
45 84 6
45 85 177
45 86 23
45 87 216
45 88 169
45 89 18
45 90 169
46 47 201
46 48 72
46 49 79
46 50 108
46 51 108
46 52 155
46 53 182
46 54 87
46 55 183
46 56 36
46 57 1
46 58 123
46 59 234
46 60 122
46 61 113
46 62 176
46 63 268
46 64 69
46 65 235
46 66 238
46 67 228
46 68 198
46 69 9
46 70 119
46 71 158
46 72 36
46 73 208
46 74 77
46 75 218
46 76 164
46 77 154
46 78 242
46 79 21
46 80 49
46 81 35
46 82 250
46 83 79
46 84 142
46 85 192
46 86 105
46 87 38
46 88 145
46 89 228
46 90 175
47 48 190
47 49 100
47 50 255
47 51 133
47 52 198
47 53 33
47 54 162
47 55 23
47 56 23
47 57 80
47 58 257
47 59 100
47 60 105
47 61 137
47 62 45
47 63 161
47 64 59
47 65 158
47 66 167
47 67 209
47 68 220
47 69 92
47 70 204
47 71 80
47 72 67
47 73 44
47 74 107
47 75 155
47 76 194
47 77 141
47 78 69
47 79 157
47 80 29
47 81 230
47 82 29
47 83 111
47 84 154
47 85 212
47 86 124
47 87 247
47 88 30
47 89 55
47 90 90
48 49 50
48 50 223
48 51 8
48 52 124
48 53 268
48 54 214
48 55 186
48 56 19
48 57 164
48 58 167
48 59 247
48 60 109
48 61 255
48 62 128
48 63 236
48 64 152
48 65 179
48 66 138
48 67 93
48 68 142
48 69 186
48 70 216
48 71 32
48 72 105
48 73 58
48 74 239
48 75 32
48 76 50
48 77 115
48 78 236
48 79 217
48 80 27
48 81 186
48 82 132
48 83 157
48 84 203
48 85 6
48 86 97
48 87 78
48 88 148
48 89 8
48 90 208
49 50 182
49 51 224
49 52 139
49 53 109
49 54 192
49 55 248
49 56 268
49 57 108
49 58 229
49 59 24
49 60 197
49 61 41
49 62 229
49 63 165
49 64 100
49 65 251
49 66 130
49 67 100
49 68 179
49 69 268
49 70 56
49 71 227
49 72 190
49 73 171
49 74 30
49 75 211
49 76 100
49 77 189
49 78 157
49 79 117
49 80 204
49 81 200
49 82 54
49 83 168
49 84 76
49 85 246
49 86 38
49 87 16
49 88 81
49 89 198
49 90 133
50 51 207
50 52 104
50 53 136
50 54 39
50 55 140
50 56 226
50 57 192
50 58 269
50 59 65
50 60 196
50 61 194
50 62 138
50 63 35
50 64 129
50 65 125
50 66 121
50 67 68
50 68 182
50 69 55
50 70 257
50 71 213
50 72 159
50 73 28
50 74 134
50 75 235
50 76 197
50 77 14
50 78 120
50 79 113
50 80 4
50 81 34
50 82 143
50 83 39
50 84 175
50 85 3
50 86 18
50 87 128
50 88 122
50 89 182
50 90 254
51 52 24
51 53 158
51 54 39
51 55 238
51 56 222
51 57 97
51 58 34
51 59 53
51 60 60
51 61 83
51 62 14
51 63 207
51 64 95
51 65 239
51 66 15
51 67 5
51 68 12
51 69 262
51 70 225
51 71 124
51 72 226
51 73 254
51 74 10
51 75 11
51 76 194
51 77 189
51 78 45
51 79 257
51 80 122
51 81 57
51 82 169
51 83 75
51 84 166
51 85 68
51 86 6
51 87 9
51 88 239
51 89 153
51 90 91
52 53 224
52 54 201
52 55 110
52 56 118
52 57 106
52 58 78
52 59 108
52 60 62
52 61 183
52 62 3
52 63 23
52 64 124
52 65 268
52 66 131
52 67 40
52 68 1
52 69 135
52 70 193
52 71 199
52 72 267
52 73 252
52 74 140
52 75 221
52 76 103
52 77 195
52 78 219
52 79 143
52 80 138
52 81 84
52 82 186
52 83 3
52 84 181
52 85 165
52 86 120
52 87 19
52 88 127
52 89 135
52 90 150
53 54 268
53 55 66
53 56 81
53 57 113
53 58 69
53 59 241
53 60 253
53 61 166
53 62 16
53 63 24
53 64 231
53 65 210
53 66 167
53 67 66
53 68 95
53 69 254
53 70 58
53 71 234
53 72 7
53 73 169
53 74 230
53 75 268
53 76 205
53 77 156
53 78 23
53 79 131
53 80 210
53 81 20
53 82 49
53 83 77
53 84 266
53 85 26
53 86 210
53 87 140
53 88 183
53 89 12
53 90 220
54 55 240
54 56 113
54 57 49
54 58 225
54 59 60
54 60 238
54 61 101
54 62 236
54 63 131
54 64 11
54 65 124
54 66 251
54 67 145
54 68 128
54 69 155
54 70 105
54 71 187
54 72 82
54 73 148
54 74 255
54 75 137
54 76 239
54 77 198
54 78 36
54 79 218
54 80 82
54 81 70
54 82 94
54 83 25
54 84 252
54 85 208
54 86 46
54 87 66
54 88 115
54 89 217
54 90 80
55 56 6
55 57 27
55 58 116
55 59 234
55 60 61
55 61 142
55 62 74
55 63 229
55 64 205
55 65 168
55 66 249
55 67 168
55 68 71
55 69 79
55 70 168
55 71 129
55 72 15
55 73 184
55 74 203
55 75 240
55 76 40
55 77 164
55 78 154
55 79 268
55 80 215
55 81 241
55 82 118
55 83 258
55 84 8
55 85 45
55 86 189
55 87 171
55 88 106
55 89 123
55 90 74
56 57 27
56 58 212
56 59 181
56 60 209
56 61 72
56 62 53
56 63 64
56 64 195
56 65 249
56 66 123
56 67 92
56 68 214
56 69 151
56 70 266
56 71 34
56 72 59
56 73 222
56 74 210
56 75 48
56 76 12
56 77 175
56 78 120
56 79 230
56 80 219
56 81 185
56 82 102
56 83 109
56 84 127
56 85 206
56 86 27
56 87 212
56 88 235
56 89 259
56 90 97
57 58 30
57 59 108
57 60 93
57 61 147
57 62 197
57 63 147
57 64 96
57 65 132
57 66 9
57 67 30
57 68 215
57 69 39
57 70 124
57 71 137
57 72 10
57 73 167
57 74 18
57 75 17
57 76 240
57 77 222
57 78 1
57 79 117
57 80 25
57 81 42
57 82 68
57 83 190
57 84 21
57 85 212
57 86 203
57 87 183
57 88 111
57 89 145
57 90 52
58 59 46
58 60 215
58 61 64
58 62 146
58 63 197
58 64 246
58 65 129
58 66 188
58 67 196
58 68 226
58 69 72
58 70 187
58 71 79
58 72 190
58 73 165
58 74 250
58 75 260
58 76 264
58 77 71
58 78 96
58 79 92
58 80 249
58 81 123
58 82 140
58 83 115
58 84 145
58 85 47
58 86 117
58 87 40
58 88 173
58 89 238
58 90 151
59 60 74
59 61 130
59 62 71
59 63 223
59 64 65
59 65 259
59 66 235
59 67 207
59 68 148
59 69 24
59 70 19
59 71 103
59 72 1
59 73 53
59 74 199
59 75 42
59 76 88
59 77 68
59 78 36
59 79 248
59 80 112
59 81 54
59 82 116
59 83 36
59 84 133
59 85 84
59 86 248
59 87 28
59 88 147
59 89 85
59 90 65
60 61 72
60 62 261
60 63 180
60 64 171
60 65 52
60 66 145
60 67 108
60 68 63
60 69 251
60 70 56
60 71 268
60 72 171
60 73 230
60 74 7
60 75 222
60 76 40
60 77 54
60 78 14
60 79 4
60 80 77
60 81 61
60 82 224
60 83 12
60 84 199
60 85 211
60 86 104
60 87 56
60 88 191
60 89 161
60 90 30
61 62 25
61 63 90
61 64 241
61 65 121
61 66 60
61 67 26
61 68 46
61 69 5
61 70 242
61 71 26
61 72 7
61 73 11
61 74 105
61 75 188
61 76 119
61 77 135
61 78 138
61 79 82
61 80 141
61 81 259
61 82 86
61 83 122
61 84 14
61 85 234
61 86 134
61 87 225
61 88 157
61 89 32
61 90 162
62 63 245
62 64 250
62 65 24
62 66 178
62 67 86
62 68 260
62 69 14
62 70 8
62 71 33
62 72 44
62 73 28
62 74 198
62 75 263
62 76 13
62 77 126
62 78 123
62 79 34
62 80 37
62 81 179
62 82 240
62 83 258
62 84 211
62 85 17
62 86 179
62 87 91
62 88 152
62 89 148
62 90 0
63 64 148
63 65 150
63 66 196
63 67 269
63 68 263
63 69 108
63 70 91
63 71 188
63 72 96
63 73 110
63 74 124
63 75 23
63 76 38
63 77 127
63 78 128
63 79 147
63 80 106
63 81 119
63 82 214
63 83 218
63 84 265
63 85 138
63 86 252
63 87 178
63 88 228
63 89 121
63 90 95
64 65 234
64 66 202
64 67 247
64 68 68
64 69 199
64 70 235
64 71 14
64 72 9
64 73 41
64 74 38
64 75 183
64 76 81
64 77 236
64 78 109
64 79 253
64 80 101
64 81 222
64 82 175
64 83 239
64 84 148
64 85 170
64 86 212
64 87 231
64 88 13
64 89 157
64 90 250
65 66 24
65 67 115
65 68 203
65 69 234
65 70 201
65 71 54
65 72 99
65 73 175
65 74 39
65 75 134
65 76 126
65 77 81
65 78 102
65 79 12
65 80 82
65 81 168
65 82 39
65 83 229
65 84 235
65 85 206
65 86 88
65 87 130
65 88 190
65 89 147
65 90 126
66 67 231
66 68 23
66 69 84
66 70 239
66 71 98
66 72 133
66 73 141
66 74 221
66 75 207
66 76 88
66 77 74
66 78 62
66 79 200
66 80 17
66 81 96
66 82 29
66 83 134
66 84 115
66 85 231
66 86 118
66 87 238
66 88 231
66 89 181
66 90 192
67 68 229
67 69 194
67 70 46
67 71 174
67 72 14
67 73 129
67 74 230
67 75 162
67 76 146
67 77 95
67 78 263
67 79 132
67 80 194
67 81 102
67 82 145
67 83 61
67 84 152
67 85 88
67 86 55
67 87 151
67 88 167
67 89 60
67 90 110
68 69 269
68 70 154
68 71 154
68 72 241
68 73 10
68 74 3
68 75 192
68 76 187
68 77 23
68 78 160
68 79 196
68 80 62
68 81 257
68 82 205
68 83 176
68 84 65
68 85 115
68 86 18
68 87 250
68 88 77
68 89 34
68 90 99
69 70 258
69 71 174
69 72 172
69 73 240
69 74 213
69 75 54
69 76 14
69 77 16
69 78 32
69 79 117
69 80 232
69 81 254
69 82 163
69 83 104
69 84 161
69 85 243
69 86 72
69 87 166
69 88 129
69 89 90
69 90 131
70 71 239
70 72 106
70 73 179
70 74 233
70 75 217
70 76 63
70 77 129
70 78 61
70 79 1
70 80 42
70 81 25
70 82 119
70 83 243
70 84 7
70 85 158
70 86 203
70 87 141
70 88 19
70 89 102
70 90 144
71 72 123
71 73 88
71 74 82
71 75 204
71 76 90
71 77 5
71 78 207
71 79 104
71 80 92
71 81 48
71 82 34
71 83 231
71 84 160
71 85 1
71 86 13
71 87 203
71 88 134
71 89 233
71 90 33
72 73 102
72 74 160
72 75 221
72 76 185
72 77 11
72 78 53
72 79 82
72 80 40
72 81 266
72 82 108
72 83 221
72 84 139
72 85 158
72 86 131
72 87 103
72 88 115
72 89 130
72 90 33
73 74 44
73 75 244
73 76 20
73 77 196
73 78 252
73 79 142
73 80 118
73 81 12
73 82 106
73 83 216
73 84 121
73 85 202
73 86 135
73 87 17
73 88 137
73 89 144
73 90 234
74 75 150
74 76 148
74 77 215
74 78 82
74 79 142
74 80 115
74 81 45
74 82 154
74 83 138
74 84 183
74 85 78
74 86 66
74 87 214
74 88 110
74 89 248
74 90 8
75 76 185
75 77 39
75 78 47
75 79 44
75 80 262
75 81 88
75 82 52
75 83 24
75 84 84
75 85 192
75 86 252
75 87 138
75 88 154
75 89 178
75 90 116
76 77 144
76 78 221
76 79 265
76 80 72
76 81 207
76 82 168
76 83 14
76 84 169
76 85 206
76 86 164
76 87 157
76 88 32
76 89 88
76 90 41
77 78 210
77 79 254
77 80 9
77 81 256
77 82 248
77 83 146
77 84 37
77 85 226
77 86 197
77 87 239
77 88 40
77 89 202
77 90 46
78 79 229
78 80 177
78 81 212
78 82 188
78 83 142
78 84 51
78 85 52
78 86 47
78 87 51
78 88 14
78 89 91
78 90 35
79 80 48
79 81 114
79 82 115
79 83 96
79 84 264
79 85 2
79 86 24
79 87 74
79 88 128
79 89 35
79 90 34
80 81 255
80 82 198
80 83 167
80 84 183
80 85 134
80 86 189
80 87 134
80 88 5
80 89 28
80 90 40
81 82 119
81 83 123
81 84 183
81 85 252
81 86 115
81 87 203
81 88 108
81 89 0
81 90 74
82 83 13
82 84 218
82 85 107
82 86 159
82 87 72
82 88 150
82 89 155
82 90 158
83 84 124
83 85 22
83 86 122
83 87 70
83 88 110
83 89 231
83 90 119
84 85 229
84 86 54
84 87 44
84 88 207
84 89 101
84 90 187
85 86 51
85 87 129
85 88 204
85 89 158
85 90 102
86 87 91
86 88 254
86 89 11
86 90 66
87 88 255
87 89 253
87 90 181
88 89 128
88 90 97
89 90 196
